gene_id	DMSO_Rep1	DMSO_Rep2	DMSO_Rep3	DrugA_Rep1	DrugA_Rep2	DrugA_Rep3	DrugB_Rep1	DrugB_Rep2	DrugB_Rep3	DrugC_Rep1	DrugC_Rep2	DrugC_Rep3
ENSG00000000003	6	7	4	4	1	4	7	4	5	5	1	6
ENSG00000000419	1105	1872	1259	1110	1089	933	1003	961	838	981	946	963
ENSG00000000457	767	1307	963	793	904	878	767	841	714	848	789	728
ENSG00000000460	1349	1792	1262	1315	1319	1103	1125	1165	969	1147	1095	1055
ENSG00000000938	277	601	414	315	349	388	578	619	486	658	579	410
ENSG00000000971	38	71	59	454	506	436	45	49	44	50	37	47
ENSG00000001036	2530	3741	2868	2408	2469	2245	2244	2149	1787	2538	2113	2087
ENSG00000001084	537	866	596	697	741	651	586	503	483	611	643	542
ENSG00000001167	4302	6488	4412	4803	4833	4231	3971	3639	3349	4025	3531	3845
ENSG00000001460	110	153	122	82	80	70	92	119	114	135	114	101
ENSG00000001461	1051	1811	1289	952	1072	990	1156	1335	1119	1334	1308	1076
ENSG00000001497	2811	4152	3161	2769	2908	2450	2486	2321	2081	2360	2131	2296
ENSG00000001617	129	260	207	138	113	125	159	124	102	166	161	98
ENSG00000001629	1730	2747	2047	1851	2087	1797	1981	1901	1656	2178	1879	1651
ENSG00000001630	18627	34208	23852	11979	12703	12395	13865	15425	11697	16646	16850	14976
ENSG00000001631	1224	2211	1352	1440	1430	1280	1762	1762	1576	1930	1618	1487
ENSG00000002016	561	966	659	712	765	670	852	760	716	910	790	760
ENSG00000002330	302	575	526	343	422	369	352	344	315	392	324	277
ENSG00000002549	2272	3571	2642	3423	3710	3186	2203	1845	1844	2143	2092	1840
ENSG00000002586	2173	3849	3395	2905	3202	3069	2561	2476	2109	2597	2720	2229
ENSG00000002587	11	5	5	6	4	12	6	12	19	20	10	3
ENSG00000002726	29	29	20	36	34	39	40	49	64	55	31	42
ENSG00000002746	36	68	39	33	44	43	63	63	55	57	48	56
ENSG00000002822	1552	2617	2249	1786	1791	1587	1533	1457	1317	1799	1525	1456
ENSG00000002834	8892	15209	11138	10541	11374	10700	9549	9729	7901	10827	9409	8360
ENSG00000002919	1411	2507	1951	1552	1592	1480	1383	1406	1216	1589	1481	1290
ENSG00000002933	18	39	32	39	46	33	33	51	46	61	48	41
ENSG00000003056	9763	15259	10597	9947	10595	9168	9545	9252	8143	10072	9049	8929
ENSG00000003096	251	364	250	177	198	158	196	173	137	172	161	201
ENSG00000003147	93	109	101	74	58	50	80	92	60	99	84	90
ENSG00000003249	175	301	211	123	107	137	196	172	127	177	192	137
ENSG00000003393	1238	1886	1445	965	1008	893	1120	1301	1028	1308	1220	1117
ENSG00000003400	1032	1962	1348	1245	1250	1252	1081	1230	1028	1230	1130	995
ENSG00000003402	8029	13105	7796	9958	10202	9021	8961	10013	8461	10379	8560	8276
ENSG00000003436	647	1149	599	1095	1067	888	910	1041	796	1158	828	893
ENSG00000003509	559	872	630	629	645	576	561	506	487	558	524	537
ENSG00000003756	4969	8373	6019	6331	6530	5874	5683	6098	5308	6671	5736	5548
ENSG00000003987	17	13	14	14	29	8	14	13	11	16	7	10
ENSG00000004059	1300	1847	1705	1459	1537	1433	1214	1247	1144	1295	1253	1175
ENSG00000004139	108	201	114	134	155	137	116	103	105	153	135	129
ENSG00000004142	3635	5403	4275	3841	4234	3505	3341	2908	2784	3201	2990	2982
ENSG00000004399	11528	19389	13576	10774	11272	10527	12501	12213	10819	14411	11683	11610
ENSG00000004455	21534	35104	24734	18119	19317	17301	20868	20733	17147	23043	20795	19576
ENSG00000004468	78	133	104	142	222	164	273	210	201	208	236	155
ENSG00000004478	9205	12882	10274	6724	7521	6058	6160	5411	5040	6035	5694	5928
ENSG00000004487	4800	7178	5278	4644	4884	4162	4125	3917	3546	4324	4108	3841
ENSG00000004534	2903	4608	3396	3569	3827	3278	2597	2447	2211	2720	2424	2451
ENSG00000004660	610	1137	847	556	564	495	722	784	631	814	730	642
ENSG00000004700	3478	5577	4053	5150	5670	4931	3603	3422	3176	3436	3596	3398
ENSG00000004766	766	1347	872	1187	1263	1129	793	827	737	864	893	811
ENSG00000004776	6	3	7	7	5	5	7	10	4	7	4	5
ENSG00000004777	1310	2306	1794	1644	1621	1472	1480	1704	1394	1877	1600	1332
ENSG00000004779	1538	2454	1910	1623	1798	1455	1487	1392	1325	1461	1481	1325
ENSG00000004799	4	4	2	3	4	5	1	1	1	1	2	1
ENSG00000004809	295	418	336	125	85	72	191	195	155	278	219	244
ENSG00000004838	40	63	63	51	51	56	44	51	36	40	44	55
ENSG00000004846	22	42	43	50	56	29	50	56	36	79	64	42
ENSG00000004848	1	3	1	0	3	1	5	2	1	0	1	2
ENSG00000004864	1277	1996	1492	1416	1522	1238	1097	1002	973	1054	1087	1081
ENSG00000004866	539	933	590	466	479	419	415	541	359	490	456	462
ENSG00000004897	6595	10523	5710	6422	6969	6021	5758	5582	4963	6128	5281	5673
ENSG00000004939	8	17	18	10	13	15	30	16	17	24	8	9
ENSG00000004961	828	1129	925	836	833	762	771	652	658	773	683	701
ENSG00000004975	1734	3042	2082	1628	1591	1502	1568	1590	1367	1853	1490	1469
ENSG00000005007	7198	10968	8464	7584	8008	7256	7268	6843	6378	8038	7000	7070
ENSG00000005020	4195	7431	5021	5662	6394	5652	4820	4610	4126	4829	4558	4181
ENSG00000005022	13725	21291	16482	16675	18447	15773	12158	11030	9948	12251	11189	11339
ENSG00000005059	278	402	274	1374	1457	1360	381	247	343	280	259	284
ENSG00000005073	28	27	23	6	13	6	6	5	4	22	10	12
ENSG00000005075	347	578	387	366	366	355	345	305	243	319	271	267
ENSG00000005100	3197	4508	3498	3160	3144	2751	2804	2586	2344	2915	2571	2696
ENSG00000005102	0	1	0	4	7	7	0	0	0	0	0	2
ENSG00000005108	1686	2513	1739	1095	1098	985	1680	2066	1541	2102	1984	1939
ENSG00000005156	3976	5781	4076	4092	4204	3568	4202	3926	3747	4385	3774	3835
ENSG00000005175	1210	1781	1325	1031	1118	957	1063	1120	987	1177	1061	1055
ENSG00000005187	1400	2359	1355	1001	959	896	1386	1740	1232	1750	1458	1438
ENSG00000005189	1375	2267	1663	1271	1288	1183	1116	1185	967	1203	1153	1116
ENSG00000005194	1424	2247	1652	1498	1527	1294	1207	1068	988	1203	1060	1165
ENSG00000005206	4779	7323	6040	5270	5128	4761	4680	4563	4100	5135	4391	4205
ENSG00000005238	417	920	682	623	734	738	632	608	537	681	539	482
ENSG00000005243	63	101	97	65	85	79	55	64	74	64	52	37
ENSG00000005249	441	680	466	1040	1112	1000	617	601	559	650	573	511
ENSG00000005302	1512	2313	1718	1446	1499	1387	1211	1358	980	1375	1279	1135
ENSG00000005339	3135	5362	3730	5098	5175	4600	3980	3705	3241	4175	3186	3324
ENSG00000005379	746	1247	837	975	909	868	835	884	776	890	747	699
ENSG00000005381	374	573	430	311	309	291	283	335	267	422	380	366
ENSG00000005436	551	860	579	603	664	606	587	563	502	599	552	517
ENSG00000005448	776	1508	1138	817	803	926	839	889	696	912	824	664
ENSG00000005469	128	201	160	208	238	182	196	156	157	157	163	171
ENSG00000005471	32	51	49	64	70	54	42	32	35	43	36	32
ENSG00000005483	4994	8934	5753	5285	5340	4910	5510	5790	4923	6524	5242	4526
ENSG00000005486	475	726	624	666	706	610	496	460	406	516	428	417
ENSG00000005700	5088	8238	5820	5484	6157	5428	4958	4750	4259	5134	4724	4702
ENSG00000005801	2709	4321	2843	3524	3586	3192	3065	3050	2755	3072	2729	2890
ENSG00000005810	17585	25757	17679	19369	20820	17274	17878	17721	15667	19486	16987	17132
ENSG00000005812	1946	3438	2547	2235	2217	2167	1994	2053	1729	2180	2279	1939
ENSG00000005844	58365	100203	74292	74604	80560	73473	70352	67374	60066	76103	66306	60424
ENSG00000005882	401	656	564	527	534	481	506	497	382	544	421	433
ENSG00000005884	178	310	260	277	327	275	266	224	213	258	235	251
ENSG00000005889	4082	6458	4488	4581	5019	4297	3754	3589	3422	4074	3860	3553
ENSG00000005893	13579	22438	15104	13434	14632	12839	12631	12954	10934	14118	12421	11971
ENSG00000005961	677	1339	989	923	1039	957	1280	1270	1122	1335	1275	990
ENSG00000005981	2	3	3	4	2	1	0	1	2	0	3	3
ENSG00000006007	2109	3123	2329	1601	1800	1465	1578	1567	1325	1901	1647	1613
ENSG00000006015	1966	3336	2819	2359	2485	2299	2106	2014	1816	2140	2015	1851
ENSG00000006016	18	24	23	16	16	31	22	9	11	14	20	10
ENSG00000006025	743	1224	870	917	936	820	740	699	732	851	694	710
ENSG00000006042	28	68	49	56	68	37	50	71	71	78	59	51
ENSG00000006047	21	32	30	15	13	14	25	17	24	20	12	17
ENSG00000006062	256	372	298	420	375	387	263	257	223	300	261	227
ENSG00000006118	12	21	11	50	63	49	14	19	23	23	14	12
ENSG00000006125	10422	16556	12135	10345	11158	9504	10283	9879	8845	11016	10164	9718
ENSG00000006194	1769	2981	2340	2090	2237	1994	1977	1937	1661	2020	1985	1857
ENSG00000006210	16	36	19	23	17	20	20	21	19	33	22	23
ENSG00000006282	1501	2473	1961	2174	2384	2049	1645	1492	1484	1712	1488	1377
ENSG00000006283	6	9	7	8	8	12	1	2	3	11	3	4
ENSG00000006327	95	199	116	88	71	61	59	90	57	76	72	63
ENSG00000006432	81	124	91	112	102	97	128	129	97	128	104	94
ENSG00000006451	1762	2780	2055	1921	2076	1593	1711	1681	1466	1767	1726	1538
ENSG00000006453	4	13	4	5	6	3	5	8	8	5	7	6
ENSG00000006459	92	179	132	807	831	813	79	88	100	91	75	67
ENSG00000006468	35	80	53	101	94	100	53	34	53	54	37	52
ENSG00000006530	683	1100	781	833	905	742	751	757	679	805	662	692
ENSG00000006534	1633	2750	2173	1692	1848	1563	1886	1896	1456	2103	1865	1672
ENSG00000006555	0	1	0	0	0	1	2	3	4	0	0	1
ENSG00000006576	1972	3288	2148	2071	2212	1936	2008	2080	1679	2170	2045	1870
ENSG00000006607	2890	4243	3129	3743	4005	3261	2973	2751	2736	3134	2770	2827
ENSG00000006625	721	1069	880	723	760	660	699	650	561	675	683	609
ENSG00000006634	2240	3428	2315	1947	1996	1764	1850	1780	1596	1892	1758	1825
ENSG00000006638	559	975	690	728	718	652	726	791	748	886	744	695
ENSG00000006652	901	1422	1151	933	1057	940	767	820	695	870	836	694
ENSG00000006695	1604	2316	1551	1587	1662	1371	1381	1361	1218	1501	1155	1316
ENSG00000006704	1404	2395	1767	2009	2169	1925	1968	1857	1670	1983	1743	1557
ENSG00000006712	1558	2523	1872	1547	1719	1412	1528	1423	1149	1511	1356	1437
ENSG00000006715	2793	4848	3634	3138	3379	3062	3513	3409	3069	3672	3430	3190
ENSG00000006740	2680	4384	3051	3614	3792	3631	3879	3372	3233	3734	3105	2925
ENSG00000006744	4371	5906	4614	4054	4356	3656	3529	3246	3237	3582	3117	3316
ENSG00000006747	21	49	22	47	35	39	38	35	39	46	35	41
ENSG00000006756	1635	2782	2115	2474	2574	2416	2164	2034	1705	2281	2018	1737
ENSG00000006757	96	167	112	139	170	123	114	101	89	133	101	102
ENSG00000006788	1	3	1	4	2	0	2	4	3	5	3	2
ENSG00000006831	6847	10897	7722	6902	7693	6762	6581	6169	5279	6912	6192	5716
ENSG00000006837	47	143	99	87	76	83	87	145	95	115	124	81
ENSG00000007047	1060	1929	1464	1356	1475	1282	1233	1220	1122	1434	1199	1080
ENSG00000007080	1322	2031	1571	1203	1321	1107	1099	894	892	1066	880	1072
ENSG00000007129	115	263	139	173	177	165	127	126	137	158	93	117
ENSG00000007168	9154	14489	11098	10626	11470	10398	9436	8916	8226	9862	9686	8380
ENSG00000007171	449	748	578	530	518	576	460	311	343	378	348	386
ENSG00000007174	9	6	5	4	6	7	3	10	4	4	5	3
ENSG00000007202	27628	39980	29909	28557	30653	25969	25702	23513	22645	27235	23828	24233
ENSG00000007237	850	2122	1615	1694	1906	1950	1969	1958	1642	2130	1804	1397
ENSG00000007255	1007	1861	1575	1195	1290	1206	1088	1076	949	1213	1282	1013
ENSG00000007264	3669	5877	4836	4274	4464	4186	3594	3163	3016	3733	3465	2910
ENSG00000007312	22	63	52	38	31	50	41	41	23	48	39	31
ENSG00000007314	45	83	60	43	29	30	24	51	22	38	34	33
ENSG00000007341	354	575	365	345	333	340	362	374	352	427	383	316
ENSG00000007350	25	80	75	25	38	34	54	65	33	86	85	53
ENSG00000007372	4	19	8	10	14	7	12	7	8	8	5	15
ENSG00000007376	1552	2340	1812	1548	1697	1477	1409	1291	1109	1492	1232	1226
ENSG00000007384	191	435	272	228	246	244	249	286	207	297	261	232
ENSG00000007392	1831	2713	1922	2350	2368	2055	1869	1940	1869	2148	1815	1763
ENSG00000007402	9	5	19	3	5	10	7	8	7	10	8	6
ENSG00000007516	7	22	29	13	10	24	12	30	9	30	28	22
ENSG00000007520	469	753	697	509	579	557	472	394	315	499	497	411
ENSG00000007541	1577	2417	2031	1539	1537	1374	1225	1118	1059	1221	1137	1068
ENSG00000007545	3167	5013	3833	4490	4733	4218	3585	3316	3049	3594	3250	3107
ENSG00000007866	682	998	744	266	295	313	578	512	448	620	535	516
ENSG00000007923	2741	3966	3146	2615	2967	2351	2389	2112	1970	2405	2241	2220
ENSG00000007933	22	21	19	31	37	37	25	31	40	36	33	14
ENSG00000007944	2834	5158	3790	4087	4273	4079	3519	4077	3152	4514	4054	2510
ENSG00000007968	1496	2171	1643	1772	1888	1598	1406	1323	1243	1464	1407	1289
ENSG00000008018	3556	5894	4386	4102	4427	3941	3638	3060	2889	3513	3350	3191
ENSG00000008056	2	11	9	16	11	13	10	16	10	8	8	6
ENSG00000008083	4205	7518	5230	5028	5182	4938	5331	5161	4562	5978	4964	4705
ENSG00000008086	387	656	235	499	453	417	444	561	477	630	442	414
ENSG00000008128	910	1434	1110	1147	1140	1014	1000	924	857	1076	898	898
ENSG00000008130	3052	4338	3441	3263	3472	2913	2606	2422	2270	2993	2556	2289
ENSG00000008226	32	58	55	75	81	69	55	41	47	53	50	32
ENSG00000008256	694	1130	831	590	689	595	693	704	581	773	718	622
ENSG00000008277	78	96	68	94	101	87	72	84	78	78	85	80
ENSG00000008282	5009	8575	6285	5492	6168	5239	4793	4825	4118	5437	5374	4679
ENSG00000008283	453	729	521	385	458	316	390	370	294	458	356	375
ENSG00000008294	5386	9478	6633	6327	6792	6257	6109	6138	5029	6496	5861	5161
ENSG00000008300	424	712	581	499	558	515	666	557	517	646	534	508
ENSG00000008311	289	561	285	392	385	348	447	460	442	448	443	410
ENSG00000008323	5	9	9	10	5	4	6	3	5	1	16	5
ENSG00000008324	908	1533	1214	926	1006	857	952	803	719	894	796	824
ENSG00000008382	192	298	248	203	219	203	171	167	140	160	135	116
ENSG00000008394	1442	2516	1709	739	684	693	1143	1528	1014	1554	1422	1151
ENSG00000008405	578	774	549	596	648	503	336	290	353	312	343	352
ENSG00000008438	2	0	1	3	1	0	0	1	4	1	0	0
ENSG00000008441	1056	1517	1194	865	831	749	897	800	699	877	867	760
ENSG00000008513	5069	9494	7019	6196	6334	5911	5930	6370	5203	6826	6166	4816
ENSG00000008516	245	436	370	162	173	174	232	255	191	317	272	190
ENSG00000008517	3	9	8	8	4	12	7	7	6	6	3	1
ENSG00000008710	10521	17679	14414	11913	12439	11334	12298	12127	10712	13332	11850	10806
ENSG00000008735	30	47	19	44	29	43	34	43	36	41	56	33
ENSG00000008838	3009	4795	3355	3187	3316	2918	2910	2647	2451	3142	2599	2661
ENSG00000008853	3291	5611	4170	2765	2913	2623	2942	3086	2455	3443	3135	2633
ENSG00000008869	2921	5041	3672	3472	3657	3270	3333	3381	2930	3661	3403	3140
ENSG00000008952	5201	8079	5309	4827	4919	4238	4725	4640	3866	5061	4674	4457
ENSG00000008988	28182	50868	41813	37983	41304	37115	31815	30420	27347	33162	34929	27737
ENSG00000009307	28405	48495	33523	35351	37962	33645	30292	28751	26107	31426	28733	27712
ENSG00000009335	7592	11263	8165	7361	7925	6897	6425	6281	5742	6939	6079	6424
ENSG00000009413	3829	6254	3725	3585	4088	3273	3800	3875	3461	4264	3648	3711
ENSG00000009724	17	45	18	20	23	15	30	13	12	15	7	18
ENSG00000009765	48	81	38	56	47	44	53	62	68	59	56	53
ENSG00000009780	358	602	453	476	527	477	393	360	324	373	390	393
ENSG00000009790	2001	3875	2655	2670	2947	2797	2948	3004	2389	3353	2794	2345
ENSG00000009830	1033	1460	1098	920	1052	865	856	837	684	894	761	789
ENSG00000009844	2970	4741	3266	2977	3392	2801	2842	2720	2365	3044	2697	2432
ENSG00000009950	220	387	271	324	353	347	404	416	378	433	418	345
ENSG00000009954	9634	14790	10729	10642	11193	9726	9609	8510	7901	9396	8563	8475
ENSG00000010017	5471	9556	6261	5771	6081	5383	5321	5073	4510	5781	4827	4663
ENSG00000010030	0	5	5	0	1	1	1	0	4	0	0	0
ENSG00000010072	756	1147	835	775	786	722	596	520	553	621	529	650
ENSG00000010165	2110	3150	2499	2257	2515	2153	1842	1701	1555	2053	1787	1743
ENSG00000010219	150	279	225	255	252	227	194	208	156	154	169	163
ENSG00000010244	17273	27752	19252	21942	22721	20510	18899	19383	17216	20704	18391	17266
ENSG00000010256	7199	10940	9300	6922	7954	6907	6261	5681	5284	6556	6458	5886
ENSG00000010270	1446	2469	1686	1539	1733	1478	1482	1370	1291	1562	1367	1363
ENSG00000010278	185	432	342	129	168	131	170	247	167	274	270	200
ENSG00000010292	16766	25869	19188	18080	19339	16857	15904	14994	13824	17055	15425	15353
ENSG00000010295	842	1551	1190	1169	1287	1089	1122	1160	988	1193	1122	994
ENSG00000010310	866	1820	1468	1424	1507	1508	1570	1818	1370	1946	1612	1159
ENSG00000010318	722	1051	805	722	744	642	684	663	555	721	656	649
ENSG00000010319	294	366	297	178	224	166	193	179	165	218	171	200
ENSG00000010322	5286	9346	7153	9898	10423	10175	6921	7021	6364	7555	6676	5913
ENSG00000010327	56	117	97	316	403	368	83	63	93	79	66	78
ENSG00000010361	563	852	768	479	522	535	511	522	440	619	556	513
ENSG00000010379	19	31	22	8	7	19	14	28	16	20	48	12
ENSG00000010404	1238	2449	1508	1606	1830	1845	1706	1860	1661	1879	1839	1452
ENSG00000010438	0	2	0	3	0	2	0	1	0	0	0	0
ENSG00000010539	963	1571	1192	1056	1217	1039	1150	1032	928	1160	1165	1059
ENSG00000010610	7858	13637	9800	9181	9619	8817	8028	8111	6581	9418	7684	7272
ENSG00000010626	242	484	305	244	318	250	278	350	222	320	303	231
ENSG00000010671	4872	8201	5554	5364	5866	5069	4932	4784	4101	5203	4720	4466
ENSG00000010704	314	541	365	501	545	425	513	562	461	529	499	469
ENSG00000010803	1587	2487	1612	1385	1545	1311	1525	1456	1265	1706	1250	1335
ENSG00000010810	217	491	392	146	166	151	161	244	160	206	218	197
ENSG00000010818	7	6	4	3	4	5	15	11	7	13	12	7
ENSG00000011007	1822	3059	2120	2306	2494	2302	1857	1834	1649	1983	1793	1796
ENSG00000011009	1335	2166	1749	1630	1754	1588	1280	1201	1095	1463	1166	1183
ENSG00000011021	2551	4401	3039	2372	2329	2279	2299	2585	2048	2904	2390	2292
ENSG00000011028	15219	26142	20519	17772	19048	17772	16663	17075	14401	19055	17321	15314
ENSG00000011052	901	1380	823	743	823	673	396	525	430	543	606	360
ENSG00000011105	42	96	55	43	34	41	44	45	22	65	57	60
ENSG00000011114	0	122	0	120	0	0	0	195	0	0	0	0
ENSG00000011132	675	1330	1095	972	1038	849	909	960	771	1055	939	813
ENSG00000011143	589	1061	775	580	655	572	633	628	581	671	645	568
ENSG00000011198	542	854	571	472	535	469	428	438	437	531	455	517
ENSG00000011201	42	61	41	60	64	82	60	83	68	72	66	67
ENSG00000011243	2505	4041	3122	2798	2803	2552	2406	2215	2083	2504	2245	2127
ENSG00000011258	4186	7554	5104	4556	4932	4638	4836	5079	4306	5360	4959	4452
ENSG00000011260	2522	3650	2760	2333	2475	2057	2411	2114	1921	2299	2391	2254
ENSG00000011275	3394	5190	3644	4740	4829	4164	3708	3464	3135	3818	3420	3306
ENSG00000011295	1803	2803	2072	1951	2207	1855	1793	1804	1599	1985	1723	1702
ENSG00000011304	23908	37292	26429	24103	25065	22068	22449	20750	18330	23254	18983	20615
ENSG00000011332	8	16	22	14	27	17	8	15	7	9	9	9
ENSG00000011347	12	9	11	4	5	3	7	7	11	7	4	8
ENSG00000011376	1676	2494	1770	1689	1804	1400	1455	1226	1219	1403	1320	1383
ENSG00000011405	3086	5199	3590	3251	3583	3130	3273	3466	2842	3722	3336	3063
ENSG00000011422	2947	5837	4530	4175	4196	4047	3675	3613	3075	4032	3818	2882
ENSG00000011426	6358	9520	6611	6150	6706	5875	5998	5713	5194	6392	5825	5842
ENSG00000011451	2673	4479	3467	3296	3372	3059	2861	2479	2234	2766	2505	2466
ENSG00000011454	1418	2331	1764	2509	2604	2479	1709	1612	1477	1825	1612	1523
ENSG00000011465	1	2	1	8	9	11	5	7	9	13	7	10
ENSG00000011478	1280	2492	1926	1406	1478	1414	1275	1392	1107	1517	1500	1204
ENSG00000011485	2464	3850	2961	2409	2647	2267	2321	2115	2111	2569	2131	2116
ENSG00000011523	1226	2148	1617	1784	1965	1822	1564	1517	1309	1771	1521	1397
ENSG00000011566	801	1373	969	981	1063	924	858	1005	796	994	879	787
ENSG00000011590	3	6	1	4	3	3	1	2	1	0	1	1
ENSG00000011600	1605	2926	1970	2480	2711	2452	2190	2202	1918	2586	1973	1848
ENSG00000011638	450	899	660	420	497	448	555	631	461	583	584	441
ENSG00000012048	6442	9593	6801	5522	5911	4902	5493	5609	4977	5995	5634	5194
ENSG00000012061	4208	6976	5589	4796	5033	4569	4373	4244	3657	4879	4429	3993
ENSG00000012124	4	5	8	1	3	7	8	14	11	20	8	7
ENSG00000012171	43	95	111	108	136	108	71	89	64	71	80	50
ENSG00000012174	1326	2175	1450	1609	1810	1576	1444	1325	1215	1453	1433	1307
ENSG00000012211	457	853	634	587	569	519	515	542	417	554	452	445
ENSG00000012223	2	3	3	2	0	0	1	5	1	1	4	2
ENSG00000012232	2023	2775	2177	3124	3229	2967	2136	1828	1961	2097	1783	1924
ENSG00000012660	5735	9595	6009	6600	6970	6243	5008	4857	4215	5372	4562	4794
ENSG00000012779	4	16	4	27	49	93	17	26	35	13	38	29
ENSG00000012817	2962	4846	3390	3207	3169	3155	3625	3688	3396	4127	3633	3436
ENSG00000012822	875	1838	1334	1195	1239	1197	1329	1288	1017	1562	1199	1063
ENSG00000012963	3903	6092	4488	4088	4354	3914	3818	3577	3250	3966	3769	3556
ENSG00000012983	1718	2868	1747	1777	1921	1602	1649	1568	1505	1767	1543	1545
ENSG00000013016	23	28	16	24	24	21	22	16	16	20	14	15
ENSG00000013275	3280	4828	3686	3613	3725	3142	2775	2664	2587	3092	2656	2702
ENSG00000013288	2354	3896	2763	3136	3259	2969	2550	2519	2222	2846	2335	2267
ENSG00000013293	107	229	157	173	183	161	220	238	193	206	209	185
ENSG00000013297	0	3	0	0	3	1	1	1	0	3	3	0
ENSG00000013306	2734	4149	3441	3420	3508	3117	2865	2544	2264	2896	2650	2468
ENSG00000013364	1279	2005	1565	3071	3264	3006	1802	1670	1610	1816	1428	1563
ENSG00000013374	1684	3017	2124	1982	2212	1888	1997	1790	1605	2004	1931	1725
ENSG00000013375	1311	2176	1617	1256	1369	1315	1351	1499	1149	1542	1455	1250
ENSG00000013392	129	226	162	157	142	170	143	143	131	191	133	158
ENSG00000013441	1962	3641	2383	2447	2710	2300	2084	2328	1836	2495	2291	1833
ENSG00000013503	1000	1496	1159	1156	1246	971	848	778	725	845	780	1019
ENSG00000013523	1087	1871	1286	1446	1531	1403	1360	1295	1111	1445	1112	1065
ENSG00000013561	1512	2390	1830	1726	1777	1599	1459	1399	1332	1628	1529	1520
ENSG00000013563	336	565	515	433	418	406	334	366	266	400	317	300
ENSG00000013573	3901	5823	4195	4036	4184	3714	3842	4046	3368	4180	3659	3551
ENSG00000013583	505	770	648	548	594	591	567	536	434	566	507	448
ENSG00000013588	2	11	8	11	3	4	7	5	5	6	12	16
ENSG00000013619	0	1	0	6	4	6	3	3	0	3	5	2
ENSG00000013725	2	12	12	6	4	6	10	5	15	10	8	2
ENSG00000013810	5863	9129	7010	6248	6553	5763	5692	5256	4744	5700	5389	5203
ENSG00000014123	2079	3491	2353	2690	2986	2613	1973	1941	1733	2246	2057	1864
ENSG00000014138	2849	4291	3277	2944	3060	2593	2278	2163	1966	2380	2361	2154
ENSG00000014164	1000	1733	1340	1244	1209	1163	1148	1217	932	1384	999	1036
ENSG00000014216	6796	11608	9148	8742	9185	8603	7447	7254	6278	8201	7324	6579
ENSG00000014257	627	1092	782	761	889	811	1108	1122	1003	1135	1037	1036
ENSG00000014824	4951	7905	5390	5402	6031	5361	4791	4563	4181	5074	4592	4416
ENSG00000014914	925	1789	1339	1777	1933	1785	1519	1423	1215	1586	1374	1099
ENSG00000014919	2906	4890	3720	3128	3420	3143	2842	2824	2463	3216	3032	2685
ENSG00000015133	2145	3282	2367	2877	2908	2667	2252	2226	1868	2456	2125	1896
ENSG00000015153	1403	2261	1462	1917	2022	1821	1456	1527	1371	1474	1488	1381
ENSG00000015171	1838	3030	2190	2584	2793	2392	2084	1814	1761	1965	1794	1775
ENSG00000015285	1737	3103	2339	2293	2440	2174	2199	1903	1819	2485	2019	1920
ENSG00000015475	2140	3407	2400	2525	2740	2321	2408	2198	1995	2450	2148	2155
ENSG00000015479	20955	31401	22651	22717	24421	21273	18631	17786	16337	18930	18450	16888
ENSG00000015520	1	4	2	2	1	5	4	5	3	6	2	8
ENSG00000015532	878	1463	1025	829	939	818	953	963	785	1057	849	830
ENSG00000015568	140	240	160	231	193	188	191	192	187	187	191	132
ENSG00000015592	1	3	0	0	0	0	0	1	0	1	3	2
ENSG00000015676	2646	4257	3199	2866	3048	2652	2718	2504	2295	2976	2522	2489
ENSG00000016391	142	223	170	188	196	170	210	249	219	206	212	216
ENSG00000016864	1351	2160	1581	1031	1161	959	1154	1096	1021	1276	1179	1060
ENSG00000017260	3327	5363	4060	3992	4009	3579	3096	3211	2595	3460	3255	2861
ENSG00000017427	161	356	222	5228	5601	5129	1297	871	1185	881	743	576
ENSG00000017483	1616	2317	1924	1056	1047	822	877	843	806	989	818	897
ENSG00000017797	5277	8463	6435	4756	4931	4547	4868	4675	4037	5141	4812	4573
ENSG00000018189	115	208	125	383	410	287	150	154	155	139	128	128
ENSG00000018280	96	144	145	83	76	87	92	103	71	116	118	97
ENSG00000018408	10	29	15	12	7	11	11	20	23	21	12	14
ENSG00000018510	6689	9855	6798	6581	7189	5981	5538	5242	4817	5820	5373	5205
ENSG00000018610	1164	1982	1461	1456	1586	1346	1400	1381	1226	1501	1406	1301
ENSG00000018625	3	4	10	14	22	16	21	11	13	12	15	15
ENSG00000018699	1721	2628	1753	1465	1701	1405	1522	1445	1314	1512	1508	1366
ENSG00000018869	208	311	166	233	262	222	223	215	207	219	196	260
ENSG00000019102	2	12	2	4	3	1	1	2	0	0	7	3
ENSG00000019144	898	1564	1099	949	995	896	904	1043	759	1063	867	824
ENSG00000019169	13	22	10	10	13	6	17	20	13	13	17	10
ENSG00000019485	261	405	303	385	389	342	316	297	266	315	244	252
ENSG00000019505	5	12	8	8	7	5	9	9	9	9	9	11
ENSG00000019582	4040	6932	5038	12829	13091	12044	7900	5741	6223	6724	5530	5265
ENSG00000019991	0	0	0	2	1	1	0	0	0	0	0	0
ENSG00000019995	1981	3237	2326	2193	2238	1985	1920	1845	1582	2036	1832	1755
ENSG00000020129	1589	2380	1997	1599	1654	1506	1533	1396	1258	1521	1366	1419
ENSG00000020181	9947	16823	12939	12043	12829	12206	11096	10804	9224	11854	10329	9231
ENSG00000020256	727	1226	921	887	926	747	724	728	673	822	688	669
ENSG00000020426	743	1331	936	623	719	644	824	870	698	942	851	724
ENSG00000020577	0	0	1	6	0	1	2	2	1	1	2	0
ENSG00000020633	3392	6441	4633	6198	6492	6123	4309	3698	3592	4208	3743	3538
ENSG00000020922	7827	12269	8472	8961	9700	8270	8729	8905	7903	9455	8511	8269
ENSG00000021300	2	11	6	5	0	0	2	3	0	3	2	0
ENSG00000021355	3352	5838	4141	4686	4895	4547	3960	3775	3301	4203	3798	3380
ENSG00000021461	7	16	16	21	21	22	26	30	30	18	31	6
ENSG00000021488	0	0	1	6	2	1	1	4	2	5	4	0
ENSG00000021574	3680	6079	4287	4162	4454	3932	3785	3719	3301	4054	3895	3499
ENSG00000021645	35	63	42	30	14	25	34	36	23	33	33	17
ENSG00000021762	4816	7539	5766	3702	3816	3495	5274	5377	4713	5900	4970	4786
ENSG00000021776	5383	8460	5589	6318	6922	5800	5368	4944	4700	5515	4901	4846
ENSG00000021826	425	728	485	610	626	559	649	658	649	709	703	547
ENSG00000022267	1396	2210	1655	1955	2015	1801	1122	942	914	1132	884	1161
ENSG00000022277	3819	6133	4786	4372	4821	4219	3985	3765	3517	4260	3857	3686
ENSG00000022567	1835	2923	2340	2404	2482	2354	2171	2275	1926	2487	2289	2082
ENSG00000022840	5134	8678	6464	6386	6881	5943	5254	5040	4551	5688	4934	4910
ENSG00000022976	910	1407	994	1107	1173	964	977	1014	916	1038	965	931
ENSG00000023041	2073	3155	2391	2109	2131	1998	2089	2081	1781	2165	2115	2039
ENSG00000023171	680	1064	746	385	407	367	706	811	604	934	823	612
ENSG00000023191	569	785	828	612	914	278	485	402	429	845	382	404
ENSG00000023228	12935	19547	14305	12247	13339	11349	11211	11280	9932	12057	11798	11273
ENSG00000023287	5849	9792	6791	6554	6876	6081	5604	5374	5006	6035	5338	5281
ENSG00000023318	3674	6062	4434	3910	3970	3695	3423	3402	3034	3663	3481	3177
ENSG00000023330	2734	4653	3417	2082	2099	1919	2459	2405	1919	2687	2542	2150
ENSG00000023445	9	30	16	16	21	30	10	22	17	19	16	13
ENSG00000023516	8427	13842	9620	11477	12671	10778	9931	9904	9199	11316	10061	9303
ENSG00000023572	913	1329	914	857	986	713	914	782	717	811	769	797
ENSG00000023608	417	771	541	404	432	402	386	501	369	438	488	339
ENSG00000023697	1238	1854	1336	1538	1751	1453	1194	1155	1107	1265	1215	1200
ENSG00000023734	5146	7794	5881	4962	5412	4645	4331	3900	3625	4332	4021	3829
ENSG00000023839	107	218	120	133	147	152	98	142	119	132	101	98
ENSG00000023892	2059	3454	2942	1839	2059	1912	2333	2353	1981	2745	2379	2083
ENSG00000023902	562	1097	789	1971	2179	2033	984	755	803	851	738	702
ENSG00000023909	1627	2550	1824	1672	1772	1665	1606	1709	1464	1882	1752	1628
ENSG00000024048	4198	6821	4790	4871	5346	4794	4491	4326	3961	4889	4470	4000
ENSG00000024422	9	20	13	13	8	21	20	19	15	24	35	17
ENSG00000024526	2496	3472	2513	2102	2173	1845	1923	1950	1745	2086	1979	2035
ENSG00000024862	638	1177	847	709	833	731	747	744	543	693	784	622
ENSG00000025039	424	796	506	173	239	206	447	643	439	671	641	467
ENSG00000025156	805	1324	837	755	818	668	615	700	536	752	726	668
ENSG00000025293	2439	3934	2741	2613	2826	2446	2439	2470	2122	2633	2515	2276
ENSG00000025423	63	108	83	66	61	58	40	36	36	49	53	32
ENSG00000025434	165	292	250	190	174	168	152	188	147	237	161	187
ENSG00000025708	1053	2050	1719	1920	2180	2052	1410	1374	1228	1550	1565	1223
ENSG00000025770	3095	5103	4132	2997	3413	2848	3026	2950	2682	3324	3371	2888
ENSG00000025772	1143	1591	1194	1102	1196	1072	896	761	744	956	871	844
ENSG00000025796	7873	12208	8697	7296	7705	6694	7150	6839	6340	7599	6780	6775
ENSG00000025800	7354	12007	7846	8057	8344	7493	7376	6912	6266	7689	6569	6870
ENSG00000026025	26450	50346	38539	51755	55434	51312	34843	34077	29374	40191	35900	30683
ENSG00000026036	988	1584	1178	1278	1237	1114	1218	1262	1061	1329	1098	1040
ENSG00000026103	93	131	73	69	83	69	69	78	39	68	65	42
ENSG00000026297	3038	5254	4110	4355	4638	4069	4016	3886	3413	4357	3928	3307
ENSG00000026508	22226	43031	28041	39809	42385	39083	33280	31053	28257	34341	29063	25820
ENSG00000026559	282	440	390	693	632	549	328	289	288	341	298	336
ENSG00000026652	228	382	338	321	344	326	345	394	311	416	309	254
ENSG00000026751	3	8	0	3	6	1	4	13	7	10	10	8
ENSG00000026950	345	618	483	396	481	415	417	461	304	492	405	351
ENSG00000027001	717	1039	784	678	793	658	517	516	455	554	537	484
ENSG00000027075	9	9	14	4	10	3	9	13	5	9	6	7
ENSG00000027644	0	1	0	1	2	1	0	0	0	1	0	1
ENSG00000027697	2710	4415	3152	3624	3978	3512	2852	2836	2359	2815	2945	2644
ENSG00000027847	434	656	489	528	512	477	379	387	355	479	332	308
ENSG00000027869	1	12	1	2	2	4	3	3	2	4	2	2
ENSG00000028116	1069	1543	1155	1060	1131	960	854	797	712	929	861	914
ENSG00000028137	3579	6511	5162	3586	3907	3677	4162	4617	3804	5237	4978	3785
ENSG00000028203	1120	1587	1158	1412	1424	1221	1220	1078	1028	1133	1037	974
ENSG00000028277	957	1724	1399	1457	1629	1585	1416	1264	1064	1510	1257	1040
ENSG00000028310	2974	4551	3465	3092	3153	2718	2872	2679	2602	3021	2697	2661
ENSG00000028528	4437	7195	5089	4981	5469	4633	5031	5132	4333	5418	4685	4507
ENSG00000028839	455	725	502	453	458	434	434	423	390	439	390	370
ENSG00000029153	390	583	397	333	325	320	306	287	268	305	288	327
ENSG00000029363	16450	26513	18666	18574	19989	17014	15555	14120	13543	15171	14042	14330
ENSG00000029364	9434	15100	11061	10400	11161	9836	9493	9517	8544	10328	9730	8901
ENSG00000029534	14	13	17	26	29	25	17	24	16	26	9	26
ENSG00000029639	555	915	707	628	577	518	471	461	423	524	502	476
ENSG00000029725	4742	7518	5379	4887	5611	4744	4248	4131	3809	4502	4240	4073
ENSG00000029993	3114	4522	3562	2747	2770	2348	2432	2271	2113	2449	2349	2425
ENSG00000030066	8657	13254	9952	8550	9102	7945	8680	8340	7724	9231	8748	8005
ENSG00000030110	1459	2230	1741	1463	1659	1472	1422	1282	1008	1372	1197	1208
ENSG00000030304	6	12	4	6	5	11	2	1	1	1	4	2
ENSG00000030419	441	690	460	559	612	513	290	263	271	321	298	354
ENSG00000030582	6725	11280	10153	10714	11723	10846	9366	9259	8146	10744	10443	8065
ENSG00000031003	2827	5098	3452	3717	4177	3600	3278	3202	2865	3466	3050	2843
ENSG00000031081	5	16	6	24	23	15	13	17	7	14	18	16
ENSG00000031691	438	749	497	323	421	396	376	385	283	378	409	353
ENSG00000031698	2574	3984	3130	3838	3856	3365	2361	2152	2093	2544	2357	2271
ENSG00000031823	2296	3884	2814	2783	2845	2515	2392	2151	1977	2417	2094	2057
ENSG00000032219	2323	4161	2812	2638	2732	2455	2744	2861	2338	3027	2872	2551
ENSG00000032389	1611	2486	1945	1685	1916	1614	1542	1406	1291	1562	1473	1474
ENSG00000032444	6521	10629	8429	8312	8682	8190	7063	6851	6185	7849	7062	6350
ENSG00000032742	436	837	579	507	476	480	512	553	420	544	567	452
ENSG00000033011	1412	2210	1780	1481	1838	1445	1273	1174	1091	1312	1221	1201
ENSG00000033030	1429	2240	1457	2042	2088	1820	1724	1561	1411	1592	1372	1430
ENSG00000033050	2307	3165	2410	2373	2690	2087	1847	1685	1515	1745	1583	1875
ENSG00000033100	2581	4202	3348	3329	3437	3256	2468	2378	2208	2743	2497	2340
ENSG00000033122	0	9	2	1	0	2	1	0	0	0	1	0
ENSG00000033170	1168	1792	1245	1236	1501	1253	1037	1019	1039	1172	1093	1055
ENSG00000033178	5600	9065	6293	5553	6031	5612	4798	5063	4066	5324	4870	4860
ENSG00000033327	4184	7312	5183	6153	6260	5723	5181	5056	4224	5586	4689	4256
ENSG00000033627	1520	2824	2126	1308	1375	1398	1731	2062	1502	2331	1995	1664
ENSG00000033800	4075	6658	4164	4555	4813	4319	4275	4296	3624	4540	4015	3741
ENSG00000033867	1192	1604	1239	1240	1410	1124	890	803	820	933	874	938
ENSG00000034053	103	154	256	140	89	186	136	74	78	95	106	61
ENSG00000034152	1408	2313	1772	1491	1583	1467	1585	1495	1355	1757	1573	1456
ENSG00000034510	3078	5968	5289	5579	5781	5176	4261	3410	3239	3954	4098	3503
ENSG00000034533	344	543	360	355	395	317	348	327	321	336	325	314
ENSG00000034677	2928	5084	3409	3416	3491	3268	3023	3287	2645	3385	3059	2905
ENSG00000034693	319	498	376	366	377	294	282	289	258	328	271	307
ENSG00000034713	1464	2624	1928	3399	3812	3096	1831	1761	1636	1953	1764	1650
ENSG00000035115	1213	2131	1364	1260	1315	1144	1595	1688	1459	1751	1489	1462
ENSG00000035141	1811	2777	2014	1638	1793	1379	1570	1362	1359	1494	1423	1437
ENSG00000035403	6549	10840	7749	4883	5166	4964	6183	6818	5340	7474	6585	6162
ENSG00000035499	1527	2451	1823	1342	1449	1318	1240	1249	1069	1367	1460	1233
ENSG00000035664	150	270	203	229	226	195	230	271	257	270	264	230
ENSG00000035681	11401	19086	13545	11225	11886	10452	12965	13312	11274	14641	13146	12702
ENSG00000035687	3353	4962	3651	3561	4006	3245	2981	2662	2644	3108	2749	2761
ENSG00000035720	4	13	10	9	10	15	6	9	9	9	9	15
ENSG00000035862	1475	2637	2022	2000	2035	1939	1994	2148	1638	2206	1899	1697
ENSG00000035928	4082	6858	5005	4294	4521	3961	4016	4019	3472	4418	3959	3858
ENSG00000036054	1911	3072	2340	2065	2242	2064	1818	1854	1581	2071	1788	1663
ENSG00000036257	5143	8218	5719	5560	6095	5127	4879	4622	4374	5016	4508	4455
ENSG00000036448	9	22	21	30	29	10	12	7	16	30	24	29
ENSG00000036530	115	203	124	186	171	153	159	209	174	210	203	164
ENSG00000036549	4154	6993	4644	4754	5017	4428	4317	4201	3783	4338	3990	3923
ENSG00000036565	24	41	15	44	38	41	36	44	33	28	37	40
ENSG00000036672	449	644	521	285	321	283	349	360	292	369	368	330
ENSG00000036828	2203	3625	276	3000	2750	2457	2779	3620	2850	3559	3001	2612
ENSG00000037042	111	121	107	86	73	73	98	101	91	98	103	87
ENSG00000037241	209	339	205	250	239	203	200	161	150	202	138	202
ENSG00000037280	40	62	46	58	58	42	51	72	45	60	46	34
ENSG00000037474	5096	7959	5933	6222	6924	5662	4894	4303	4312	4833	4376	4550
ENSG00000037637	1530	2897	2063	1685	1717	1568	1689	1787	1547	1885	1679	1380
ENSG00000037749	994	1656	1162	1073	1166	1042	1005	1029	961	1142	992	951
ENSG00000037757	2490	4239	3277	2739	2875	2547	2673	2588	2049	2717	2429	2354
ENSG00000037897	607	845	676	578	609	515	455	466	410	456	492	460
ENSG00000037965	0	1	4	3	1	0	0	6	0	0	0	2
ENSG00000038002	532	867	614	634	653	578	423	425	344	470	459	456
ENSG00000038210	2943	4460	3365	2621	2793	2444	2435	2460	2100	2702	2655	2536
ENSG00000038219	3173	5107	3380	4140	4214	3734	3546	3462	3141	3740	3384	3336
ENSG00000038274	3781	6580	4449	4275	4677	4183	3699	3554	3057	3849	3650	3404
ENSG00000038358	4803	7555	5584	5353	5866	4853	4881	4729	4362	5353	4588	4402
ENSG00000038382	1665	2614	2017	2646	2579	2396	2064	1925	1725	2292	1885	1901
ENSG00000038427	372	599	396	24015	26296	23839	1537	448	1365	525	447	432
ENSG00000038532	2367	3850	2696	3118	3300	2908	2569	2314	2175	2711	2365	2370
ENSG00000038945	40	93	45	85	65	75	68	65	53	73	46	45
ENSG00000039068	20	39	17	40	23	16	21	44	17	38	28	29
ENSG00000039123	7071	11547	8406	6913	7507	6318	6842	6696	5992	7156	7140	6332
ENSG00000039139	0	2	0	0	3	1	0	3	0	0	3	0
ENSG00000039319	1706	3064	2029	2943	3018	2729	2153	2166	1947	2208	2034	2055
ENSG00000039523	1249	1892	1458	1100	1141	1091	1300	1371	1054	1492	1283	1155
ENSG00000039560	7	15	5	10	3	8	9	6	6	6	7	4
ENSG00000039650	2169	3614	2904	2768	2918	2649	1864	1831	1643	2040	1871	1690
ENSG00000039987	2	0	2	0	2	2	2	5	3	4	2	1
ENSG00000040199	349	431	412	403	356	311	273	263	267	282	234	289
ENSG00000040275	1432	2136	1565	1432	1446	1194	1278	1156	1012	1204	1146	1116
ENSG00000040341	4089	6405	4274	4301	4722	3967	4042	3826	3341	4079	3634	3581
ENSG00000040487	1620	2765	2186	1924	2010	1768	2168	2042	1822	2271	2061	1766
ENSG00000040531	585	983	745	716	671	678	580	539	495	583	482	585
ENSG00000040608	331	481	340	101	143	108	180	213	165	248	215	212
ENSG00000040633	1211	1950	1581	1866	1886	1707	1237	1143	1018	1269	1171	1165
ENSG00000040933	2872	4488	3176	3135	3282	2902	2794	2775	2492	3089	2776	2611
ENSG00000041353	204	426	277	495	510	545	543	494	509	553	478	433
ENSG00000041357	5524	8733	6665	6104	6719	5754	5155	4393	4012	4720	4619	4669
ENSG00000041802	2237	3332	2562	2398	2641	2200	2096	1890	1798	1925	1951	1939
ENSG00000041880	234	352	298	294	345	306	261	250	242	268	224	217
ENSG00000041988	386	708	562	487	518	485	483	413	355	415	401	368
ENSG00000042062	66	132	85	114	109	123	132	115	124	119	127	116
ENSG00000042088	3264	5012	3614	3323	3555	2966	3278	3027	2789	3346	3095	2894
ENSG00000042286	171	284	231	216	231	197	149	177	168	230	187	202
ENSG00000042304	17	16	12	13	14	24	12	16	5	29	23	15
ENSG00000042317	178	386	214	254	248	243	217	251	221	238	242	209
ENSG00000042429	2426	4045	2776	3226	3435	2920	2641	2518	2266	2857	2389	2354
ENSG00000042445	1043	1832	1283	1239	1316	1142	844	833	723	913	773	928
ENSG00000042493	3776	6977	5583	8948	10000	8767	5198	5128	4706	5397	5221	4590
ENSG00000042753	3347	5678	4923	4264	4359	4068	3330	3304	2964	3647	3469	3110
ENSG00000042781	0	0	0	3	2	3	1	0	0	1	0	1
ENSG00000042832	47	89	72	105	138	145	83	117	100	120	124	91
ENSG00000042980	6	4	2	17	21	10	4	6	9	8	6	4
ENSG00000043039	12	19	11	16	14	12	17	3	17	19	23	11
ENSG00000043093	3650	5965	3789	3898	4163	3554	3241	3213	2868	3511	2996	3264
ENSG00000043143	2838	4428	3313	2781	3072	2600	2692	2486	2404	2802	2570	2585
ENSG00000043355	223	363	225	171	202	170	159	142	170	218	170	155
ENSG00000043462	2133	4219	2658	1926	2038	1874	2698	2681	2260	3044	2497	2412
ENSG00000043514	683	1166	782	753	912	694	752	781	720	855	738	700
ENSG00000043591	20	48	41	19	17	22	32	50	23	47	37	25
ENSG00000044090	1244	2254	1855	1426	1529	1505	911	1067	789	1217	990	981
ENSG00000044115	7052	11528	8857	10729	11895	10403	7163	6734	6211	7341	6970	6709
ENSG00000044446	2339	3955	2867	3254	3330	3041	3799	3781	3304	3963	3462	3165
ENSG00000044459	775	1240	736	809	814	715	749	822	612	838	698	722
ENSG00000044574	20746	34714	29017	22149	22907	19919	16692	15123	13216	16523	16986	15604
ENSG00000046604	152	330	205	246	259	259	336	288	292	323	327	297
ENSG00000046647	256	445	327	257	288	232	359	338	304	343	281	296
ENSG00000046651	1296	2136	1479	809	928	778	1388	1688	1211	1811	1460	1447
ENSG00000046653	11	22	19	1	6	9	11	5	6	8	4	9
ENSG00000046889	6	12	13	14	2	2	10	9	10	15	10	11
ENSG00000047056	2457	4209	3005	2779	3007	2708	2361	2621	2132	2857	2727	2328
ENSG00000047188	3276	5348	3655	3835	4072	3647	3648	3691	3442	3825	3595	3284
ENSG00000047230	821	1328	948	893	896	790	802	786	678	857	771	727
ENSG00000047249	1728	2803	2166	1990	2238	2043	1750	1603	1555	1823	1726	1560
ENSG00000047315	9433	15102	10975	10177	11368	9410	8611	7782	7367	8599	8115	7838
ENSG00000047346	428	853	502	694	705	677	638	698	525	744	608	497
ENSG00000047365	50	86	86	19	26	18	44	53	21	40	74	69
ENSG00000047410	12307	19205	12976	11803	12242	10690	11788	10985	9777	11854	10808	11077
ENSG00000047457	11	23	12	18	17	14	14	15	13	15	13	21
ENSG00000047578	917	1448	1068	1108	1072	991	832	898	705	967	800	746
ENSG00000047579	308	542	440	396	439	373	309	284	276	323	306	285
ENSG00000047597	146	213	152	98	91	86	121	153	127	192	160	137
ENSG00000047617	2	3	4	3	1	1	7	1	2	3	0	3
ENSG00000047621	1754	2745	1804	1795	1921	1716	1716	1846	1613	1825	1764	1660
ENSG00000047634	621	1193	764	1019	1144	987	694	778	614	832	718	626
ENSG00000047644	1004	1733	1248	987	1092	905	1230	1157	1064	1340	1196	939
ENSG00000047648	51	104	66	49	68	54	72	67	53	83	58	63
ENSG00000047662	7	25	16	17	20	18	20	18	19	24	15	10
ENSG00000047849	5711	8955	6065	7069	7469	6377	4962	4462	4157	5281	4368	4800
ENSG00000047932	2801	4320	3028	2991	3183	2699	2618	2714	2337	2786	2575	2486
ENSG00000047936	102	135	88	4	9	8	32	43	32	44	46	34
ENSG00000048028	807	1298	899	1127	1123	1079	972	850	759	992	811	807
ENSG00000048052	1527	2491	1857	2185	2302	1965	1442	1522	1220	1553	1341	1391
ENSG00000048140	806	1400	1102	1071	1143	1036	900	876	748	980	881	812
ENSG00000048162	1255	1931	1480	1120	1221	1100	1179	1009	911	1084	1161	1005
ENSG00000048342	136	281	207	236	237	199	244	271	265	278	211	233
ENSG00000048392	5464	9325	6338	6722	7354	6486	5729	5593	5054	5955	5944	5498
ENSG00000048405	2619	4483	2938	3024	3376	2833	2534	2657	2452	2813	2623	2453
ENSG00000048471	1101	1891	1302	1300	1429	1260	1258	1293	1123	1410	1199	1230
ENSG00000048544	2645	4019	2733	2635	2829	2385	2199	2111	1947	2304	1887	2180
ENSG00000048649	3723	6213	4082	4006	4281	3858	3861	4075	3551	4488	3887	3590
ENSG00000048707	3958	5846	4131	5250	5462	4650	4248	4113	4111	4539	4102	4019
ENSG00000048740	19009	30995	20610	21767	23507	20900	18256	17922	15888	19551	17218	16631
ENSG00000048828	13288	20822	14356	14055	14639	12720	12497	11485	10565	13428	10896	11222
ENSG00000048991	2769	4208	2575	2839	3083	2493	2628	2206	2114	2459	2027	2343
ENSG00000049089	758	1295	1122	1123	1133	1198	1092	1050	859	1216	1088	830
ENSG00000049130	6	4	4	4	10	6	4	2	7	7	9	1
ENSG00000049167	561	849	569	673	671	564	471	487	452	507	464	550
ENSG00000049192	136	209	160	125	131	56	104	108	72	116	105	103
ENSG00000049239	888	1870	1369	2759	3131	2964	1752	1581	1518	1766	1675	1377
ENSG00000049245	1701	2682	1902	1331	1513	1327	1493	1668	1335	1810	1777	1597
ENSG00000049246	484	892	558	284	334	280	397	452	341	503	380	396
ENSG00000049247	1	3	1	5	1	4	5	5	4	1	3	1
ENSG00000049249	66	130	83	118	100	111	100	119	115	125	107	97
ENSG00000049323	2	9	14	15	19	11	2	2	7	5	5	5
ENSG00000049449	1627	2548	1811	1914	2024	1757	1533	1465	1347	1563	1530	1458
ENSG00000049540	2	1	0	0	0	0	1	1	2	2	0	2
ENSG00000049541	1919	3096	2403	2153	2392	2137	1862	1753	1533	1956	1839	1715
ENSG00000049618	5523	8748	5713	7134	7212	6233	5605	5599	4977	5845	4765	4916
ENSG00000049656	4523	6345	4760	5130	5491	4655	4229	3780	3627	4200	4265	3590
ENSG00000049759	41	95	54	49	51	48	46	57	45	65	60	27
ENSG00000049768	6	21	14	14	7	6	3	5	15	13	4	7
ENSG00000049769	165	253	190	220	236	192	163	196	172	201	164	158
ENSG00000049860	2456	3755	2622	3671	4052	3508	2300	2015	1916	2277	2154	2090
ENSG00000049883	1035	1577	957	923	983	842	1043	1012	893	1060	935	890
ENSG00000050130	1773	2704	2111	1899	2083	1760	1789	1936	1607	1985	1828	1746
ENSG00000050165	19	26	22	6	12	19	19	23	18	22	14	15
ENSG00000050344	782	1171	893	894	992	843	690	635	613	763	675	682
ENSG00000050393	2071	3301	2479	2193	2353	2030	2139	1953	1780	2148	2027	1964
ENSG00000050405	1392	2298	1589	2472	2766	2264	1739	1677	1440	1796	1618	1607
ENSG00000050426	2102	3782	2795	2767	2812	2637	2602	2718	2230	3026	2679	2212
ENSG00000050438	832	1545	1000	1420	1327	1238	1420	1690	1402	1584	1451	1334
ENSG00000050555	17	28	33	54	87	45	48	33	30	42	31	29
ENSG00000050628	5	14	17	8	13	18	9	7	6	12	9	8
ENSG00000050730	9	15	12	5	18	10	10	11	11	12	2	11
ENSG00000050748	2745	4393	3046	2586	2930	2603	2624	2571	2343	2818	2551	2387
ENSG00000050767	713	1117	865	909	874	957	744	724	601	842	645	622
ENSG00000051009	968	1750	1332	1233	1425	1320	1354	1361	1132	1539	1247	1212
ENSG00000051108	2671	5149	3588	3988	4196	4061	3448	3147	2899	3444	3218	2948
ENSG00000051128	1832	2651	2285	2484	2548	2218	1630	1494	1323	1637	1444	1491
ENSG00000051180	1385	2163	1589	1295	1281	1108	1247	1224	1091	1309	1252	1215
ENSG00000051341	3891	5911	3949	3458	3751	3269	3370	3652	3080	3769	3298	3394
ENSG00000051382	5052	8255	5986	3912	4166	3874	4901	5518	4280	6082	5637	4735
ENSG00000051523	6705	11743	9633	9363	10107	8781	7744	6900	6613	7953	7438	6652
ENSG00000051596	2771	4537	3292	2714	2866	2524	2800	2505	2315	2980	2794	2674
ENSG00000051620	2064	3181	2468	1655	1822	1596	1971	1995	1562	2045	1894	1864
ENSG00000051825	4301	6762	4467	4522	4690	4159	4487	4636	4134	4973	4373	4337
ENSG00000052126	99	143	114	119	163	102	123	137	122	125	118	117
ENSG00000052344	0	1	7	2	5	0	4	3	2	0	1	4
ENSG00000052723	2856	4805	3263	3108	3408	2979	3054	3029	2669	3107	2916	2842
ENSG00000052749	3413	5300	428	3368	3676	3213	3242	2797	2720	3273	2942	2934
ENSG00000052795	176	268	199	309	297	299	173	176	155	197	210	184
ENSG00000052802	5965	12219	8396	4294	4638	4486	5486	6464	4617	7199	6754	4982
ENSG00000052841	4953	8540	5478	5119	5296	4756	4847	5253	4570	5949	4876	4665
ENSG00000052850	6	5	5	0	0	2	3	0	5	1	5	5
ENSG00000053108	28	45	34	46	42	32	24	45	29	49	29	36
ENSG00000053254	12625	21251	14604	18233	19811	17588	13714	13217	11689	14626	12828	12525
ENSG00000053371	4840	8251	6547	5336	5721	5399	5356	4900	4428	5655	5346	4819
ENSG00000053372	3423	5056	4164	3088	3428	2980	2878	2589	2512	2790	2770	2598
ENSG00000053438	5	12	6	10	2	12	4	11	8	8	7	6
ENSG00000053501	828	1418	1132	844	898	851	824	865	695	902	912	847
ENSG00000053524	134	275	170	242	214	202	257	307	216	276	208	187
ENSG00000053702	25	51	36	36	51	44	40	49	32	25	37	20
ENSG00000053747	20	37	33	19	14	13	16	16	11	19	18	17
ENSG00000053770	2994	4292	3282	3245	3338	2855	2628	2652	2497	2785	2626	2666
ENSG00000053900	1712	2752	1863	1808	1992	1595	1700	1789	1603	1799	1762	1667
ENSG00000053918	515	811	631	909	912	820	695	611	583	727	590	559
ENSG00000054116	1415	2161	1669	1501	1654	1368	1187	1150	1106	1366	1199	1213
ENSG00000054118	11656	18480	12662	12461	13008	11212	11698	10358	9827	11829	10263	10674
ENSG00000054148	1518	2375	2037	1417	1607	1398	1662	1670	1322	1706	1470	1540
ENSG00000054179	1	3	2	2	2	4	3	1	1	8	6	6
ENSG00000054219	4414	7263	4936	6735	7142	6780	5507	5648	4990	6058	5660	4825
ENSG00000054267	2681	4613	3468	3570	3744	3390	2924	2861	2589	3045	2909	2542
ENSG00000054277	5057	8457	6499	5821	6312	5778	5431	5454	4606	6230	5582	4629
ENSG00000054282	471	671	553	582	643	541	598	646	522	671	330	351
ENSG00000054523	663	1195	784	1054	1106	1006	800	834	752	887	803	751
ENSG00000054598	0	1	0	2	2	0	2	1	0	0	0	0
ENSG00000054611	1760	2978	2374	2291	2352	2456	2259	2300	1894	2424	2127	1938
ENSG00000054654	177	353	15	256	264	211	257	339	253	326	223	249
ENSG00000054690	510	901	665	694	688	594	654	785	715	853	745	656
ENSG00000054793	46	96	86	46	55	31	48	73	54	48	70	80
ENSG00000054965	2454	4408	3107	2861	2988	2717	2786	3039	2631	3386	2861	2461
ENSG00000054967	2320	3951	3213	2702	2773	2663	2799	2916	2493	3177	2901	2439
ENSG00000054983	1310	2184	1597	1421	1533	1427	1461	1481	1250	1550	1627	1324
ENSG00000055044	2931	4760	3376	3087	3296	2660	2534	2523	2300	2518	2506	2552
ENSG00000055070	5719	9359	7323	6075	6577	5908	5613	5375	4740	6220	5763	5132
ENSG00000055118	41	53	52	55	62	49	62	52	76	62	42	43
ENSG00000055130	1995	2904	2086	1760	1968	1711	1770	1726	1548	1951	1661	1664
ENSG00000055147	1024	1819	1224	1079	1167	1018	854	976	787	988	948	869
ENSG00000055163	481	732	504	580	615	531	587	509	554	549	529	524
ENSG00000055208	2789	4585	3203	4096	4361	3753	3258	3054	2758	3352	2920	2724
ENSG00000055211	907	1598	1116	839	1019	812	903	961	889	1015	976	888
ENSG00000055332	1699	2578	1814	1820	1956	1698	1806	1760	1599	2006	1827	1796
ENSG00000055483	3532	5087	3786	3619	3712	3303	3417	3130	3001	3362	2945	3123
ENSG00000055609	11178	18253	11697	13610	13892	12281	13936	14249	12924	15690	13197	12900
ENSG00000055917	13643	21343	14669	14493	16119	13460	12650	12303	11207	13311	12311	12116
ENSG00000055950	775	1413	1091	856	891	870	844	867	714	891	876	753
ENSG00000055955	134	171	102	141	108	87	59	66	77	87	48	69
ENSG00000055957	3	14	8	7	6	7	11	11	9	15	11	3
ENSG00000056050	412	535	387	376	377	329	294	290	290	333	346	323
ENSG00000056097	20601	36415	25896	18399	20136	17438	18969	19789	16446	20921	20932	18320
ENSG00000056277	657	1115	582	788	854	724	762	704	630	723	632	684
ENSG00000056291	0	0	0	0	1	0	1	1	1	0	0	1
ENSG00000056558	545	1342	1067	732	755	744	708	801	517	869	731	400
ENSG00000056586	3360	5407	3628	3754	3891	3552	3817	3873	3246	4162	3677	3449
ENSG00000056736	10	11	3	9	9	3	4	3	4	6	4	6
ENSG00000056972	477	779	611	487	531	483	597	642	501	652	539	518
ENSG00000056998	89	143	124	81	90	80	58	69	49	89	79	81
ENSG00000057019	918	1381	907	1015	1067	1038	778	808	656	870	717	810
ENSG00000057252	1823	2738	1924	3215	3449	3015	1744	1581	1538	1705	1638	1544
ENSG00000057294	3	3	2	3	6	10	0	2	5	4	2	6
ENSG00000057468	11	14	13	17	18	10	9	11	4	25	11	11
ENSG00000057608	20744	34122	24391	25934	28162	23850	21880	20230	18143	22155	19999	19295
ENSG00000057657	90	175	106	129	118	112	131	124	112	161	122	142
ENSG00000057663	1383	2002	1605	1334	1489	1251	1229	1178	1022	1242	1249	1036
ENSG00000057704	0	0	5	1	2	3	3	11	3	5	2	10
ENSG00000057757	1176	1888	1525	1285	1442	1190	1128	1095	1007	1234	1171	1117
ENSG00000057935	126	238	177	261	274	227	190	160	147	204	144	140
ENSG00000058056	1538	2031	1582	2379	2564	2062	1188	1080	1136	1225	1065	1149
ENSG00000058063	7017	11970	7482	6800	7325	6459	6611	6695	5577	7256	6696	6173
ENSG00000058085	12	12	12	6	9	4	12	8	10	10	6	6
ENSG00000058091	416	621	447	306	261	253	268	312	219	308	304	303
ENSG00000058262	15145	24586	17539	16015	16870	15185	13662	12614	11239	14886	12392	12853
ENSG00000058272	5171	8723	5836	5600	5703	5008	4909	5078	4431	5520	5024	4709
ENSG00000058335	27	49	50	44	57	27	61	50	48	50	45	37
ENSG00000058404	141	217	182	155	175	149	178	173	129	183	145	122
ENSG00000058453	207	341	246	273	281	243	222	276	231	285	232	184
ENSG00000058600	2140	2944	2087	2021	2250	1776	1754	1585	1471	1732	1685	1733
ENSG00000058668	8992	16613	11474	12900	13944	13094	11833	11724	10055	12869	11486	10537
ENSG00000058673	11217	17541	11564	10064	11108	10266	10851	10257	9155	12008	11254	9956
ENSG00000058729	1579	2468	1784	1501	1632	1394	1497	1382	1203	1468	1432	1279
ENSG00000058799	584	1042	756	777	792	736	628	682	526	727	792	598
ENSG00000058804	6144	8630	5779	6397	7008	5733	5122	4889	4565	5315	4860	4624
ENSG00000058866	740	1282	792	615	624	600	877	1015	724	1017	894	821
ENSG00000059122	1420	2597	2101	1872	2080	1744	1640	1778	1518	1875	1708	1409
ENSG00000059145	668	1128	955	863	979	873	919	1031	804	1048	944	748
ENSG00000059377	879	1570	1171	1155	1227	1090	1268	1233	1086	1305	1327	1100
ENSG00000059378	18	38	20	47	49	32	14	10	13	18	24	14
ENSG00000059573	5348	7878	5954	4829	5041	4224	4289	4013	3791	4352	4252	4345
ENSG00000059588	9269	14731	10685	10278	11103	9886	8946	9235	7889	10045	8906	8395
ENSG00000059691	1249	1919	1319	1177	1211	1006	1034	1021	829	1138	1024	993
ENSG00000059728	1505	2935	1997	1569	1655	1503	1560	1612	1220	1781	1518	1476
ENSG00000059758	982	1695	1203	1366	1274	1166	1123	1090	971	1091	1090	922
ENSG00000059769	292	480	312	313	333	302	252	246	194	245	234	237
ENSG00000059804	4525	11541	8162	5456	5349	5394	5539	7047	4594	7614	6810	3420
ENSG00000059915	20	43	34	36	22	27	28	38	28	31	32	30
ENSG00000060069	2463	4034	3167	3010	3172	2623	2329	2279	1971	2316	2343	2396
ENSG00000060138	6157	10152	7496	6689	7197	6009	5979	5553	4769	6181	5776	5500
ENSG00000060140	33	58	42	51	38	40	27	32	34	56	30	35
ENSG00000060237	13363	21466	13915	16412	16893	14869	13267	12616	11357	14682	11356	12029
ENSG00000060339	4201	6644	4509	4704	4836	4171	3939	3857	3566	4100	3808	3751
ENSG00000060491	1927	3070	2569	2244	2403	2131	1933	1718	1665	2086	1905	1702
ENSG00000060558	5806	10373	7830	9948	10551	9662	5340	5526	4428	6232	5621	4561
ENSG00000060566	0	0	0	0	0	3	0	2	1	3	0	1
ENSG00000060642	897	1458	1117	1016	1074	940	888	935	783	1096	957	830
ENSG00000060656	125	250	159	129	113	113	152	173	109	174	152	105
ENSG00000060688	3285	5012	4133	3386	3469	2900	2940	2527	2504	2970	2912	2681
ENSG00000060718	2	8	7	0	1	0	7	3	4	3	5	0
ENSG00000060749	6848	10889	6582	6713	6935	5779	6762	6895	6037	7625	6140	6696
ENSG00000060762	802	1303	881	870	842	699	655	539	555	689	580	625
ENSG00000060971	1511	2407	1869	2220	2491	2276	1761	1685	1578	1854	1741	1566
ENSG00000060982	10616	15769	11194	9020	9950	7724	6330	5904	5600	6490	6065	7318
ENSG00000061273	1808	2837	2270	3291	3301	2929	1785	1649	1519	1810	1667	1543
ENSG00000061337	912	1416	1130	1400	1445	1239	963	752	810	950	847	896
ENSG00000061455	0	0	0	1	4	1	0	0	0	2	1	0
ENSG00000061656	80	183	173	94	115	119	109	121	86	97	122	78
ENSG00000061676	97	162	100	151	112	135	155	176	148	154	135	148
ENSG00000061794	2893	4310	2976	3017	3291	2814	2741	2526	2275	2828	2444	2441
ENSG00000061936	2572	4182	2962	2838	2889	2594	2692	2688	2327	2855	2461	2364
ENSG00000061938	1416	2372	1898	1613	1867	1805	1810	1840	1593	2026	1742	1511
ENSG00000061987	3720	6279	4225	4449	4834	4245	4065	4405	3710	4671	3890	3842
ENSG00000062038	96	138	117	117	117	104	127	148	148	130	121	123
ENSG00000062096	9	14	14	4	8	6	5	11	8	6	18	9
ENSG00000062194	4749	7828	5620	5068	5345	4755	4510	4504	3930	5073	4646	4178
ENSG00000062282	444	674	450	232	317	220	412	410	349	530	382	383
ENSG00000062370	1	5	1	11	5	8	9	8	3	16	6	7
ENSG00000062485	12201	19536	13840	13057	14213	12279	11434	10509	9950	12185	10781	10599
ENSG00000062524	232	431	299	105	137	109	193	253	190	317	253	257
ENSG00000062582	968	1585	1294	981	1132	940	988	893	823	997	1029	788
ENSG00000062598	1805	2765	2089	1798	1962	1776	1544	1525	1332	1731	1589	1549
ENSG00000062650	8268	13217	9309	8783	9504	8277	7760	7502	6780	8217	7831	7534
ENSG00000062716	7074	12023	8121	8647	9015	7618	6311	7315	5610	7787	6973	5801
ENSG00000062725	2106	3526	2576	2328	2556	2337	2064	2187	1887	2288	2197	2010
ENSG00000062822	11548	16828	14328	11070	11784	10281	9599	9407	8233	10492	9921	8997
ENSG00000063015	7	11	7	8	10	4	6	12	10	8	7	11
ENSG00000063046	41974	70456	53983	45299	49595	44433	42579	39072	35905	42740	41874	37870
ENSG00000063127	7	8	8	4	8	14	10	10	7	7	5	3
ENSG00000063169	515	802	633	822	858	791	654	580	507	632	537	491
ENSG00000063176	1377	2086	1667	1631	1634	1389	1253	1205	1151	1368	1168	1221
ENSG00000063177	27505	49255	39912	34913	38062	35238	30236	29357	26599	32484	32623	26121
ENSG00000063180	20	49	37	24	22	26	31	22	25	40	37	16
ENSG00000063241	1986	3301	2831	2002	2110	1846	1856	1706	1500	1811	1781	1689
ENSG00000063244	9290	14788	12049	10168	10567	9182	9397	8323	7692	9113	8135	8219
ENSG00000063245	6502	10663	8731	8084	8592	7648	7403	7377	6801	8118	7347	6852
ENSG00000063322	1999	3565	2519	2582	2642	2361	2119	2015	1820	2143	1985	1939
ENSG00000063438	552	937	864	428	465	515	367	549	373	630	489	427
ENSG00000063587	1186	2006	1338	1298	1350	1235	1285	1250	1102	1458	1223	1136
ENSG00000063601	741	1142	901	1088	1141	1085	863	845	773	930	854	721
ENSG00000063660	494	697	682	487	537	486	485	404	371	496	455	425
ENSG00000063761	286	488	376	554	558	485	321	282	281	349	239	257
ENSG00000063854	475	777	629	683	666	556	493	493	399	452	419	470
ENSG00000063978	4157	6330	4697	4736	4729	4362	3862	3757	3408	4264	3886	3593
ENSG00000064012	1047	1785	1341	1340	1490	1380	1245	1226	972	1218	1141	1083
ENSG00000064102	1783	2713	1853	1621	1775	1455	1424	1512	1324	1718	1707	1397
ENSG00000064115	3113	4810	3408	2740	2924	2534	2807	2856	2619	3301	2808	2760
ENSG00000064195	0	1	2	0	0	0	0	0	0	0	1	0
ENSG00000064199	111	166	127	113	122	92	95	82	88	85	73	64
ENSG00000064201	866	1451	1080	846	766	729	817	962	695	1052	860	723
ENSG00000064205	0	3	3	3	3	5	4	10	6	5	5	1
ENSG00000064218	1	4	6	0	0	0	2	7	1	1	1	5
ENSG00000064225	244	492	349	291	366	366	410	435	337	505	488	364
ENSG00000064270	4	1	0	4	9	5	1	3	0	2	0	3
ENSG00000064300	97	210	165	293	328	358	227	169	185	192	184	159
ENSG00000064309	288	494	370	361	333	308	364	318	374	393	315	312
ENSG00000064313	4559	6838	4728	4702	4971	4277	4217	3967	3600	4654	4270	3954
ENSG00000064393	1239	2521	1589	3540	3851	3526	2415	2173	2074	2454	1978	1757
ENSG00000064419	4891	8044	5965	5128	5480	4684	4474	4390	3898	4772	4441	4363
ENSG00000064489	166	158	166	144	143	171	170	130	117	137	137	75
ENSG00000064490	1509	2496	2205	1681	1867	1630	1655	1495	1264	1621	1558	1326
ENSG00000064545	1692	2592	2165	1491	1662	1459	1326	1364	1126	1597	1533	1299
ENSG00000064547	926	1559	1305	1415	1421	1290	1340	1541	1101	1650	1297	977
ENSG00000064601	2558	4159	2880	3031	3294	2666	2794	2633	2359	3145	2384	2463
ENSG00000064607	11397	18380	12904	14797	14915	13630	13862	13275	12107	14310	12268	11693
ENSG00000064651	1474	2151	1547	1703	1863	1608	1344	1253	1181	1437	1237	1223
ENSG00000064652	128	190	135	178	239	158	146	139	128	150	142	104
ENSG00000064655	1	3	3	0	2	0	1	3	1	0	0	1
ENSG00000064666	7894	14681	10750	10810	11460	10710	11447	10817	9918	12660	11151	9638
ENSG00000064687	2996	4922	4343	6177	6524	6051	4674	4621	4300	5253	4691	3847
ENSG00000064703	1467	2372	1680	1531	1634	1404	1321	1284	1298	1499	1413	1364
ENSG00000064726	4064	6234	4395	4632	5139	4389	3541	3100	3058	3363	3322	3184
ENSG00000064763	437	671	480	255	293	260	402	419	345	501	420	382
ENSG00000064787	31	48	29	46	37	41	41	32	33	44	49	41
ENSG00000064886	17	22	30	11	8	20	16	12	7	21	17	10
ENSG00000064932	4232	6533	4970	4715	4525	4452	3455	3751	2947	4777	3621	3396
ENSG00000064933	1827	2771	1982	1820	1876	1592	1550	1524	1357	1672	1538	1528
ENSG00000064961	3892	6469	5132	4229	4294	4105	4008	3782	3279	4153	3841	3530
ENSG00000064989	8	25	12	7	9	13	14	17	12	19	14	12
ENSG00000064995	1131	1822	1452	1205	1268	1201	1151	1182	992	1242	1321	1068
ENSG00000064999	1703	2965	2134	2073	2222	1956	1792	1781	1569	2204	1841	1811
ENSG00000065000	11820	19145	14917	13329	14119	12588	11042	10238	9574	11476	10047	10210
ENSG00000065029	826	1238	883	905	958	758	805	830	690	952	714	771
ENSG00000065054	50	84	72	52	45	57	55	47	40	58	38	38
ENSG00000065057	405	581	597	454	464	399	322	315	295	370	385	272
ENSG00000065060	2985	4299	2959	2393	2495	2156	2548	2563	2201	2674	2427	2565
ENSG00000065135	5335	8880	6294	5530	5839	5184	5064	5284	4265	5504	5351	4718
ENSG00000065150	13825	20722	15050	15582	16981	14266	11114	10017	9930	11331	10325	10287
ENSG00000065154	1695	2569	1859	1695	1923	1496	1564	1402	1328	1596	1446	1290
ENSG00000065183	3670	5669	4016	3429	3785	3206	3351	3153	2944	3400	3334	3277
ENSG00000065243	1788	3208	2035	2017	2265	1956	2381	2591	2024	2709	2470	2120
ENSG00000065268	2253	3717	2567	2300	2494	2133	2280	1890	1897	2230	1882	1962
ENSG00000065308	1308	2209	1608	2282	2581	2210	1514	1377	1271	1519	1281	1296
ENSG00000065320	35	46	48	62	59	54	52	18	29	31	20	39
ENSG00000065328	3678	5063	3692	3222	3469	2762	2843	2636	2570	2977	2665	2726
ENSG00000065357	785	1368	953	706	739	731	936	1065	805	1111	924	811
ENSG00000065361	3	9	7	11	7	9	12	14	12	4	7	6
ENSG00000065413	3955	6633	4574	4622	5063	4476	4254	4537	3835	4930	4194	3998
ENSG00000065427	7631	11854	8189	8417	9121	7813	7331	6181	6074	7366	6275	6626
ENSG00000065457	757	1129	854	1188	1288	1094	809	704	668	762	647	744
ENSG00000065485	596	1042	797	532	586	428	544	518	513	636	525	556
ENSG00000065491	625	1074	694	561	513	545	517	606	487	601	527	527
ENSG00000065518	813	1460	905	922	1026	840	904	714	684	933	690	697
ENSG00000065526	8831	14653	9799	11274	11508	10157	9878	9424	8406	10502	8693	8973
ENSG00000065534	52	75	35	103	64	69	58	72	63	74	75	44
ENSG00000065548	3352	5306	3979	3185	3671	2937	2699	2601	2467	2769	2810	2695
ENSG00000065559	1519	2779	1865	1917	2134	1855	1571	1417	1350	1784	1473	1497
ENSG00000065600	1266	1959	1535	1640	1610	1411	1345	1303	1231	1398	1312	1227
ENSG00000065613	3767	6000	4227	3201	3589	3172	3482	3693	2946	3699	3536	3371
ENSG00000065615	2131	3471	2359	2786	3104	2806	2340	2381	2172	2487	2290	2118
ENSG00000065618	0	1	0	0	1	1	0	2	1	0	0	3
ENSG00000065621	15	39	18	12	16	25	22	18	17	30	7	18
ENSG00000065665	399	768	464	575	573	423	458	467	406	448	385	418
ENSG00000065675	449	822	632	772	752	735	538	500	459	608	518	445
ENSG00000065717	2	11	3	4	10	2	0	1	2	4	5	5
ENSG00000065802	1649	2638	1928	1844	1968	1945	1792	1839	1700	2010	1937	1709
ENSG00000065809	9821	17304	12673	8948	9710	9362	10055	10743	8735	11242	11136	9100
ENSG00000065833	25	78	46	15	29	18	25	46	43	36	29	24
ENSG00000065882	5056	8084	5867	5585	5871	5320	4962	4724	4097	5544	5067	4617
ENSG00000065883	8362	13867	9739	10539	10554	9527	9250	9171	8072	9709	8402	8236
ENSG00000065911	10138	16130	12258	9105	10089	8659	8964	8577	7342	9249	8948	8610
ENSG00000065923	434	829	559	533	552	529	837	866	792	908	767	747
ENSG00000065970	1156	1876	1250	1418	1517	1370	1139	1091	982	1325	1068	1042
ENSG00000065978	14965	23393	15532	14640	15181	12981	13657	11432	10579	13610	11625	11688
ENSG00000065989	819	1524	1067	1598	1799	1549	1019	1011	933	1183	948	859
ENSG00000066027	2971	5261	3931	3339	3890	3503	2929	3036	2463	3442	3169	2667
ENSG00000066044	8830	13307	9179	9462	9610	8089	7959	7356	6825	8289	7279	7149
ENSG00000066056	96	159	67	106	130	108	161	158	128	117	136	139
ENSG00000066084	9634	14879	10334	10767	11345	10196	9051	8966	8031	10262	9266	8876
ENSG00000066117	2183	3414	2594	2717	2926	2421	2132	1721	1730	2106	1692	2010
ENSG00000066135	4014	6413	4973	4167	4590	4182	4212	4035	3619	4680	4331	3873
ENSG00000066136	1345	2241	1644	1511	1814	1536	1494	1333	1247	1557	1248	1363
ENSG00000066185	14	51	27	32	21	18	26	28	20	43	24	31
ENSG00000066230	1016	1559	1165	1241	1322	1235	805	805	691	924	782	709
ENSG00000066248	4	7	4	5	12	2	3	8	3	5	1	4
ENSG00000066279	9953	14511	9679	9916	10393	8562	9075	8858	7976	9415	8216	9065
ENSG00000066294	621	974	620	2335	2377	1950	1138	1264	1024	1396	1102	1146
ENSG00000066322	1068	1774	1213	1494	1510	1428	917	848	751	1036	814	824
ENSG00000066336	2590	4705	3603	2845	2984	2727	2878	2696	2260	2979	2575	2514
ENSG00000066379	431	669	327	452	475	444	456	140	393	464	443	393
ENSG00000066382	0	4	1	3	2	1	0	1	3	4	1	0
ENSG00000066422	3013	4779	3350	3166	3371	2930	3143	2994	2772	3359	2957	3045
ENSG00000066427	2737	4401	3209	3097	3212	2981	3042	3213	2696	3312	3151	2754
ENSG00000066455	1058	1794	1301	1137	1275	1181	1143	1237	990	1136	1075	1095
ENSG00000066468	23	35	22	42	27	25	39	61	35	43	35	27
ENSG00000066557	1453	2388	1557	1529	1842	1468	1252	1212	1183	1319	1359	1180
ENSG00000066583	608	942	754	493	595	528	503	454	410	502	480	535
ENSG00000066629	23	15	14	20	28	23	22	31	26	33	33	30
ENSG00000066651	430	809	636	509	565	483	511	529	457	578	542	488
ENSG00000066654	2454	4108	2736	3065	3198	2693	2341	2174	2167	2526	2419	2264
ENSG00000066697	170	279	179	122	157	141	167	154	115	173	120	171
ENSG00000066735	8	11	9	2	3	7	5	18	4	25	8	2
ENSG00000066739	2197	3268	2244	2452	2586	2247	2070	2137	1987	2263	1919	1958
ENSG00000066777	7672	12740	8766	9094	9610	8436	7638	7682	6798	8039	7821	7191
ENSG00000066813	82	156	62	145	172	143	119	175	142	148	108	146
ENSG00000066827	1345	2086	1330	1465	1514	1318	1209	1102	1180	1230	1020	1153
ENSG00000066855	2051	3099	2302	1740	1854	1737	1499	1447	1303	1702	1629	1513
ENSG00000066923	666	1205	860	998	1007	872	1063	1063	920	1132	940	858
ENSG00000066926	1174	1930	1442	1357	1502	1335	1193	1159	1083	1304	1221	1088
ENSG00000066933	2747	4778	3126	3060	3195	2848	3154	3310	2709	3545	3104	2922
ENSG00000067048	5441	9787	7010	5479	5780	5422	6114	6265	5234	6470	6540	5244
ENSG00000067057	7919	13412	10000	7767	8367	7984	8692	8621	7432	9957	8707	7197
ENSG00000067064	10325	19540	13079	7332	7608	7213	7871	8619	6312	9184	9528	7952
ENSG00000067066	1939	3438	2280	2498	2673	2419	2369	2365	1969	2669	2103	1978
ENSG00000067082	3811	7701	5605	4595	4544	4238	2296	2750	1794	2505	2841	1479
ENSG00000067113	53	83	55	125	145	154	102	82	79	89	85	67
ENSG00000067141	24	46	36	39	30	30	29	27	29	46	27	15
ENSG00000067167	6804	11823	7618	7229	7815	7191	5367	5191	4183	5939	5201	4767
ENSG00000067177	9	15	9	16	17	25	18	26	16	10	8	10
ENSG00000067182	4342	7239	5156	4260	4433	4140	4704	4599	3988	5054	4334	4347
ENSG00000067191	82	159	130	183	222	193	99	134	144	128	87	97
ENSG00000067208	1467	2256	1605	1728	1745	1534	1292	1352	1210	1474	1401	1292
ENSG00000067221	197	290	238	211	235	167	180	200	176	210	180	215
ENSG00000067225	31336	52820	38640	49435	53866	49035	34937	32186	30219	36829	32933	29285
ENSG00000067248	1820	2755	1843	1868	1980	1606	1572	1587	1437	1538	1465	1590
ENSG00000067334	2828	4674	2906	3404	3459	3176	3082	3039	2722	3068	2893	2974
ENSG00000067365	478	890	638	709	715	625	647	717	609	745	672	656
ENSG00000067369	2934	4773	3673	2538	2747	2450	2790	2932	2385	3264	2640	2561
ENSG00000067445	0	0	3	1	0	4	0	0	2	3	5	1
ENSG00000067533	883	1373	121	913	973	904	873	820	736	778	775	838
ENSG00000067560	25018	41777	32551	30533	33266	29634	24260	22534	21461	25305	25441	22384
ENSG00000067596	3538	5322	4025	4248	4605	3912	3451	3277	2861	3617	3152	3185
ENSG00000067606	34	71	72	36	42	49	43	101	52	75	50	44
ENSG00000067646	1353	2248	1527	1555	1732	1522	1267	1251	1084	1310	1254	1082
ENSG00000067704	6983	10774	8488	7046	7501	6658	6345	5988	5580	6978	6572	5838
ENSG00000067798	8178	11483	7428	4661	4757	4021	6307	7049	5232	7586	6267	6688
ENSG00000067829	1463	2177	1566	1728	1732	1526	1314	1266	1143	1392	1096	1148
ENSG00000067836	393	654	538	425	457	399	516	356	397	528	446	445
ENSG00000067840	0	1	0	0	1	4	0	0	1	3	1	1
ENSG00000067842	75	153	114	29	30	48	116	129	70	162	165	102
ENSG00000067900	6874	11345	8292	7743	7986	7379	7144	7215	6314	8036	7513	6607
ENSG00000067955	7502	11458	8068	8667	9405	7720	6538	5788	5573	6551	6089	6166
ENSG00000067992	2177	3899	2398	2773	2862	2907	2797	2974	2635	3202	3015	2382
ENSG00000068001	414	617	491	466	489	507	366	327	308	338	322	361
ENSG00000068024	3768	6249	4670	4145	4387	4122	4088	4440	3593	4875	4248	3671
ENSG00000068028	3288	5497	4637	3974	4287	3943	3417	3725	3133	4002	3833	2862
ENSG00000068078	109	193	111	67	77	57	111	131	83	189	109	94
ENSG00000068079	212	372	319	236	246	225	249	205	161	239	225	213
ENSG00000068097	1588	2526	1846	1769	1903	1722	1851	1696	1454	1878	1496	1601
ENSG00000068120	4502	6740	5325	4482	4832	4074	3814	3367	3119	3964	3626	3466
ENSG00000068137	428	744	537	426	385	438	432	472	413	500	483	405
ENSG00000068305	2595	4472	2951	3198	3545	3018	2234	2247	1992	2468	2083	2295
ENSG00000068308	1329	2257	1662	1642	1595	1553	1398	1456	1276	1536	1316	1321
ENSG00000068323	1101	1749	1316	1037	1149	1011	1059	1041	774	1191	1015	885
ENSG00000068354	875	1465	1154	866	942	906	1008	1003	843	1118	981	859
ENSG00000068366	9049	14860	9972	8170	8601	7910	7016	6993	5917	7729	7569	6914
ENSG00000068383	2748	4640	3440	2483	2861	2504	2566	2731	2281	2927	2710	2430
ENSG00000068394	501	906	702	554	608	551	562	564	424	586	523	478
ENSG00000068400	1753	3031	2250	1957	2126	1924	2134	2115	1867	2236	2004	1882
ENSG00000068438	1747	2653	391	1666	1743	1475	1518	1311	1214	1568	1490	1388
ENSG00000068489	2881	4633	3478	3628	3809	3254	3057	2838	2407	3152	2894	2791
ENSG00000068615	22	36	25	32	32	23	17	24	23	25	39	19
ENSG00000068650	8071	12660	8735	9153	9483	8523	8351	8213	7461	8993	7828	7580
ENSG00000068654	7905	11582	8492	8343	8980	7349	7847	6785	6762	7831	6735	7199
ENSG00000068697	2232	4122	2780	4027	4462	3905	2630	2586	2341	2710	2471	2394
ENSG00000068724	8868	13679	11280	8755	9404	8568	8897	8900	7789	10059	9139	8604
ENSG00000068745	1540	2883	2033	2063	2157	1958	1819	1738	1612	1929	1702	1652
ENSG00000068781	27	55	54	6	8	11	18	5	18	13	2	15
ENSG00000068784	1299	1919	1470	1339	1442	1225	1092	1156	1030	1210	1124	1065
ENSG00000068796	4897	7057	4973	4818	5122	4296	4004	3518	3430	3851	3860	3714
ENSG00000068831	4013	6637	5191	3592	3784	3338	3647	3644	3202	4258	3591	3378
ENSG00000068878	7324	10989	7724	7498	7913	6662	5831	5480	4952	6090	5519	5641
ENSG00000068885	1379	2531	1538	1404	1503	1478	1436	1491	1292	1596	1421	1244
ENSG00000068903	2053	3362	2608	2504	2782	2389	2370	2187	1917	2582	2212	2026
ENSG00000068912	1671	2860	2063	1730	1993	1735	1587	1483	1345	1663	1568	1515
ENSG00000068971	206	373	352	285	317	263	260	297	229	309	251	197
ENSG00000068976	31	49	38	30	50	37	31	38	26	27	23	26
ENSG00000069011	20424	35167	29055	29251	30561	28329	20771	18464	17758	20834	19133	18287
ENSG00000069020	33	71	41	38	44	33	32	49	39	37	41	27
ENSG00000069188	361	791	564	316	342	370	492	617	442	710	552	478
ENSG00000069248	5498	8725	6459	5916	6380	5525	5119	4999	4641	5649	5215	4958
ENSG00000069275	40228	63966	45068	42445	46485	40597	38808	36884	33054	40943	37941	36658
ENSG00000069329	8979	13685	10117	10467	11054	9472	8419	8007	7308	8541	8064	7707
ENSG00000069345	4114	6188	4449	4282	4398	3850	3926	3728	3134	3905	3510	3460
ENSG00000069399	185	358	330	623	609	617	361	305	224	311	298	262
ENSG00000069424	22652	38125	28687	25433	26141	24586	25607	23769	21013	27608	23862	21497
ENSG00000069431	864	1343	212	1168	1077	1013	1054	1458	1131	1304	1009	983
ENSG00000069482	217	389	226	196	206	167	191	146	124	151	124	111
ENSG00000069493	3339	5180	3321	5150	5444	4782	4460	4086	4018	4526	3840	3924
ENSG00000069509	293	461	422	296	323	302	326	286	244	362	348	283
ENSG00000069667	4	3	4	8	6	4	4	5	3	5	21	3
ENSG00000069696	29	13	13	12	8	13	15	19	26	7	13	11
ENSG00000069702	21	34	43	20	23	11	20	21	14	14	26	21
ENSG00000069812	74	147	109	121	134	98	116	134	102	114	108	88
ENSG00000069849	4315	6296	4945	4425	4899	3966	3482	3265	2865	3631	3580	3256
ENSG00000069869	1419	2506	505	1965	1816	1580	1909	2538	1845	2311	1740	1796
ENSG00000069943	940	1533	1187	757	808	643	852	1060	834	1169	1002	941
ENSG00000069956	6426	10422	7207	6079	6385	5570	5312	5426	4690	5566	5129	5359
ENSG00000069966	1368	2173	1605	1283	1406	1297	1543	1530	1349	1675	1587	1416
ENSG00000069974	5719	9840	6901	3354	3416	3180	5676	6584	5044	6929	6512	5986
ENSG00000069998	2986	4684	4127	2913	3437	2999	2885	2935	2427	3229	3209	2588
ENSG00000070010	1245	1998	1381	1381	1586	1322	1267	1057	1037	1235	1045	1097
ENSG00000070018	14	7	14	15	22	11	6	13	11	4	6	3
ENSG00000070031	1	1	0	1	1	2	1	0	3	2	2	2
ENSG00000070047	23	100	176	112	75	56	37	115	50	21	108	21
ENSG00000070061	4199	6786	5037	4967	5336	5299	5512	5343	4862	5680	5165	4204
ENSG00000070081	10558	17309	12351	9499	10241	8625	10118	10129	8983	10981	9941	9635
ENSG00000070087	2	5	3	5	2	2	7	4	6	6	3	3
ENSG00000070159	563	960	746	842	881	744	574	487	533	562	516	521
ENSG00000070182	580	946	665	733	620	624	754	858	788	827	806	687
ENSG00000070190	426	856	586	481	552	499	676	808	591	803	764	641
ENSG00000070193	5	3	5	3	3	3	1	7	3	3	3	2
ENSG00000070214	64303	104747	73447	64371	69671	63787	70079	70331	61785	76566	72176	61813
ENSG00000070269	1236	2026	1295	1516	1504	1388	1445	1467	1369	1652	1518	1303
ENSG00000070366	1731	3017	2324	2953	2990	2757	2360	2327	2125	2478	2174	1901
ENSG00000070367	5719	9107	6209	5415	6015	5161	4801	4935	4307	5272	5054	4778
ENSG00000070371	4120	6000	4492	2855	2945	2542	4071	4205	3609	4585	4089	3784
ENSG00000070388	16	18	18	11	15	12	31	30	21	23	14	19
ENSG00000070404	335	577	472	366	332	384	301	387	303	441	335	292
ENSG00000070413	3264	5385	4342	4132	4434	3992	3711	3614	3281	4080	3534	3246
ENSG00000070423	1857	2667	2202	1896	1967	1699	1619	1449	1301	1563	1438	1555
ENSG00000070444	1980	3354	2486	2375	2355	2131	2070	2077	1709	2441	2032	1884
ENSG00000070476	2908	4900	3765	3133	3176	2911	2969	3111	2749	3530	3090	2854
ENSG00000070495	1049	1833	1456	1111	1180	1057	1220	1188	1019	1232	1242	908
ENSG00000070501	520	883	625	1004	1123	1031	642	693	562	657	593	610
ENSG00000070540	150	309	252	154	185	177	124	208	132	185	165	136
ENSG00000070601	362	639	498	533	497	398	565	619	511	608	599	556
ENSG00000070610	1177	1991	1476	1594	1680	1493	1478	1423	1286	1498	1460	1269
ENSG00000070614	727	1075	816	1477	1596	1401	738	709	642	778	632	587
ENSG00000070669	2380	3832	2673	2407	2514	2058	1869	1705	1620	1845	1777	1981
ENSG00000070718	1022	1625	1126	1572	1547	1484	1032	1003	902	1084	996	1004
ENSG00000070731	2	21	13	30	22	22	7	13	11	9	13	6
ENSG00000070748	2	3	1	0	0	0	0	1	0	2	0	3
ENSG00000070756	127302	209960	152626	151128	164040	145260	131136	120329	109143	133891	126934	117742
ENSG00000070759	347	722	536	495	513	515	476	501	361	546	561	357
ENSG00000070761	885	1509	1156	943	1024	818	884	892	762	936	863	892
ENSG00000070770	7157	11217	7911	7526	7988	7102	7191	6568	5933	7579	6972	6651
ENSG00000070778	8	13	12	15	3	7	2	6	4	4	6	8
ENSG00000070785	854	1417	1120	1142	1298	1051	827	712	757	859	773	870
ENSG00000070808	4	11	10	9	6	8	18	15	7	13	8	11
ENSG00000070814	4360	6462	4922	5249	5509	4927	3588	3054	3114	3544	3128	3447
ENSG00000070831	13373	22600	15261	16772	17738	15600	13609	12867	11620	14316	12309	12333
ENSG00000070882	649	1021	700	744	842	636	567	531	423	623	482	494
ENSG00000070915	142	305	200	327	353	340	343	297	312	341	269	230
ENSG00000070950	2137	3449	2178	2142	2045	1714	2077	1997	1784	2119	1923	1916
ENSG00000070961	4219	6417	4721	8006	8624	7473	4252	3947	3678	4233	3830	3761
ENSG00000070985	15	14	11	19	8	14	14	22	9	14	6	7
ENSG00000071051	3203	5871	4529	3175	3240	3251	2833	3095	2337	3188	3010	2617
ENSG00000071054	8595	13555	10027	12096	12435	10899	9159	7978	7929	9209	7988	8061
ENSG00000071073	292	473	317	371	405	359	397	501	365	446	446	446
ENSG00000071082	6588	10388	7860	7147	7577	6963	6737	6191	5136	6543	6478	5495
ENSG00000071127	10140	16317	12174	13057	13691	12263	12216	10779	10408	12362	10952	10612
ENSG00000071189	2244	3966	2664	2389	2531	2278	2385	2494	2155	2651	2498	2260
ENSG00000071205	722	1218	791	962	1094	934	936	897	920	942	815	878
ENSG00000071242	535	940	640	738	919	706	637	598	486	648	517	516
ENSG00000071243	800	1369	960	983	959	905	731	723	637	820	689	645
ENSG00000071246	2415	4400	3382	2931	3071	2947	2945	3016	2562	3394	2859	2398
ENSG00000071282	66	104	66	39	34	22	65	105	51	83	58	40
ENSG00000071462	1200	1804	1407	1497	1496	1347	1270	1162	1050	1192	1169	1188
ENSG00000071537	7542	12257	8213	8191	8824	7983	7494	7390	6623	8291	7424	7248
ENSG00000071539	1327	1847	1457	1280	1432	1168	1115	1029	953	1087	1077	1046
ENSG00000071553	3581	6305	4892	3738	4147	3767	4036	3881	3158	4449	3806	3561
ENSG00000071564	10032	16081	11931	10627	11326	10267	9616	8920	7945	10150	8456	8400
ENSG00000071575	37	79	63	161	138	127	49	57	33	49	50	29
ENSG00000071626	8976	13737	10427	8980	9429	7984	8165	7507	6867	8510	7266	7446
ENSG00000071655	7417	10969	9068	8137	8524	7541	6775	6245	5909	7272	6777	6209
ENSG00000071794	3102	4856	3495	3129	3176	2982	3275	3354	2936	3561	3579	3071
ENSG00000071859	457	838	695	489	520	475	457	426	422	496	470	419
ENSG00000071889	635	1078	860	688	742	636	606	604	517	645	556	540
ENSG00000071894	11464	17166	12839	12195	12423	11029	10931	9796	9425	11582	9830	9993
ENSG00000071909	6	13	7	14	11	13	14	9	15	9	16	7
ENSG00000071967	1958	3566	2327	2628	2975	2748	2556	2906	2221	3137	2916	2302
ENSG00000071994	3168	4842	3800	3192	3444	2904	2469	2331	2080	2491	2474	2465
ENSG00000072042	1727	2958	2115	1733	1885	1700	1615	1487	1310	1642	1444	1443
ENSG00000072062	1244	1973	1356	1944	2078	1706	1348	1178	1020	1383	1055	1152
ENSG00000072071	496	781	626	1103	1139	1089	754	605	630	666	577	541
ENSG00000072080	8	14	1	11	12	11	4	9	5	4	11	12
ENSG00000072110	13145	21106	14968	12171	12565	11149	12764	12095	10699	13686	11545	11224
ENSG00000072121	1598	2675	1915	1660	1798	1709	1762	1908	1547	2009	1824	1709
ENSG00000072133	30	32	23	32	31	38	32	32	49	45	44	31
ENSG00000072134	214	403	287	282	306	259	254	302	219	315	318	242
ENSG00000072135	2450	3975	2744	2874	2954	2726	2842	2569	2387	2866	2499	2375
ENSG00000072163	1	6	5	1	3	4	6	2	4	4	8	3
ENSG00000072182	1	12	11	12	10	15	12	5	4	11	7	2
ENSG00000072195	78	130	80	105	101	120	127	142	136	112	124	119
ENSG00000072201	24	27	23	17	25	13	17	27	18	22	27	19
ENSG00000072210	1587	2704	1881	2376	2602	2207	2170	2163	1991	2240	2040	1981
ENSG00000072274	71641	123612	88729	42557	44868	39090	46304	49927	37265	52082	53560	47943
ENSG00000072310	7553	12248	10116	6967	7472	6562	6302	6515	5352	7508	6466	6520
ENSG00000072315	0	1	3	1	0	3	0	1	1	2	0	0
ENSG00000072364	4565	7997	5545	5821	6209	5666	5241	5220	4344	5675	5134	4753
ENSG00000072401	501	812	603	715	799	615	445	411	360	465	426	413
ENSG00000072415	626	1094	720	768	808	726	752	711	555	773	662	665
ENSG00000072422	6	7	5	6	20	12	4	12	7	5	6	15
ENSG00000072501	10288	15190	11257	10362	11193	9203	8897	7924	7465	9065	7961	8334
ENSG00000072506	1044	1533	1264	1022	1210	907	1003	756	763	846	862	826
ENSG00000072518	2387	3984	2962	3096	3408	2837	2521	2351	2123	2665	2344	2308
ENSG00000072571	4237	6626	4714	4099	4338	3533	3522	3358	3012	3495	3577	3442
ENSG00000072609	3103	4712	3699	3688	3839	3162	3140	3038	2796	3517	3239	3087
ENSG00000072657	1	1	1	0	0	0	0	0	0	1	2	2
ENSG00000072682	44	157	128	92	98	95	89	119	63	120	116	69
ENSG00000072694	142	363	357	2157	2131	2357	802	800	738	971	743	412
ENSG00000072736	10114	16904	11657	10093	10695	9414	9612	9741	8104	10948	9149	9239
ENSG00000072756	1504	2535	1943	1650	1807	1542	1292	1233	1174	1366	1215	1283
ENSG00000072778	12213	19773	15074	12940	13810	12269	10824	10363	9014	11894	10077	9340
ENSG00000072786	6228	11130	8311	7632	8121	7476	7097	6929	6054	7734	6679	6380
ENSG00000072803	3116	5087	3569	3953	4192	3679	2934	2770	2630	3233	2907	2627
ENSG00000072818	2008	3858	3060	2421	2504	2544	2786	2790	2329	3192	2924	2190
ENSG00000072832	3	6	4	7	0	8	2	4	3	3	7	6
ENSG00000072849	1462	2407	1675	1625	1882	1478	1499	1492	1153	1560	1401	1430
ENSG00000072858	126	211	132	147	199	154	118	116	132	131	114	150
ENSG00000072864	1704	2733	1989	2245	2199	1689	1737	1621	1484	1824	2297	2314
ENSG00000072952	18	16	21	14	21	14	22	17	14	19	15	10
ENSG00000072954	103	168	131	100	106	105	140	130	91	129	110	127
ENSG00000072958	5543	8751	6660	6080	6477	5744	5829	5688	4951	6354	5540	5430
ENSG00000073008	1647	2632	2021	1522	1619	1500	1488	1412	1246	1655	1595	1526
ENSG00000073050	1280	2080	1503	1156	1279	1055	1264	1280	1118	1479	1193	1018
ENSG00000073060	4392	6731	4676	4204	4313	3781	3815	3472	3153	4109	3322	3616
ENSG00000073067	9	14	20	9	9	4	16	6	2	8	5	7
ENSG00000073111	15855	23388	18527	12743	13931	12037	14176	13417	12234	15507	14107	13605
ENSG00000073146	123	255	193	131	185	180	237	235	188	249	217	194
ENSG00000073150	56	129	85	65	78	85	89	113	69	95	73	63
ENSG00000073169	1235	2024	1622	1559	1550	1316	1503	1501	1322	1604	1402	1534
ENSG00000073282	23	43	23	15	23	30	18	15	26	18	27	28
ENSG00000073331	1047	1787	1247	1053	996	912	997	1132	812	1117	962	910
ENSG00000073350	462	910	747	691	708	680	622	639	499	753	672	518
ENSG00000073417	230	358	263	377	377	338	270	274	249	291	231	230
ENSG00000073464	1239	2577	1851	1551	1656	1626	2133	2142	1806	2332	2051	1716
ENSG00000073536	1325	2083	1649	1408	1569	1436	1281	1168	1142	1418	1255	1227
ENSG00000073578	6557	9901	8020	7074	7491	6720	6244	5856	5126	6576	6092	5843
ENSG00000073584	3549	5517	3815	4851	5097	4329	3705	3520	3263	3780	3405	3272
ENSG00000073598	4	5	3	1	6	9	8	2	4	4	5	1
ENSG00000073605	180	376	221	219	213	198	330	440	308	435	353	295
ENSG00000073614	8985	15153	11280	11097	12143	11008	10669	10850	9459	11750	10662	9686
ENSG00000073670	72	159	103	75	72	71	92	122	89	124	115	66
ENSG00000073711	13	41	18	21	23	23	16	10	16	27	28	18
ENSG00000073712	183	281	221	219	225	224	235	250	230	259	215	212
ENSG00000073734	374	690	414	592	527	471	637	734	609	604	648	591
ENSG00000073737	84	141	91	54	76	70	152	133	116	164	145	139
ENSG00000073756	40	56	57	40	30	39	59	38	40	59	33	30
ENSG00000073792	5626	9403	6579	6997	7339	6283	6053	5388	5119	6210	5190	5522
ENSG00000073803	769	1314	804	656	738	689	775	924	656	918	771	704
ENSG00000073849	3379	5133	3654	4370	4478	3882	3337	3139	2824	3564	2952	3053
ENSG00000073861	1	3	3	3	6	7	3	1	0	6	4	3
ENSG00000073910	9796	15945	10463	16318	17262	15278	12446	11753	10974	13246	11094	10796
ENSG00000073921	4856	8232	5246	6676	7263	6403	5183	4971	4268	5547	4591	4682
ENSG00000073969	3188	5474	3353	3458	3283	2997	2980	3145	2703	3355	2986	2918
ENSG00000074054	5028	8218	5527	5587	6088	5301	5416	5240	4826	5930	4900	4952
ENSG00000074071	1946	3169	2728	2064	2211	2018	2164	1790	1771	2100	2026	1935
ENSG00000074181	24	71	39	33	33	39	52	67	60	50	52	38
ENSG00000074201	5894	9048	6852	6377	6945	5847	5848	5435	4974	5966	5686	5414
ENSG00000074211	9	7	10	3	6	2	2	8	12	7	5	3
ENSG00000074219	8	20	13	9	10	3	9	11	9	14	7	8
ENSG00000074266	964	1553	1235	1043	1201	1061	862	921	856	1001	951	896
ENSG00000074276	7	9	12	5	3	3	2	3	2	8	7	7
ENSG00000074319	1576	2623	1824	1910	2065	1776	1481	1526	1307	1692	1463	1510
ENSG00000074356	4897	7802	5614	4963	5169	4591	5449	5711	5009	6100	5358	5018
ENSG00000074370	8380	14779	11703	10250	10684	9906	9864	9320	8526	10369	9414	8453
ENSG00000074410	5	24	9	11	9	7	3	7	9	5	10	6
ENSG00000074416	1702	2736	1993	1956	2067	1749	1754	1875	1510	1998	1627	1811
ENSG00000074582	1121	1653	1288	980	1032	880	885	826	866	998	882	851
ENSG00000074590	285	427	398	358	399	345	265	340	252	329	314	247
ENSG00000074603	4997	7740	5288	6199	6698	5790	5006	4535	4181	5077	4775	4620
ENSG00000074621	437	798	637	661	736	643	569	516	483	629	563	498
ENSG00000074657	1070	1759	1122	2092	2106	1823	1559	1436	1314	1556	1291	1344
ENSG00000074660	26	28	102	39	39	110	122	105	106	24	85	73
ENSG00000074695	7867	13361	9165	7854	8732	7986	6663	7013	5639	7669	6840	6467
ENSG00000074696	4183	6051	4369	4055	4421	3606	3525	3318	2931	3393	3071	3359
ENSG00000074706	542	1050	770	1901	2080	2058	1206	1053	995	1215	938	894
ENSG00000074755	6880	10612	7491	8489	9064	7759	7832	7738	7355	8593	7514	7347
ENSG00000074800	87435	155595	109600	104464	111633	102232	97235	94820	80492	107065	93617	84662
ENSG00000074803	4	5	3	1	6	0	1	1	8	3	5	2
ENSG00000074842	2377	3857	3302	2345	2513	2332	2207	2071	1730	2326	2218	1987
ENSG00000074855	1557	2645	2233	3232	3227	3305	1943	1939	1847	2163	1813	1608
ENSG00000074935	440	702	438	391	415	351	474	375	372	484	336	480
ENSG00000074964	670	1128	952	894	920	928	874	891	794	933	885	709
ENSG00000074966	163	319	177	267	244	206	314	311	278	338	276	277
ENSG00000075043	11	14	14	14	11	12	9	16	7	11	10	4
ENSG00000075073	7	5	3	7	6	3	6	9	3	8	2	10
ENSG00000075089	937	1602	1120	1010	1056	948	967	948	858	979	1030	936
ENSG00000075131	706	1200	841	731	756	722	689	670	598	733	707	718
ENSG00000075142	916	1483	1180	933	1051	914	918	964	858	1005	976	887
ENSG00000075151	6106	9362	6350	6978	6965	6112	6092	5477	5012	6143	5468	5347
ENSG00000075188	1520	2224	1747	1330	1467	1286	1283	1269	1140	1261	1294	1181
ENSG00000075213	16	48	22	5	9	8	11	15	3	18	12	8
ENSG00000075218	1465	2341	1724	1955	2064	1621	1575	1369	1251	1475	1267	1395
ENSG00000075223	0	0	0	1	0	0	0	0	0	0	2	1
ENSG00000075234	1149	1977	1520	1444	1558	1323	1548	1397	1150	1545	1380	1184
ENSG00000075239	3056	4934	3465	3472	3742	3163	2916	2594	2511	2964	2803	2723
ENSG00000075240	10238	16268	12232	10181	10956	9742	10160	9145	8483	10455	9383	8988
ENSG00000075275	14	43	32	68	66	50	49	53	69	59	49	37
ENSG00000075290	0	1	2	1	1	1	0	1	0	1	0	0
ENSG00000075292	6767	11509	7615	7369	7962	6800	7117	7123	6018	7339	6943	6383
ENSG00000075303	2756	4514	3130	2563	2724	2464	2352	2517	2072	2796	2578	2219
ENSG00000075336	792	1212	813	688	730	551	696	671	595	673	651	664
ENSG00000075340	9473	16665	11825	14499	15454	14491	14199	13289	12233	15039	12963	11640
ENSG00000075391	3238	5320	3504	4038	4115	3518	4320	4353	3805	4789	4244	3994
ENSG00000075399	210	419	332	370	395	303	265	243	228	256	268	232
ENSG00000075407	2196	3414	2091	1882	1935	1799	2050	2033	1826	2227	1874	2086
ENSG00000075413	3298	5535	3618	3637	3910	3316	3049	3089	2736	3360	2835	3013
ENSG00000075415	20546	32765	25320	20547	22954	20065	17156	16565	14708	18380	17925	16134
ENSG00000075420	6131	10316	7149	3337	3581	3205	4585	5446	3989	5972	5456	5145
ENSG00000075426	16429	26133	18868	22606	23597	21709	17410	17174	14590	19701	16596	15973
ENSG00000075429	125	233	141	197	187	154	205	251	189	221	193	177
ENSG00000075461	0	3	2	2	0	0	0	1	4	0	0	4
ENSG00000075539	8019	12598	8271	10469	11105	9862	8011	7898	7307	8765	7533	7304
ENSG00000075568	4856	8533	5231	6095	6330	6062	6072	5978	5271	6671	5300	5112
ENSG00000075618	1930	4259	3386	2025	2030	2147	2441	2497	1944	2968	2510	2061
ENSG00000075624	177738	304450	233954	217655	234029	211129	199755	181537	165858	216298	195843	170979
ENSG00000075643	147	327	205	186	195	165	200	209	182	188	184	142
ENSG00000075651	1158	2077	1491	1150	1215	1085	1244	1472	1031	1630	1349	1205
ENSG00000075673	0	0	1	0	0	2	8	0	1	0	0	1
ENSG00000075702	2734	4127	3112	3317	3625	2913	2627	2353	2261	2597	2317	2469
ENSG00000075711	3191	5262	3414	3996	3835	3400	3602	3437	3040	3507	3223	3227
ENSG00000075785	5483	9106	5867	6407	6682	5800	5527	5002	4593	5724	4571	4852
ENSG00000075790	1012	1470	1120	1109	1199	1194	921	919	843	928	997	846
ENSG00000075826	592	854	716	825	844	757	635	546	521	702	546	521
ENSG00000075856	2582	4038	3060	2789	2886	2517	2711	2456	2230	2545	2476	2374
ENSG00000075884	2078	3551	2443	1843	1902	1783	2162	2267	1924	2505	2265	2067
ENSG00000075886	0	6	1	3	3	2	2	2	3	5	1	4
ENSG00000075914	1177	1732	1483	1154	1217	1047	1226	1143	1063	1261	1141	1062
ENSG00000075945	640	1074	780	709	758	632	679	642	604	695	729	606
ENSG00000075975	1435	2333	1678	1556	1587	1406	1333	1325	1187	1597	1331	1222
ENSG00000076003	14944	22072	16198	12724	13944	11208	11999	10770	9951	12095	11970	11405
ENSG00000076043	442	658	475	303	385	305	345	294	306	350	308	257
ENSG00000076053	1586	2514	1697	1734	1907	1706	1887	1929	1652	2016	1823	1751
ENSG00000076067	1106	1869	1382	1376	1332	1348	1473	1694	1481	1900	1614	1376
ENSG00000076108	8951	15128	10419	9010	9514	8800	9141	9409	7678	10487	8708	8374
ENSG00000076201	2100	3315	2422	2327	2458	2141	2008	2074	1739	2273	1963	1849
ENSG00000076242	3619	5543	4192	3786	4073	3456	3320	3487	2989	3458	3431	3179
ENSG00000076248	2926	4177	2978	2357	2466	2140	2620	2311	2201	2653	2236	2296
ENSG00000076258	74	142	96	63	80	93	115	115	78	103	123	90
ENSG00000076321	706	1168	873	804	842	758	793	758	733	849	786	747
ENSG00000076344	3	15	8	2	5	6	6	5	2	7	4	8
ENSG00000076351	272	375	269	185	210	197	293	268	225	314	258	253
ENSG00000076356	52	82	76	40	48	32	64	46	49	71	55	55
ENSG00000076382	4489	7035	5233	4672	4829	4168	4377	4015	3575	4461	4226	3913
ENSG00000076513	3817	6006	4193	4120	4151	4027	3779	3797	3277	4161	3669	3575
ENSG00000076554	1186	1876	1305	1266	1288	1102	951	970	904	1112	1149	1039
ENSG00000076555	814	1384	992	867	908	768	1009	1136	917	1215	1034	899
ENSG00000076604	849	1403	1100	1296	1344	1243	844	797	726	888	794	734
ENSG00000076641	10986	19613	13777	10393	11342	10143	10530	11210	9018	12142	10777	10584
ENSG00000076650	883	1468	1076	902	1027	890	1019	973	856	1096	1047	909
ENSG00000076662	358	643	555	899	1073	948	679	625	643	740	631	448
ENSG00000076685	5137	8774	6549	5905	6506	5550	5903	5880	5126	6432	5652	5082
ENSG00000076706	18	55	41	50	70	68	41	30	32	28	28	41
ENSG00000076716	14	16	9	15	21	13	11	17	4	6	9	5
ENSG00000076770	4598	6922	4450	5182	5706	5133	4563	4244	3993	4647	4023	4208
ENSG00000076826	23	40	32	29	18	29	22	39	23	34	34	26
ENSG00000076864	773	1441	1006	952	1014	870	752	778	624	836	659	584
ENSG00000076924	3200	5266	3959	3724	3761	3625	3433	3589	3245	3959	3450	3181
ENSG00000076928	9891	15955	12705	11817	12358	11310	10475	9858	8561	11144	9658	9034
ENSG00000076944	6028	10563	8548	7527	7852	7103	7118	6881	6199	7751	7041	6390
ENSG00000076984	3346	5341	4063	3830	4022	3601	3535	3368	2731	3668	3038	2961
ENSG00000077044	3191	5178	3974	3613	3935	3621	3507	3332	2999	3801	3386	3137
ENSG00000077092	3	3	1	2	2	2	0	2	1	1	3	3
ENSG00000077097	24926	39238	27889	29315	31000	26980	24146	23170	20744	25280	23924	22371
ENSG00000077147	14188	22461	15939	16674	18586	15934	12641	12143	11068	13144	12427	12014
ENSG00000077150	818	1527	1296	947	843	848	899	984	761	1010	989	794
ENSG00000077152	447	793	499	591	696	599	567	404	414	511	436	452
ENSG00000077157	2450	4091	2496	5230	5223	4918	3661	3628	3225	3511	2985	2820
ENSG00000077232	2612	4009	2382	3340	3534	3024	2534	2571	2406	2825	2451	2284
ENSG00000077235	3911	6322	4917	4734	5222	4493	4099	3845	3572	4431	3923	3873
ENSG00000077238	1247	2019	1491	1913	1981	1870	1288	1206	1098	1465	1193	1164
ENSG00000077254	4740	7958	5786	5550	5836	5138	4853	5023	4349	5125	4861	4555
ENSG00000077264	142	238	230	290	333	287	187	151	148	171	164	143
ENSG00000077274	11	23	10	21	15	14	17	16	17	21	11	16
ENSG00000077312	3901	6405	4676	4587	4685	4147	3780	3374	3119	3897	3380	3333
ENSG00000077327	0	2	0	2	0	1	0	0	2	1	0	3
ENSG00000077348	1593	2703	2126	1723	1882	1661	1828	1635	1537	1877	1847	1541
ENSG00000077380	3146	4960	3548	3549	3929	3326	2686	2700	2336	2931	2725	2584
ENSG00000077420	2474	4020	2986	2878	2988	2627	3095	2973	2472	3454	2889	2827
ENSG00000077454	4429	7521	6034	6240	6357	5756	5404	5083	4503	5718	4638	4513
ENSG00000077458	1493	2511	1555	1663	1876	1633	1417	1432	1228	1594	1372	1276
ENSG00000077463	1235	2113	1751	1373	1509	1339	1150	1124	920	1268	1165	1083
ENSG00000077514	2724	4158	2610	3059	3177	2629	2591	2496	2233	2752	2453	2523
ENSG00000077522	8	7	1	0	2	1	0	5	4	0	1	7
ENSG00000077549	6043	10262	8143	7496	8226	7278	6653	6221	5596	6973	6751	5982
ENSG00000077585	198	373	235	237	263	223	239	257	257	308	294	211
ENSG00000077616	1	1	0	3	4	2	0	1	0	0	0	0
ENSG00000077684	2213	3391	2421	1896	1969	1777	2033	1982	1646	2144	1934	1854
ENSG00000077713	726	1124	761	644	682	624	584	577	462	615	569	527
ENSG00000077721	2732	4361	2989	3498	3674	3172	2760	2243	2137	2732	2370	2348
ENSG00000077782	793	1243	961	673	699	667	681	736	558	776	700	680
ENSG00000077800	12	24	12	15	14	20	7	19	12	17	9	6
ENSG00000077935	5	13	12	7	21	11	11	16	16	11	24	20
ENSG00000077942	154	238	143	213	184	159	137	229	170	229	150	184
ENSG00000077943	7	37	14	56	75	64	14	7	14	16	16	18
ENSG00000077984	244	421	326	248	256	220	272	260	213	295	260	268
ENSG00000078018	2	8	10	1	2	0	4	4	3	1	8	1
ENSG00000078043	1501	2175	1404	1801	1843	1622	1441	1472	1307	1607	1406	1393
ENSG00000078053	0	1	0	0	2	0	0	0	0	1	0	2
ENSG00000078061	1928	3176	2334	2269	2363	2056	2169	1962	1821	2112	1992	1964
ENSG00000078070	1812	2931	2048	1827	1933	1769	1893	1944	1741	2153	1948	1828
ENSG00000078081	3	15	12	11	6	7	3	12	7	10	4	6
ENSG00000078098	2	3	2	14	21	21	3	6	6	8	2	2
ENSG00000078114	4	6	4	5	2	5	2	5	3	6	4	4
ENSG00000078124	2377	3689	2575	3272	3553	2964	2597	2485	2193	2620	2305	2394
ENSG00000078140	7660	11516	8266	8463	9470	7920	6521	6020	5771	6737	6428	6169
ENSG00000078142	2946	5101	3597	3554	3899	3566	3570	3755	3133	3862	3506	3130
ENSG00000078177	5530	9342	6401	7747	8185	7437	6193	5972	5359	6330	5868	5276
ENSG00000078237	884	1275	921	2306	2489	1931	890	787	790	752	636	766
ENSG00000078246	385	666	426	460	451	427	389	329	329	376	355	291
ENSG00000078269	1272	2132	1552	1153	1084	1086	1493	1461	1240	1772	1507	1259
ENSG00000078295	99	139	71	109	124	91	123	148	106	127	114	95
ENSG00000078304	5719	9765	7163	7123	7722	6986	6415	6223	5358	6722	6043	5560
ENSG00000078328	6	28	19	17	20	20	11	11	14	21	10	11
ENSG00000078369	17417	27512	20420	20904	22486	19751	17600	15676	14753	17760	15943	15806
ENSG00000078399	1976	3343	2669	2218	2442	2360	1989	1874	1668	2066	1904	1731
ENSG00000078401	1	2	0	1	0	2	0	1	0	0	1	1
ENSG00000078403	3137	5120	3408	3164	3331	2905	3012	2987	2661	3342	2865	2883
ENSG00000078487	134	205	213	213	213	198	166	212	176	244	215	164
ENSG00000078549	11	28	35	11	10	19	19	19	17	17	17	7
ENSG00000078589	10	18	5	34	15	14	22	21	19	24	15	17
ENSG00000078618	12248	20396	14260	11253	12072	10526	11146	11136	9361	12161	10928	10386
ENSG00000078668	9547	15388	11519	8893	9567	8521	9639	9238	7921	9966	9891	8928
ENSG00000078674	23584	39327	28183	25726	27647	24563	25063	25345	21843	26719	25496	22987
ENSG00000078687	1180	2081	1401	1534	1527	1528	1465	1539	1378	1662	1421	1437
ENSG00000078699	1842	3124	2358	2301	2357	2171	2188	2309	2088	2519	2334	1995
ENSG00000078747	3748	6198	4338	5589	5877	5137	3920	3802	3635	4071	3678	3639
ENSG00000078795	203	327	260	282	246	276	294	360	293	358	326	315
ENSG00000078804	213	375	276	279	282	233	227	228	158	264	220	230
ENSG00000078808	3747	5961	4903	4090	4355	3749	3795	3500	3243	4076	3704	3424
ENSG00000078814	542	1004	707	827	821	737	965	1023	942	1094	985	872
ENSG00000078900	615	993	766	578	612	534	534	576	448	579	607	491
ENSG00000078902	2201	3550	2758	2258	2424	2163	2135	2236	1947	2432	2171	2176
ENSG00000078967	426	683	475	473	541	428	475	504	420	501	460	502
ENSG00000079112	0	3	2	0	1	1	5	4	2	3	2	2
ENSG00000079134	1558	2611	1852	1568	1631	1493	1646	1734	1404	1820	1730	1651
ENSG00000079150	221	307	235	202	233	203	205	226	190	254	189	185
ENSG00000079156	5	11	6	3	6	1	1	7	3	1	4	4
ENSG00000079215	456	565	408	587	619	513	432	456	338	497	476	471
ENSG00000079246	24530	37789	27831	27126	29470	24983	23246	20771	19911	23485	22399	21925
ENSG00000079257	249	395	287	172	213	207	220	233	177	285	253	247
ENSG00000079263	7	11	3	46	33	39	13	8	16	19	13	13
ENSG00000079277	4112	6727	4938	4326	4448	4163	4350	4720	3741	5100	4583	4081
ENSG00000079308	2534	6817	5021	3924	4137	4595	5177	6149	4312	6672	5420	3644
ENSG00000079313	3032	4752	3776	3431	3411	3219	3143	2758	2431	3093	2714	2678
ENSG00000079332	4871	7892	5560	4369	4628	4191	4737	4828	4100	4803	4470	4316
ENSG00000079335	997	1665	1143	1074	1144	1039	973	1054	774	1017	970	851
ENSG00000079337	49	88	66	42	31	29	31	53	41	59	65	49
ENSG00000079385	19	10	10	12	19	13	18	11	25	11	17	15
ENSG00000079387	1775	2676	1631	1875	1967	1590	1594	1381	1438	1589	1291	1377
ENSG00000079393	0	1	1	5	2	4	1	0	0	0	1	1
ENSG00000079432	7631	13879	10822	8835	9397	9092	8388	8341	6837	9402	8342	7497
ENSG00000079435	255	381	344	303	323	281	298	278	248	356	288	293
ENSG00000079459	2005	3264	2424	1711	1786	1825	1966	2106	1492	2461	2206	1555
ENSG00000079462	1363	2173	1920	1497	1539	1401	1334	1245	1275	1515	1491	1272
ENSG00000079482	1663	2790	550	2478	2397	2116	2187	2755	2112	2724	2021	2018
ENSG00000079616	4117	6359	5040	4248	4342	3895	3786	3456	3238	4106	3761	3451
ENSG00000079691	12	14	14	5	16	13	26	22	23	27	10	13
ENSG00000079739	849	1412	1126	892	858	885	1009	1006	857	1156	1025	830
ENSG00000079785	5088	8210	5684	4630	5103	4222	4171	3871	3640	4325	4262	4039
ENSG00000079805	14401	23127	16762	15345	16167	13872	13322	12900	11272	14708	12515	12135
ENSG00000079819	2441	3751	2685	2743	2965	2532	2176	1928	1749	2186	1917	2233
ENSG00000079950	2070	3486	2298	3312	3411	3126	2986	2834	2688	3008	2761	2540
ENSG00000079974	704	1125	888	841	827	711	802	723	708	863	688	748
ENSG00000079999	3482	5813	4707	4518	4445	4142	3848	3757	3399	4267	3776	3681
ENSG00000080007	11	10	3	3	9	6	8	7	5	5	2	9
ENSG00000080031	83	219	197	118	109	139	195	200	169	228	183	129
ENSG00000080166	0	5	0	10	5	9	3	2	3	9	2	1
ENSG00000080189	2585	4435	3051	3216	3243	2929	2797	2700	2452	3103	2402	2571
ENSG00000080200	2952	4997	3218	5607	5857	5259	3845	3444	3279	3845	3501	3366
ENSG00000080298	451	687	507	497	527	410	503	524	429	569	518	421
ENSG00000080345	12332	19387	12875	12264	12912	11100	12474	12207	10757	13239	11901	11892
ENSG00000080371	4871	8125	5559	5345	5841	5017	4852	5072	4319	5363	4873	4695
ENSG00000080493	0	1	2	1	2	1	3	1	5	2	1	2
ENSG00000080503	5445	8630	6167	5769	6106	5251	5522	5226	4586	5761	5128	5038
ENSG00000080546	678	1020	771	627	636	556	662	617	531	642	609	586
ENSG00000080572	3	0	4	7	6	3	7	5	3	7	6	1
ENSG00000080603	7919	12582	8187	9657	10469	8852	8320	8120	7204	8829	7183	8276
ENSG00000080608	2358	3443	2360	2251	2401	1977	1913	1762	1683	1928	1775	1930
ENSG00000080618	1	4	0	0	1	0	1	0	0	0	0	1
ENSG00000080644	0	2	1	1	0	1	0	0	0	0	2	0
ENSG00000080709	2942	5128	3500	3055	3267	2901	2924	2819	2451	3187	2824	2728
ENSG00000080802	1338	2324	1469	1531	1491	1289	1447	1474	1215	1520	1257	1251
ENSG00000080815	5170	8441	5813	5778	6220	5551	5425	5446	4544	6061	5025	4892
ENSG00000080819	2365	4033	2816	3345	3594	3158	2049	1772	1732	2065	2087	1811
ENSG00000080822	4098	6815	4962	8286	9176	7602	4708	4238	4093	4512	4113	4056
ENSG00000080823	43	76	59	22	20	45	29	38	38	58	50	36
ENSG00000080824	65065	93288	53424	58322	63426	51398	48784	41952	41347	44914	45482	47026
ENSG00000080839	5378	8239	5565	5347	5804	4856	5057	4972	4443	5440	4928	4881
ENSG00000080845	1237	2124	1514	1653	1611	1520	1372	1090	1104	1336	1151	1125
ENSG00000080854	95	235	192	125	117	105	154	204	150	226	199	132
ENSG00000080910	273	483	302	349	359	300	395	440	378	383	361	404
ENSG00000080986	1993	3184	2489	1921	2122	1899	1862	1760	1525	1786	1816	1836
ENSG00000081014	2702	4297	3104	2934	3152	2600	2333	2297	2108	2425	2304	2417
ENSG00000081019	2823	4830	3461	3207	3479	2999	2967	3045	2625	3463	3374	2624
ENSG00000081026	175	238	158	139	164	150	149	127	97	168	125	159
ENSG00000081041	7	1	9	7	4	7	3	2	4	2	7	2
ENSG00000081052	6	2	2	2	2	5	4	1	9	6	2	6
ENSG00000081059	73	149	112	73	92	78	98	82	74	91	67	53
ENSG00000081087	984	1536	1088	1218	1289	997	752	780	679	845	783	738
ENSG00000081138	15	26	15	25	27	25	32	46	31	21	23	30
ENSG00000081148	67	154	88	155	145	147	124	143	106	165	128	126
ENSG00000081154	4873	7924	5713	4947	5789	4848	4154	4090	3622	4433	4623	3976
ENSG00000081177	534	993	670	619	631	628	561	631	510	691	580	484
ENSG00000081181	33	59	43	28	28	20	27	33	11	32	31	24
ENSG00000081189	15382	24196	16178	20886	21700	19305	14934	14094	13014	15430	13594	13818
ENSG00000081237	7195	13085	9292	6598	6910	6682	8522	9639	7428	10691	9117	8291
ENSG00000081307	2098	3605	2868	2246	2489	2183	2046	1982	1823	2047	2183	1914
ENSG00000081320	5839	10794	7389	5698	6165	5873	5052	5776	4369	6362	5922	5115
ENSG00000081377	257	458	324	351	377	307	372	363	310	380	320	263
ENSG00000081386	815	1297	816	873	814	797	872	892	714	927	731	782
ENSG00000081479	3	2	4	0	1	0	2	7	5	4	3	3
ENSG00000081665	1891	3617	2296	3070	2997	2911	2826	2917	2607	3070	2817	2456
ENSG00000081692	1053	1574	1316	1085	1214	1010	883	870	751	967	938	848
ENSG00000081721	609	970	807	692	765	653	479	502	449	492	558	486
ENSG00000081760	4146	7344	5336	4342	4354	4045	3964	4102	3286	4447	4150	3875
ENSG00000081791	2323	4080	2979	3030	3183	2929	2507	2469	2204	2830	2370	2197
ENSG00000081800	3	5	6	7	1	11	8	5	12	5	0	8
ENSG00000081842	0	2	1	0	0	0	3	0	2	0	1	0
ENSG00000081853	8	35	17	20	27	19	24	38	29	29	13	17
ENSG00000081870	680	1156	834	786	780	716	806	794	714	862	777	735
ENSG00000081913	8472	13632	10114	8982	9379	8283	7784	7948	7060	8952	7777	7351
ENSG00000081923	1	4	4	5	7	8	5	4	4	11	7	2
ENSG00000081985	2	18	5	1	0	5	3	11	1	6	1	4
ENSG00000082014	51	88	72	105	110	107	81	98	67	79	77	45
ENSG00000082068	1614	2642	1968	1946	1936	1782	1841	1807	1666	1963	1877	1685
ENSG00000082074	1070	1946	1209	821	796	791	1530	1718	1289	1936	1618	1450
ENSG00000082126	14	34	21	37	28	36	33	23	41	36	33	35
ENSG00000082146	812	1320	949	599	669	569	627	709	521	737	653	579
ENSG00000082153	17344	28171	21091	18391	20344	17763	14812	13703	12678	15000	14922	13473
ENSG00000082196	94	134	78	88	78	82	126	98	90	102	93	107
ENSG00000082212	7985	11846	7992	8319	9010	7467	6716	6245	5951	7095	6304	6371
ENSG00000082213	1446	2255	1364	1556	1602	1231	1328	1175	1147	1345	1086	1255
ENSG00000082258	2508	4293	2710	2750	3003	2555	2796	2843	2561	3014	2768	2684
ENSG00000082269	1281	1906	1290	1882	2040	1769	1517	1494	1410	1643	1570	1425
ENSG00000082293	2	4	4	6	12	4	0	11	5	4	4	5
ENSG00000082397	1992	3390	2297	3084	3239	2977	3018	2895	2702	3292	2722	2491
ENSG00000082438	9	11	4	17	8	18	26	7	18	8	15	12
ENSG00000082458	9	23	8	15	12	18	13	18	11	13	9	8
ENSG00000082512	19	14	10	13	27	16	7	12	16	12	7	9
ENSG00000082515	880	1441	1072	852	977	811	829	790	718	848	895	733
ENSG00000082516	2821	4183	3020	2628	2868	2303	2456	2188	2096	2478	2208	2301
ENSG00000082641	4174	6755	5379	4587	4742	4269	4004	3722	3239	4338	3898	3941
ENSG00000082684	54	109	96	99	113	95	93	140	82	130	103	93
ENSG00000082701	6064	10262	6751	7043	7499	6616	6098	5755	5221	6294	5412	5496
ENSG00000082781	322	690	669	843	904	846	598	500	497	611	544	388
ENSG00000082805	2308	3770	2662	2853	3005	2638	2465	2510	2155	2684	2366	2364
ENSG00000082898	23489	35758	26555	23634	25750	22600	20337	19661	18209	20877	20561	19591
ENSG00000082996	1411	2389	1647	1579	1734	1557	1281	1311	1106	1453	1338	1214
ENSG00000083067	311	499	368	419	512	371	493	507	450	567	549	461
ENSG00000083093	1594	2341	1497	1332	1490	1299	1429	1321	1173	1422	1137	1316
ENSG00000083097	1080	1738	1170	1205	1292	1159	1318	1388	1201	1457	1408	1306
ENSG00000083099	2310	3935	2930	2487	2632	2400	2509	2344	2110	2597	2482	2273
ENSG00000083123	887	1393	1012	910	958	742	910	867	786	1041	831	765
ENSG00000083168	7192	11797	8281	9703	9960	8787	8173	7542	7194	8381	7129	7359
ENSG00000083223	2079	3685	2598	2623	2695	2343	2558	2553	2121	2739	2360	2207
ENSG00000083290	694	955	736	821	837	777	661	608	557	744	625	540
ENSG00000083307	6	22	10	13	17	16	10	12	10	7	9	5
ENSG00000083312	11417	17258	12140	12360	13230	10881	9183	8760	7941	9695	8996	9047
ENSG00000083444	3190	6505	4609	4597	4913	4883	3784	4141	3295	4613	4099	3166
ENSG00000083454	59	95	59	58	65	47	51	74	63	72	49	43
ENSG00000083457	333	551	434	409	440	377	316	290	240	335	346	271
ENSG00000083520	4930	8085	5148	4818	5215	4485	4843	4664	4078	5035	4908	4579
ENSG00000083535	1007	1511	1098	894	1017	877	993	898	844	1104	887	898
ENSG00000083544	980	1653	1138	1301	1216	1190	1046	1052	936	1085	1046	992
ENSG00000083635	766	1075	901	725	804	667	674	570	530	658	648	653
ENSG00000083642	7330	11306	7761	7485	8055	7103	6484	6125	5719	6769	6407	5885
ENSG00000083720	2668	4329	2793	2362	2446	2266	1855	1675	1502	1782	1595	1731
ENSG00000083782	2	0	1	0	1	1	2	1	2	1	1	1
ENSG00000083799	3630	6012	4462	5291	5891	4932	4272	4648	3895	4954	4548	4005
ENSG00000083807	965	1668	1159	1172	1172	1050	1202	1308	1073	1325	1070	1091
ENSG00000083812	867	1482	995	924	1014	903	873	860	730	1021	765	808
ENSG00000083814	423	725	563	542	552	556	477	456	420	547	516	449
ENSG00000083817	226	474	363	297	299	354	290	289	259	355	310	300
ENSG00000083828	1078	1900	1321	1441	1469	1340	1344	1518	1275	1711	1343	1224
ENSG00000083838	273	424	420	340	344	352	290	299	245	316	260	272
ENSG00000083844	1928	3444	2385	2484	2557	2456	2602	2743	2359	3025	2775	2575
ENSG00000083845	23313	46346	35515	33392	35939	32982	31212	29975	26445	33368	31067	27012
ENSG00000083857	46	140	64	81	61	68	101	122	83	94	79	78
ENSG00000083937	774	1236	966	739	777	705	704	725	558	761	736	683
ENSG00000084070	4843	8040	6170	5798	6311	6000	5780	5603	4952	6162	5560	4910
ENSG00000084072	1621	2325	1758	1591	1717	1487	1534	1533	1361	1662	1579	1487
ENSG00000084073	3249	4679	3434	3525	3809	3105	2535	2275	2047	2608	2477	2510
ENSG00000084090	12421	18861	14362	15101	16205	14200	12166	10969	10514	12362	11201	10719
ENSG00000084092	1727	2730	2322	2033	2389	2070	1796	1677	1617	1999	1829	1586
ENSG00000084093	5595	9607	6396	6358	6735	6091	5778	5665	4905	6077	5472	5284
ENSG00000084110	1654	3029	2127	1530	1580	1609	1908	2302	1730	2716	2260	1674
ENSG00000084112	2161	3726	2648	3555	3652	3429	2489	2456	2223	2754	2276	2167
ENSG00000084207	7409	12504	9991	9536	9738	8748	8490	7325	7024	8552	8264	7352
ENSG00000084234	11387	19134	14030	14668	15803	14551	14607	14277	12982	16042	15059	12685
ENSG00000084444	794	1304	932	820	877	662	833	857	759	987	853	730
ENSG00000084453	58	72	33	67	62	52	62	59	51	93	55	48
ENSG00000084463	3337	5214	3763	3089	3238	3023	3101	2895	2597	3103	3029	2822
ENSG00000084623	5626	9000	6943	6359	6933	5825	5771	4988	4718	5759	5332	4962
ENSG00000084628	2	9	1	0	3	2	0	4	0	4	2	1
ENSG00000084636	1	8	1	6	8	6	4	2	4	2	2	0
ENSG00000084652	7159	11049	8247	7238	7964	6699	6556	5894	5608	6645	5745	6066
ENSG00000084676	1077	1784	1068	1262	1341	1192	1062	1018	886	1170	960	973
ENSG00000084693	804	1372	1114	772	846	749	745	831	719	933	885	817
ENSG00000084710	43	62	82	68	81	56	46	36	39	47	38	38
ENSG00000084731	585	944	663	575	595	553	539	517	424	682	460	453
ENSG00000084733	8289	13045	9303	8341	9064	7777	7383	7176	6434	7872	7210	7035
ENSG00000084754	11306	18149	13831	10099	10786	9656	10797	10448	8910	11652	11322	10270
ENSG00000084764	75	137	81	68	79	73	101	81	68	115	87	74
ENSG00000084774	10548	14807	11686	10252	11079	8752	7486	6540	6429	7583	6860	7427
ENSG00000085063	99	200	137	121	149	105	112	122	115	162	156	157
ENSG00000085117	2222	4192	3289	2919	3108	2937	2743	2896	2346	3218	3018	2585
ENSG00000085185	357	719	452	371	364	334	453	505	355	509	431	413
ENSG00000085224	5700	9711	6767	7530	8050	7144	6378	6351	5751	6770	6526	5718
ENSG00000085231	0	0	0	6	0	0	0	0	0	21	35	0
ENSG00000085265	4	11	10	2	8	2	6	15	2	3	2	4
ENSG00000085274	1255	2050	1411	1322	1397	1254	1422	1219	1137	1427	1308	1235
ENSG00000085365	3105	5024	3426	2546	2865	2453	2744	2812	2466	3093	2977	2718
ENSG00000085377	4490	6594	4673	4077	4632	3807	3921	3791	3592	4199	3836	3676
ENSG00000085382	1013	1862	1358	1017	1124	1001	1195	1277	1054	1406	1359	1039
ENSG00000085415	8219	11823	8622	7491	7985	6881	7308	6977	6215	7554	7198	7021
ENSG00000085433	1028	1672	1167	1545	1573	1392	1115	1123	1085	1267	1152	1039
ENSG00000085449	7391	11970	8376	6481	7158	6316	6571	6965	5547	7341	6879	6236
ENSG00000085465	29	52	16	32	54	31	28	19	28	40	30	28
ENSG00000085491	2587	4332	3162	3093	3541	3106	2363	2397	2031	2487	2609	2301
ENSG00000085511	2653	4023	2923	2572	2841	2299	2660	2684	2401	2986	2647	2371
ENSG00000085514	65	150	112	103	136	116	122	130	89	139	122	93
ENSG00000085552	14	59	44	22	16	16	22	48	24	34	31	28
ENSG00000085563	0	2	0	1	0	0	1	0	2	0	0	0
ENSG00000085644	452	829	623	591	567	579	530	566	477	532	535	513
ENSG00000085662	4195	6810	4893	6615	7018	6053	5023	4706	4363	5183	4557	4204
ENSG00000085719	5740	10894	7036	6247	6668	6314	5861	6210	4785	6829	5902	5492
ENSG00000085733	74	109	77	96	98	98	72	55	67	51	68	47
ENSG00000085741	7	14	8	8	8	12	8	4	3	5	5	9
ENSG00000085760	1767	2624	2109	2024	2091	1813	1762	1647	1472	1838	1751	1600
ENSG00000085788	2238	3838	2750	2630	2786	2433	2704	2687	2338	2891	2736	2409
ENSG00000085831	4	13	9	14	9	7	13	12	7	5	18	19
ENSG00000085832	3672	6202	4268	3984	4278	3790	3827	3742	3368	3970	3704	3543
ENSG00000085840	2418	3753	2695	2306	2286	1972	2086	2058	1766	2332	2067	2000
ENSG00000085871	959	1543	1110	1049	1070	982	935	899	779	1098	814	858
ENSG00000085872	4764	7342	5419	5091	5296	4475	4833	4221	3913	4767	3940	4383
ENSG00000085978	1536	2459	1840	1953	2121	1806	1753	1804	1584	1802	1605	1564
ENSG00000085982	1674	2667	2028	2567	2699	2370	2006	1981	1820	2158	2029	1883
ENSG00000085998	966	1598	1086	1250	1290	1077	1147	1053	881	1023	1041	989
ENSG00000085999	1543	2079	1656	1382	1358	1211	1277	1258	1150	1388	1224	1206
ENSG00000086015	769	1148	985	952	924	819	773	782	670	901	825	742
ENSG00000086061	7263	10654	8011	7233	7768	6187	5810	5209	4911	5410	5792	5802
ENSG00000086062	1907	3100	2415	2060	2130	1936	1680	1861	1406	2120	1868	1554
ENSG00000086065	1219	2171	1669	1469	1540	1365	1374	1431	1118	1502	1522	1205
ENSG00000086102	4113	6422	4511	4169	4376	3892	4086	3964	3607	4372	3686	3561
ENSG00000086159	203	322	199	252	248	210	299	272	262	296	296	280
ENSG00000086189	1508	2277	1405	1530	1638	1338	1112	1105	1006	1231	1107	1168
ENSG00000086200	3242	4565	3220	2980	3225	2618	2393	2300	2084	2474	2316	2463
ENSG00000086232	5767	9428	6192	6014	6291	5618	5810	5388	4915	6324	5035	5225
ENSG00000086288	0	0	0	3	0	0	0	0	1	3	0	0
ENSG00000086289	795	1216	929	639	690	574	626	561	501	706	651	608
ENSG00000086300	197	403	220	256	295	269	245	321	182	290	311	237
ENSG00000086475	4004	5761	4193	4675	5161	4104	3528	2886	2876	3382	3038	3394
ENSG00000086504	1340	2117	1530	1351	1545	1286	1246	1104	1013	1361	1032	1082
ENSG00000086544	511	802	625	502	532	457	543	514	432	542	551	484
ENSG00000086570	3	7	6	4	9	8	6	12	7	17	6	4
ENSG00000086589	2726	4449	2931	3241	3349	2942	2913	2827	2606	3147	2610	2590
ENSG00000086598	11204	18550	12369	11222	12430	10599	9825	9273	8065	10261	9336	9050
ENSG00000086619	232	445	302	418	430	398	298	354	273	354	301	216
ENSG00000086666	1813	2920	1901	2119	2217	1938	1676	1685	1496	1868	1452	1664
ENSG00000086696	9	9	7	10	16	8	15	13	12	15	19	7
ENSG00000086712	1788	2726	1986	1555	1700	1396	1525	1484	1362	1504	1444	1500
ENSG00000086717	1	0	2	0	4	0	0	1	0	0	0	1
ENSG00000086730	8745	14707	10624	9894	10557	9371	8868	8343	7211	9473	8326	7598
ENSG00000086758	31981	49615	34719	39571	41116	36079	33509	31572	29588	36376	31331	32214
ENSG00000086827	1317	2133	1549	1331	1551	1323	1229	1173	1100	1269	1258	1273
ENSG00000086848	839	1486	1086	869	945	852	880	896	710	937	907	805
ENSG00000086967	2	2	3	0	1	1	1	0	1	0	3	1
ENSG00000086991	4	10	0	4	0	1	2	5	2	1	1	1
ENSG00000087008	1540	2492	1924	1713	1889	1610	1705	1642	1414	1679	1474	1526
ENSG00000087053	2108	3307	2290	2067	2237	1871	1807	1877	1574	2014	1716	1822
ENSG00000087074	3276	6649	5237	3597	3586	3367	2944	3068	2270	3078	3048	2134
ENSG00000087076	3	8	4	4	4	2	6	5	11	8	7	10
ENSG00000087077	3441	5646	4553	3173	3540	3132	3305	3184	2779	3651	3320	2932
ENSG00000087085	2	0	0	1	1	0	5	0	0	1	0	1
ENSG00000087086	34766	64978	50649	40603	41195	39017	43728	42356	35055	50842	50478	37501
ENSG00000087087	6597	10263	7978	7259	7519	6391	6336	5396	5131	6173	5380	5515
ENSG00000087088	3067	4883	3900	3300	3532	3102	3353	2866	2727	3145	3105	2841
ENSG00000087095	769	1256	828	1026	1014	811	782	822	721	934	735	801
ENSG00000087111	2563	4038	3304	2852	3127	2789	2735	2568	2388	3095	2655	2657
ENSG00000087116	9	15	14	1	3	10	3	10	8	7	14	3
ENSG00000087152	3842	6016	4594	4869	4927	4547	3709	3443	2996	3767	3361	3469
ENSG00000087157	1475	2470	1963	1998	1953	1833	1608	1683	1439	1760	1649	1499
ENSG00000087191	2199	3647	2650	2542	2652	2296	2204	1822	1742	1958	1984	1885
ENSG00000087206	1317	1982	1467	1248	1295	1230	1231	1253	1105	1342	1181	1295
ENSG00000087237	1	6	1	4	2	7	2	2	1	9	6	3
ENSG00000087245	1075	1871	1247	848	848	785	1144	1203	968	1416	1224	1153
ENSG00000087253	2565	4210	2941	1756	1942	1623	2710	2822	2172	3116	3059	2482
ENSG00000087258	0	0	3	0	0	5	1	1	2	0	0	0
ENSG00000087263	2931	4220	3105	2786	3044	2409	2421	2104	2140	2390	2296	2441
ENSG00000087266	5390	9152	6834	5750	5828	5519	5883	6196	4949	6870	5796	5419
ENSG00000087269	3617	5453	4351	3864	3845	3424	3152	2968	2770	3200	3074	3022
ENSG00000087274	6635	10974	8141	9237	9911	8828	7478	7044	6406	8100	7062	6765
ENSG00000087299	1182	1739	972	1115	1206	1015	1232	1195	1030	1233	1162	1148
ENSG00000087301	558	949	653	448	459	474	627	633	545	718	701	605
ENSG00000087302	2684	4137	2890	3132	3255	2871	2670	2399	2139	2642	2480	2424
ENSG00000087303	1	2	0	0	2	1	1	1	3	0	0	2
ENSG00000087338	1688	2779	2062	1362	1553	1333	1499	1565	1382	1746	1588	1497
ENSG00000087365	5439	8819	6767	5870	6311	5604	5530	4964	4348	5644	5374	4761
ENSG00000087448	2066	3197	2157	2060	2065	1784	1961	1999	1802	2136	1949	1944
ENSG00000087460	9025	15598	12248	13613	14375	13254	10891	9951	9312	11082	10397	9107
ENSG00000087470	4061	6428	4431	4196	4481	3731	3556	3357	3315	3962	3525	3478
ENSG00000087495	295	498	354	248	227	185	368	343	315	398	324	301
ENSG00000087502	2936	4666	3227	2829	2984	2502	2913	2890	2540	3094	2824	2778
ENSG00000087510	27	51	25	27	23	22	42	28	25	30	14	22
ENSG00000087586	2748	4172	3038	2705	2945	2484	2524	2352	2127	2634	2289	2514
ENSG00000087589	145	281	202	200	219	146	198	237	229	319	223	169
ENSG00000087842	40	46	43	34	34	38	48	84	46	77	70	50
ENSG00000087884	49	103	66	69	42	59	73	65	39	76	89	75
ENSG00000087903	1030	1629	1236	770	810	767	1100	1055	861	1206	1095	924
ENSG00000087995	1207	1900	1444	1122	1285	1101	1183	995	983	1119	1156	1041
ENSG00000088002	11	19	22	15	15	14	11	18	9	12	12	9
ENSG00000088035	802	1254	827	787	895	745	704	664	631	741	718	695
ENSG00000088038	1525	2728	1898	1885	1837	1565	1833	1713	1494	2114	1673	1623
ENSG00000088179	273	475	308	299	318	271	320	317	299	357	276	294
ENSG00000088205	8313	12848	9346	8112	8947	7590	7764	7221	7019	7962	7581	7185
ENSG00000088247	18169	28881	19199	19360	19968	17473	17258	14490	13690	16949	13688	15425
ENSG00000088256	26	32	21	62	52	57	28	43	28	24	32	27
ENSG00000088280	2	2	1	0	3	1	1	0	0	2	1	4
ENSG00000088298	901	1517	1255	962	1060	1015	839	932	813	1164	953	846
ENSG00000088305	1073	1925	1195	889	902	854	819	832	714	874	779	792
ENSG00000088325	7745	11500	8511	6800	7251	6354	6541	5990	5180	6723	6200	6380
ENSG00000088356	575	786	762	553	576	545	501	481	440	496	553	437
ENSG00000088367	7	31	20	28	19	29	41	47	28	44	16	17
ENSG00000088386	67	106	71	77	99	73	109	92	61	98	110	59
ENSG00000088387	10	20	18	25	26	33	12	15	7	13	12	12
ENSG00000088448	2898	4883	3610	3786	4355	3682	3177	3235	2917	3621	3154	2698
ENSG00000088451	437	783	517	531	527	457	476	460	476	541	497	489
ENSG00000088538	7	6	8	5	14	6	12	14	6	7	2	10
ENSG00000088543	103	196	184	154	110	146	119	122	93	127	86	93
ENSG00000088682	779	1158	966	696	801	633	699	703	580	812	696	640
ENSG00000088726	1	15	3	3	3	5	6	7	2	3	4	6
ENSG00000088727	254	411	237	244	272	265	196	201	182	186	151	195
ENSG00000088756	26	73	27	54	58	40	53	43	43	60	37	45
ENSG00000088766	1632	2876	2165	1691	1891	1571	1757	1785	1582	1900	1764	1649
ENSG00000088808	102	138	110	111	148	131	72	75	65	86	102	57
ENSG00000088812	18458	32542	22271	26269	27471	25578	21765	21252	19455	23350	20936	19213
ENSG00000088826	318	645	501	899	985	1021	604	453	471	490	446	405
ENSG00000088827	5	17	12	9	11	14	18	22	12	15	18	13
ENSG00000088832	7436	11977	8757	8598	9351	7929	7334	6171	5939	7510	6857	6590
ENSG00000088833	1680	2759	2037	1797	2010	1696	1617	1465	1361	1717	1549	1536
ENSG00000088836	724	934	702	635	631	583	571	487	522	542	482	562
ENSG00000088854	4985	9040	6401	7256	7539	7142	6167	6779	5526	7290	6265	5818
ENSG00000088876	365	605	410	404	439	299	389	348	311	405	381	362
ENSG00000088881	3	2	1	2	1	0	1	0	1	1	0	0
ENSG00000088882	92	203	140	53	56	43	113	106	58	129	107	73
ENSG00000088888	7672	12054	9057	9450	9726	8755	8288	8590	7272	9162	8182	7815
ENSG00000088899	68	136	98	70	81	93	67	74	60	80	77	65
ENSG00000088926	0	0	0	0	0	1	0	0	0	0	1	0
ENSG00000088930	5839	9147	6631	6583	7153	6266	5508	5158	4633	5630	5183	5082
ENSG00000088970	391	652	465	437	431	374	432	448	354	449	385	393
ENSG00000088986	3893	6384	4530	4487	4886	4292	3830	3452	3290	3799	3295	3484
ENSG00000088992	1857	3176	2317	1381	1498	1417	1719	1779	1428	1904	1630	1515
ENSG00000089006	5887	9554	6698	6617	6845	6118	5799	5563	4815	6118	5532	5261
ENSG00000089009	21031	35330	27881	25168	26117	23318	21246	18614	17271	20804	20649	18589
ENSG00000089012	32	46	33	37	56	43	54	41	36	45	26	38
ENSG00000089022	2935	4608	3378	3823	3962	3377	3355	3339	3112	3513	3288	3099
ENSG00000089041	583	1360	1018	725	815	796	711	997	614	967	997	630
ENSG00000089048	819	1290	939	875	988	831	725	656	720	781	777	710
ENSG00000089050	630	1073	676	835	933	804	711	696	664	742	721	665
ENSG00000089053	10238	15889	11942	10768	11481	10064	10452	10515	9308	11344	10244	9910
ENSG00000089057	5134	9783	6804	9302	10245	10216	7937	7937	7025	8668	7508	5619
ENSG00000089060	1251	1999	1634	1487	1506	1434	1545	1482	1301	1599	1600	1404
ENSG00000089063	3045	4423	3351	3344	3538	3027	2720	2577	2299	2952	2585	2372
ENSG00000089091	126	204	160	124	133	131	128	138	105	144	128	147
ENSG00000089094	8291	13434	10208	9388	10069	9045	8379	7715	7160	8914	8279	7440
ENSG00000089101	1	8	0	2	1	1	0	2	8	0	1	2
ENSG00000089123	634	952	700	909	944	853	619	566	567	710	631	534
ENSG00000089127	37	52	54	101	101	90	67	54	60	70	68	46
ENSG00000089154	11474	16536	13397	12373	13422	11798	11486	10581	9949	11925	11633	10614
ENSG00000089157	65988	110586	87819	75129	81113	73800	68186	65548	57853	74297	72068	60975
ENSG00000089159	75	193	141	99	91	111	102	139	89	124	122	97
ENSG00000089163	9	19	14	8	20	11	12	17	6	8	13	17
ENSG00000089177	539	916	652	471	490	431	514	645	401	638	512	431
ENSG00000089195	999	1395	1051	976	1016	823	831	763	617	805	670	834
ENSG00000089199	0	6	4	8	6	17	5	12	9	12	9	17
ENSG00000089220	8584	13217	10190	9072	10172	8387	7792	7097	6519	7890	7391	7247
ENSG00000089234	1766	3000	2014	1997	2173	1883	1753	1594	1501	1869	1714	1639
ENSG00000089248	5425	8721	7081	4765	5211	4638	5337	5468	4347	5791	5449	5041
ENSG00000089250	5	11	2	3	4	10	15	2	10	8	3	3
ENSG00000089280	13331	21090	15974	13517	14431	12678	14879	13829	12075	15486	13685	12656
ENSG00000089289	2070	3720	2937	2834	3081	2848	2477	2504	2109	2711	2761	2293
ENSG00000089327	390	689	434	260	306	278	304	335	247	409	359	333
ENSG00000089335	734	1333	853	947	1060	938	907	1007	829	1026	1001	766
ENSG00000089351	1732	3069	2410	2215	2253	2109	1979	1852	1594	2166	1863	1670
ENSG00000089472	19	37	23	74	64	44	43	34	55	51	49	37
ENSG00000089486	549	1192	730	612	664	599	680	707	605	761	645	508
ENSG00000089505	54	112	67	72	76	77	64	68	65	84	62	60
ENSG00000089558	70	121	101	58	64	44	76	51	62	84	64	73
ENSG00000089597	21365	33169	26146	21442	23144	20635	18892	18226	16447	21139	19482	17885
ENSG00000089639	6238	11214	9042	8793	9206	8710	7499	8044	6551	8780	7658	6924
ENSG00000089682	527	891	542	528	620	546	577	609	543	576	555	499
ENSG00000089685	3619	5902	4492	3858	4237	3784	3365	3096	2916	3472	3377	3316
ENSG00000089692	2	8	7	6	1	3	0	3	3	3	2	3
ENSG00000089693	3280	5537	4207	3688	4048	3478	3246	2855	2653	3396	3188	2934
ENSG00000089723	80	108	127	68	88	65	102	120	94	112	76	55
ENSG00000089737	256	404	257	319	333	284	322	266	229	235	210	187
ENSG00000089775	979	1804	1078	1572	1576	1366	1232	1290	1255	1529	1285	993
ENSG00000089818	897	1446	970	988	1138	958	982	1056	836	1077	893	741
ENSG00000089820	11012	17713	14107	13796	14390	13047	11289	10740	9605	11856	10879	9664
ENSG00000089847	76	129	119	106	102	100	75	78	79	87	72	56
ENSG00000089876	1960	3055	2246	2157	2274	1919	1729	1691	1527	1991	1802	1639
ENSG00000089902	6167	10604	6787	7024	7277	6858	6254	6110	5322	6857	5801	5461
ENSG00000089916	6980	12609	8311	8590	8901	8153	8098	8504	7316	9400	8378	7246
ENSG00000090006	1708	3208	2466	2090	2127	2046	1906	2011	1722	2285	2018	1606
ENSG00000090013	592	1035	895	705	725	625	706	777	700	929	864	726
ENSG00000090020	740	1126	899	802	891	786	737	669	536	747	558	732
ENSG00000090054	2874	4645	3238	3115	3349	2939	2846	2771	2493	3036	2822	2644
ENSG00000090060	20036	31024	20475	20477	21302	18498	16389	15852	14354	17841	15736	15943
ENSG00000090061	2385	3792	2506	2525	2744	2296	2453	2392	1956	2467	2066	2102
ENSG00000090097	308	456	379	442	545	444	339	295	250	349	263	261
ENSG00000090104	232	500	303	146	186	156	142	168	92	203	211	62
ENSG00000090238	114	246	170	194	206	192	212	206	159	216	200	157
ENSG00000090263	637	1172	863	832	821	752	741	743	667	734	729	651
ENSG00000090266	871	1287	1067	981	1168	999	810	733	685	816	736	687
ENSG00000090273	2202	3114	2287	2047	2084	1812	1820	1606	1575	1587	1709	1724
ENSG00000090316	3019	4858	3678	3526	3566	3106	3001	3085	2767	3190	3004	2736
ENSG00000090339	611	1543	1180	1822	1868	1958	1037	1182	934	1269	1056	677
ENSG00000090372	3967	6109	4697	4901	5192	4444	4435	3994	3571	4510	3903	3815
ENSG00000090376	11760	19482	12433	9397	10042	9127	10982	12391	9584	13354	11641	10835
ENSG00000090382	34982	54663	39638	99844	111561	96109	42266	36885	36831	40479	35602	37520
ENSG00000090432	866	1509	1154	975	955	984	860	793	728	899	828	792
ENSG00000090447	1421	1903	1483	1352	1485	1136	1276	1075	1010	1263	1034	1136
ENSG00000090470	1463	2225	1676	1717	1747	1551	1263	1238	1155	1357	1332	1138
ENSG00000090487	1646	2492	1677	2239	2339	2038	1439	1485	1273	1582	1451	1305
ENSG00000090520	1488	2241	1634	1564	1625	1425	1230	1144	1013	1209	1217	1226
ENSG00000090530	1	3	7	6	6	4	8	13	5	19	5	6
ENSG00000090539	0	1	0	1	0	2	0	0	1	0	0	0
ENSG00000090554	104	224	162	162	158	143	127	206	143	178	151	142
ENSG00000090565	13	24	10	34	16	24	22	34	8	31	23	26
ENSG00000090581	808	1449	1152	1117	1131	1023	1073	988	1015	1078	1121	914
ENSG00000090612	1490	2376	1616	1719	1810	1613	1640	1594	1452	1611	1532	1537
ENSG00000090615	5077	8440	6522	6443	6794	6108	5719	5385	4966	5998	5695	5334
ENSG00000090621	14475	24036	18377	18094	19744	17467	16586	15573	14158	17355	16228	14862
ENSG00000090659	157	256	201	636	728	737	240	250	223	219	255	246
ENSG00000090661	2	17	2	19	14	12	13	14	23	8	15	9
ENSG00000090674	485	717	535	623	623	545	551	521	447	598	484	467
ENSG00000090686	7950	13262	9465	10962	11440	9921	9567	10093	8636	10571	10152	9206
ENSG00000090776	269	386	250	262	287	235	215	201	192	210	179	201
ENSG00000090857	4724	6877	5106	5391	5578	5045	4736	4503	3986	5008	4402	4381
ENSG00000090861	12106	18607	14591	9971	10832	8926	9739	9007	7671	9780	9098	9970
ENSG00000090863	6814	11196	8325	8791	9268	8474	7167	7013	6099	7791	7002	6416
ENSG00000090889	1900	2989	2344	1770	1984	1641	1782	1695	1451	1803	1785	1653
ENSG00000090905	2616	4102	2620	3352	3467	2974	2861	2453	2522	2851	2309	2719
ENSG00000090924	2522	4691	3332	3496	3729	3527	3218	3271	2776	3515	3009	2810
ENSG00000090932	14	43	25	12	22	15	15	19	11	8	18	20
ENSG00000090971	498	880	769	414	521	467	445	454	347	565	486	369
ENSG00000090975	389	595	460	357	358	398	424	398	354	445	349	292
ENSG00000090989	2276	4052	2820	2670	2981	2640	2613	2630	2229	2869	2645	2446
ENSG00000091009	5048	7537	5031	4921	5261	4679	4330	4105	3658	4276	3935	4014
ENSG00000091010	5	8	2	8	12	6	2	1	1	13	3	5
ENSG00000091039	10285	17978	11887	11358	12214	10938	9811	9770	8424	10546	9891	9086
ENSG00000091073	1014	1781	1203	1186	1168	1009	971	1006	910	1174	969	982
ENSG00000091106	270	521	391	765	778	742	365	349	276	427	316	314
ENSG00000091127	2029	3015	2118	1815	1869	1547	1355	1116	1150	1330	1166	1281
ENSG00000091128	276	506	306	374	376	359	421	471	386	455	436	405
ENSG00000091129	5	0	3	7	6	4	4	5	8	3	1	4
ENSG00000091136	5	2	6	13	3	3	2	5	2	4	4	6
ENSG00000091137	18	35	37	27	26	27	37	37	15	20	28	17
ENSG00000091140	4890	8129	5941	5257	5790	4932	4507	4379	3904	4654	4626	4357
ENSG00000091157	1902	2933	1887	2122	2266	1904	1766	1744	1558	1859	1681	1737
ENSG00000091164	2292	3874	2581	2671	2781	2366	2677	2319	2155	2683	2374	2407
ENSG00000091262	7	12	10	3	10	5	6	21	6	7	14	4
ENSG00000091317	5681	8998	6483	7022	7658	6746	5038	4936	4287	5200	5062	5005
ENSG00000091409	82	181	168	303	381	304	145	216	146	161	161	124
ENSG00000091428	16	19	11	14	11	22	17	20	8	14	10	24
ENSG00000091436	10516	16764	11097	14223	15157	13368	11058	10267	9641	11264	10077	10060
ENSG00000091483	3772	5747	4010	3726	4186	3403	3156	2823	2758	3210	2926	2882
ENSG00000091490	1457	2343	1590	2484	2799	2466	2837	2467	2495	2661	2259	2212
ENSG00000091513	264	521	385	423	373	392	392	440	320	424	405	339
ENSG00000091527	11278	17832	13317	11471	12761	10734	9689	8852	8146	10444	9635	9200
ENSG00000091536	71	169	113	91	99	80	103	119	123	115	89	88
ENSG00000091542	6985	11492	8793	7064	7517	6816	6136	6119	5334	7063	6057	5567
ENSG00000091592	862	1877	1414	1706	1774	1795	1585	1725	1301	1811	1558	1189
ENSG00000091622	30	55	41	36	55	32	38	44	34	47	33	32
ENSG00000091640	543	980	673	708	725	661	656	502	500	675	585	563
ENSG00000091651	3602	5903	2002	4675	4517	3981	4371	5013	4203	4788	3747	4019
ENSG00000091656	1	8	5	18	25	8	6	1	6	2	2	5
ENSG00000091732	851	1244	1049	837	866	752	776	711	663	801	794	706
ENSG00000091831	2	1	0	1	0	0	0	1	0	0	0	0
ENSG00000091844	193	297	176	278	228	209	151	239	179	211	164	161
ENSG00000091879	16	31	29	21	18	29	25	36	22	31	26	30
ENSG00000091947	886	1539	1299	1152	1257	1186	969	1001	794	1065	1081	797
ENSG00000091972	8	14	18	26	25	23	14	22	13	23	23	17
ENSG00000091986	16	33	33	15	15	15	17	17	10	17	25	9
ENSG00000092009	0	3	1	0	0	0	0	1	3	1	1	2
ENSG00000092010	4527	7370	6057	5612	6121	5270	4758	4297	3952	4866	4802	4152
ENSG00000092020	1784	3139	2091	1908	2018	1776	1648	1606	1431	1809	1718	1667
ENSG00000092036	2662	4405	3427	3011	3311	2814	2550	2430	2124	2633	2529	2270
ENSG00000092051	4	6	0	4	2	3	0	2	5	4	1	3
ENSG00000092067	57	104	115	101	96	95	73	87	85	89	92	69
ENSG00000092068	1	1	0	33	18	29	0	0	0	1	0	2
ENSG00000092094	1615	2681	2056	1883	1987	1789	2307	2401	2161	2574	2282	2091
ENSG00000092098	2174	3391	2708	2436	2657	2360	2094	2115	1844	2242	2024	1812
ENSG00000092108	1978	3328	2442	2040	2166	1889	2033	2040	1666	2201	1961	1832
ENSG00000092140	2750	4429	2855	2944	3134	2821	2324	2582	2249	2687	2432	2296
ENSG00000092148	10021	16165	11551	11990	13010	11292	11265	10671	9797	11622	10913	10405
ENSG00000092199	33152	55580	41655	37816	41131	35914	34966	32151	29916	34145	33051	32736
ENSG00000092200	1	3	3	39	27	28	5	0	1	4	4	5
ENSG00000092201	14175	21897	15766	14041	15289	12741	13729	12029	11495	13652	12548	12599
ENSG00000092203	3137	5176	3656	3543	3706	3204	3101	3112	2564	3361	2832	2806
ENSG00000092208	385	636	510	325	450	372	445	452	357	429	515	404
ENSG00000092295	75	111	67	79	87	78	75	84	72	92	88	76
ENSG00000092330	1682	2731	1961	2054	2002	1796	1423	1400	1210	1545	1446	1368
ENSG00000092377	4	9	14	6	3	8	21	22	10	23	21	15
ENSG00000092421	3	11	9	12	8	1	12	6	9	6	4	5
ENSG00000092439	7017	10956	7669	6888	7269	6183	6517	6699	5905	7146	6520	6238
ENSG00000092445	473	763	523	412	386	412	397	474	402	456	450	425
ENSG00000092470	2828	4280	2891	2768	3004	2470	2571	2523	2342	2776	2583	2472
ENSG00000092529	564	805	604	915	965	864	798	882	752	852	742	681
ENSG00000092531	2906	4924	3240	3090	3246	2878	2761	2903	2348	3004	2608	2538
ENSG00000092607	1	10	10	6	10	3	6	4	3	6	4	3
ENSG00000092621	4399	6544	5639	3901	4241	3445	3168	2678	2534	2926	2745	3348
ENSG00000092758	167	357	252	122	139	125	215	206	156	248	205	153
ENSG00000092820	5048	7724	5982	5900	6086	5377	4169	3776	3575	4206	4091	4041
ENSG00000092841	5088	8768	7253	5842	6409	5748	5833	5599	4656	6138	6287	4975
ENSG00000092847	4493	7049	4819	5870	6172	5490	5350	5425	4702	5895	5036	4886
ENSG00000092850	3	6	3	5	3	1	4	6	0	2	6	1
ENSG00000092853	4518	6211	4160	4230	4492	3674	3820	3449	3381	3733	3319	3737
ENSG00000092871	1536	2669	1829	2204	2307	2089	1732	1907	1637	2104	1796	1660
ENSG00000092929	6294	10774	8202	6705	7253	6615	6797	6580	5782	7474	6288	5864
ENSG00000092931	1118	1850	1549	1300	1369	1180	1091	1159	1006	1278	1153	911
ENSG00000092964	23620	41177	29133	24722	26199	24628	23412	22616	19609	26406	22815	21934
ENSG00000092969	5	4	6	1	4	4	4	6	1	2	3	1
ENSG00000092978	833	1320	919	959	1013	844	802	856	765	853	833	770
ENSG00000093000	7812	11838	8492	7979	8541	7242	6522	6151	5445	6628	6288	6345
ENSG00000093009	1948	2931	2270	1925	2050	1666	1647	1567	1462	1779	1636	1655
ENSG00000093010	5933	9291	7819	6128	6540	5690	5723	5464	4922	6047	5862	5366
ENSG00000093072	1064	1941	1311	2586	2833	2691	2036	1873	1687	2245	1841	1630
ENSG00000093144	2963	4599	3078	3240	3441	3013	2808	2728	2364	2848	2682	2631
ENSG00000093167	664	1056	774	791	768	730	667	733	566	763	648	631
ENSG00000093183	1724	2658	1839	1649	1857	1600	1621	1638	1528	1814	1612	1613
ENSG00000093217	555	775	505	501	527	495	601	603	488	639	526	538
ENSG00000094631	3094	5030	3820	3288	3306	3252	3652	3751	3082	4086	3747	3355
ENSG00000094661	94	115	100	122	100	77	106	155	126	148	93	121
ENSG00000094755	78	109	46	116	74	89	74	107	84	106	119	89
ENSG00000094804	2863	4289	3350	2591	2727	2372	2210	2077	1831	2296	2206	2172
ENSG00000094841	568	851	615	545	628	535	557	493	456	556	538	472
ENSG00000094880	2642	4160	3064	2461	2823	2423	2476	2419	2100	2608	2459	2420
ENSG00000094914	1844	2935	2354	1953	2140	1821	1984	1827	1627	2044	1927	1787
ENSG00000094916	34696	54690	36994	44469	48521	43086	42268	40028	36407	44583	40233	36078
ENSG00000094975	1598	2461	1796	1890	2021	1776	1677	1801	1426	2003	1748	1541
ENSG00000095002	5007	7714	5431	3942	4297	3684	3958	3912	3513	4302	4248	3964
ENSG00000095015	9945	16148	10797	13847	14620	13134	10132	10280	8600	11685	10534	9273
ENSG00000095059	3062	5190	3773	3318	3737	3073	3661	3400	3088	3790	3448	3186
ENSG00000095066	996	1726	1415	1252	1291	1284	1198	1354	1011	1394	1280	1104
ENSG00000095139	8443	13745	9535	9862	10243	8808	8399	7902	7285	9097	7472	7812
ENSG00000095203	10	5	5	21	8	14	14	10	8	3	11	4
ENSG00000095209	1166	1720	1340	720	712	676	866	915	768	1039	976	898
ENSG00000095261	2593	4055	2966	2765	2987	2383	2517	2449	2179	2861	2504	2349
ENSG00000095303	1373	2696	2134	1700	1866	1845	1785	1931	1631	2195	1781	1475
ENSG00000095319	7718	11083	8439	7087	7610	6337	6288	5886	5270	6411	6020	6151
ENSG00000095321	892	1599	1136	1389	1461	1302	1109	1075	875	1195	1044	971
ENSG00000095370	1661	3341	2402	2303	2248	2140	1881	2017	1638	2168	1954	1695
ENSG00000095380	1650	2540	2077	1959	1844	1713	1478	1452	1259	1582	1454	1410
ENSG00000095383	198	302	296	197	236	222	247	271	218	256	218	209
ENSG00000095397	26	80	50	28	16	31	68	43	45	74	73	20
ENSG00000095485	1782	2942	2332	1967	2175	1818	2026	1996	1830	2088	1926	1839
ENSG00000095539	36	43	33	9	19	20	19	20	13	24	25	21
ENSG00000095564	9669	15601	10255	10431	10964	9751	8581	8349	7422	9198	8064	7776
ENSG00000095574	1960	3063	2097	1754	1981	1612	1739	1760	1552	1819	1679	1548
ENSG00000095585	7	14	16	24	22	12	25	12	20	20	20	19
ENSG00000095587	54	88	59	70	62	67	66	72	77	90	83	70
ENSG00000095596	0	0	4	0	0	3	1	0	0	2	0	0
ENSG00000095627	3	3	0	1	0	0	0	0	0	0	0	0
ENSG00000095637	1	8	8	7	15	11	13	7	9	8	4	8
ENSG00000095739	8	15	17	10	15	14	5	7	6	8	2	9
ENSG00000095752	18	24	8	20	30	24	17	18	16	8	20	17
ENSG00000095787	8563	13656	8750	9227	9655	8361	8110	8080	6936	8750	7403	7389
ENSG00000095794	175	290	225	289	286	283	215	207	188	222	178	204
ENSG00000095906	1527	2403	2154	1888	1796	1741	1470	1404	1375	1541	1569	1354
ENSG00000095917	19	85	79	38	53	36	43	87	35	64	54	42
ENSG00000095932	41	118	111	79	81	88	80	75	53	110	90	57
ENSG00000095951	1123	1624	1158	1549	1516	1351	1251	1155	1038	1280	1152	1168
ENSG00000095970	83	146	78	9	18	13	58	74	58	117	90	66
ENSG00000096060	5474	7761	5258	2676	2783	2419	3551	3543	2948	4136	3636	3962
ENSG00000096063	7763	10880	7352	6506	6954	5675	5615	5182	4901	5749	4966	5457
ENSG00000096070	1089	1699	1292	1276	1410	1300	1074	1021	875	1183	937	933
ENSG00000096080	415	749	523	544	540	452	466	443	357	524	448	352
ENSG00000096088	0	3	1	1	1	1	1	2	0	2	4	0
ENSG00000096092	50	66	69	40	38	23	44	22	21	29	44	30
ENSG00000096093	393	770	464	435	448	413	551	606	505	598	547	426
ENSG00000096150	0	0	17	0	0	0	3	5	0	0	0	0
ENSG00000096155	130	101	0	137	152	63	104	0	0	0	9	23
ENSG00000096384	54481	82200	62118	53809	57710	49140	46609	40723	38338	44893	42883	43920
ENSG00000096401	3181	5229	3755	3507	3806	3200	3397	3310	2863	3374	3156	3003
ENSG00000096433	666	957	712	910	852	703	667	624	636	720	611	607
ENSG00000096654	789	1258	867	868	887	739	749	726	618	821	717	789
ENSG00000096717	2012	3339	2222	2740	2978	2524	1916	1965	1787	2029	1902	1955
ENSG00000096746	5147	8093	5335	5104	5520	4659	5244	4776	4421	5045	4702	4737
ENSG00000096872	340	555	445	342	368	278	381	384	324	405	383	367
ENSG00000096968	2336	3650	2670	2825	2859	2560	2624	2550	2445	2794	2601	2466
ENSG00000096996	1004	1602	1215	1456	1318	1312	1020	1074	1069	1174	967	986
ENSG00000097007	5650	9008	6788	6892	7247	6327	5709	5509	4899	6072	5432	5219
ENSG00000097021	2079	2859	2491	2009	2252	1792	1664	1353	1368	1559	1491	1573
ENSG00000097033	3078	5342	3378	3536	3683	3210	3204	3243	2809	3542	3265	2938
ENSG00000097046	1929	3060	2136	1669	1872	1571	1742	1657	1624	1869	1794	1643
ENSG00000097096	31	41	22	34	45	36	28	29	31	40	46	32
ENSG00000099139	82	109	88	96	116	95	78	101	75	97	69	79
ENSG00000099194	66525	122576	82247	44733	46812	44651	51686	56051	39944	64117	55749	52406
ENSG00000099203	529	842	741	557	593	548	529	516	435	617	662	495
ENSG00000099204	2	0	2	3	0	0	6	0	1	1	1	0
ENSG00000099219	4954	8938	6344	5612	6204	5901	5859	6144	4947	6682	5979	4841
ENSG00000099246	3252	5203	3512	2911	3092	2683	2797	2805	2428	3026	2787	2668
ENSG00000099250	284	608	503	395	402	391	301	324	287	305	304	302
ENSG00000099282	38	89	47	39	61	58	81	64	62	69	63	67
ENSG00000099284	213	324	197	216	232	226	214	201	177	243	197	210
ENSG00000099290	2025	3602	2539	2371	2337	2083	2412	2357	1946	2506	2417	2145
ENSG00000099308	3126	5533	4299	3751	4033	3651	4053	4067	3393	4579	4056	3432
ENSG00000099326	1719	2903	2128	2049	1930	1964	1910	2066	1756	2197	1851	1583
ENSG00000099330	401	668	603	541	580	560	482	466	365	520	494	380
ENSG00000099331	7008	12313	9427	10560	11007	10421	9307	9086	7971	10003	8969	7786
ENSG00000099337	2604	4590	3637	5106	5230	4958	3489	3328	3163	3605	3145	2852
ENSG00000099338	85	183	140	150	176	157	158	234	150	201	155	158
ENSG00000099341	4450	7308	4776	5198	5561	4675	4543	3802	3648	4499	3541	3920
ENSG00000099364	4065	6887	5574	4466	4752	4291	4050	3810	3507	4374	3948	3751
ENSG00000099365	159	270	212	193	200	207	158	150	161	151	134	124
ENSG00000099377	500	988	773	703	768	751	749	715	636	868	857	545
ENSG00000099381	2489	3732	2720	2802	2798	2561	2527	2312	2075	2482	2203	2236
ENSG00000099385	832	1529	1267	964	996	943	1010	965	753	892	926	864
ENSG00000099617	1	0	4	0	1	0	0	2	1	1	0	0
ENSG00000099622	5172	8699	7190	6456	6854	6386	5741	5384	5011	5746	5468	4831
ENSG00000099624	4127	6580	5581	4593	4831	4357	3652	3462	3114	3871	3764	3216
ENSG00000099625	71	122	79	41	53	34	57	61	45	52	57	52
ENSG00000099715	259	391	232	315	334	260	366	404	336	330	361	287
ENSG00000099725	1480	2310	1690	1923	1877	1723	1699	1944	1591	1882	1667	1515
ENSG00000099769	17	22	24	18	23	21	13	15	24	24	21	12
ENSG00000099783	11213	16571	13493	12074	12741	11180	9756	8509	8550	9568	9958	9332
ENSG00000099785	272	444	356	547	587	477	318	307	262	309	287	272
ENSG00000099795	1149	1980	1691	1388	1505	1264	1289	1122	895	1254	1171	1093
ENSG00000099797	3463	5256	3325	3795	3689	3356	3457	3043	2686	3543	2751	2968
ENSG00000099800	2491	3924	3416	2360	2640	2348	2123	2020	1762	2244	2157	2016
ENSG00000099804	1230	2217	1811	1374	1546	1266	1360	1249	1025	1393	1283	1170
ENSG00000099810	4475	6843	4515	4119	4273	3683	3982	4004	3636	4577	4208	3994
ENSG00000099812	40	73	70	16	31	40	27	44	23	52	57	39
ENSG00000099814	1038	1656	1216	1227	1255	1070	763	658	669	855	834	750
ENSG00000099817	4744	7373	5627	5358	5552	4945	4545	4206	3894	4736	3885	4044
ENSG00000099821	2944	4418	3784	3494	3769	3278	2730	2410	2332	2691	2497	2494
ENSG00000099822	29	41	23	18	14	25	26	24	16	37	20	21
ENSG00000099834	3	0	2	0	4	4	2	7	1	0	0	0
ENSG00000099840	195	366	287	265	240	262	246	218	187	281	189	157
ENSG00000099849	470	881	667	546	599	480	566	653	489	640	603	481
ENSG00000099860	583	1201	968	689	747	620	557	541	487	562	560	484
ENSG00000099864	79	165	107	61	77	61	80	84	47	107	79	81
ENSG00000099866	14	21	16	9	12	16	15	15	11	23	13	15
ENSG00000099875	5266	9074	7047	6110	6513	6107	5313	5380	4609	5995	5191	4925
ENSG00000099889	263	495	320	214	218	203	183	178	172	232	198	148
ENSG00000099899	3124	4869	3979	3086	3205	2898	2798	2476	2278	2992	2672	2580
ENSG00000099901	4450	6658	5575	4636	5003	4048	4223	3405	3418	4146	3509	3741
ENSG00000099904	1708	2738	2095	1781	1978	1682	1631	1543	1420	1771	1566	1466
ENSG00000099910	718	1010	881	831	884	780	820	775	664	886	740	660
ENSG00000099917	2727	4605	3143	3660	3501	3186	2989	2912	2488	3311	2642	2665
ENSG00000099937	2	2	3	4	2	1	1	0	5	10	4	1
ENSG00000099940	2238	3699	2575	2463	2757	2405	2350	2361	2098	2527	2295	2226
ENSG00000099942	6298	9940	7458	6489	6926	6203	5859	5814	5182	6619	5742	5554
ENSG00000099949	2638	3729	2800	2729	2756	2356	1948	1816	1638	2097	1822	1781
ENSG00000099953	3	5	0	0	1	0	0	0	3	0	10	6
ENSG00000099954	95	198	187	195	175	173	177	187	143	201	177	123
ENSG00000099956	1206	1581	1240	1433	1226	1462	1216	1152	1045	1579	1053	1060
ENSG00000099957	55	108	79	67	57	64	69	78	54	55	72	56
ENSG00000099960	0	3	2	1	2	2	0	1	1	1	1	1
ENSG00000099968	4198	6911	4616	4552	4991	4230	3774	3683	3241	4145	3546	3526
ENSG00000099974	52	90	0	66	78	59	85	60	0	87	82	60
ENSG00000099977	0	133	0	0	0	99	125	141	122	0	0	0
ENSG00000099985	567	1173	811	450	459	445	495	433	351	499	460	418
ENSG00000099991	5351	8833	6501	5667	5869	5518	5622	5517	4934	6326	5568	5257
ENSG00000099992	407	700	578	534	538	598	483	460	412	548	547	466
ENSG00000099994	15	16	10	16	16	11	15	14	5	7	10	13
ENSG00000099995	7904	12307	9221	8781	9369	8034	8357	7373	6914	8592	7332	7168
ENSG00000099998	678	1613	1132	954	1088	1015	1226	1341	1057	1474	1150	871
ENSG00000099999	337	562	465	411	475	431	394	373	340	413	395	296
ENSG00000100003	7	28	34	31	34	24	36	44	27	42	36	9
ENSG00000100014	3257	4545	3463	3518	3730	3135	2701	2473	2189	2732	2365	2582
ENSG00000100023	2251	3693	2607	2792	2808	2409	2518	2327	2043	2667	2181	2304
ENSG00000100024	145	298	229	190	155	174	299	324	269	371	293	203
ENSG00000100027	375	740	515	869	1024	942	646	669	585	803	611	549
ENSG00000100028	5791	8398	6399	6121	6621	5711	5880	5271	5037	5867	5556	5161
ENSG00000100029	4835	7158	6005	4768	5249	4301	4421	3952	3907	4468	4342	4125
ENSG00000100030	9171	14425	10087	9856	10680	9414	8728	8603	7699	9434	8285	8028
ENSG00000100031	702	1338	986	1458	1368	1428	1220	1202	995	1345	1195	1207
ENSG00000100033	19	31	24	14	16	17	33	24	24	16	12	22
ENSG00000100034	2816	4244	3519	2984	3034	2699	2722	2665	2332	2990	2735	2547
ENSG00000100036	7	22	11	21	21	27	12	8	9	18	9	9
ENSG00000100038	994	1573	1201	1094	1097	1026	1123	1044	962	1113	1048	1032
ENSG00000100055	3752	7522	5904	6059	6396	6051	5948	5759	4932	6519	5641	4826
ENSG00000100056	594	900	737	601	685	646	608	574	520	621	624	585
ENSG00000100060	4739	7527	5899	5027	5410	4759	4414	3789	3728	4562	4181	3868
ENSG00000100065	72	151	92	75	89	88	49	55	51	91	77	49
ENSG00000100068	313	552	335	298	304	229	320	373	296	392	299	353
ENSG00000100075	5790	10384	8294	5188	5590	5134	5762	5528	4682	6400	5796	5409
ENSG00000100077	2086	3253	2207	1743	1993	1702	2007	2111	1761	2386	2121	1945
ENSG00000100078	3	2	0	1	0	0	0	0	0	0	0	2
ENSG00000100079	1	4	13	30	20	17	16	29	14	14	12	14
ENSG00000100083	1913	2946	2378	2209	2305	2128	2005	2009	1803	2196	1836	1789
ENSG00000100084	3502	5012	3991	3512	3665	2977	3088	2908	2568	3190	2877	2821
ENSG00000100092	2123	3784	3163	2341	2459	2243	2229	2662	2201	2861	2497	2199
ENSG00000100095	9	11	5	14	21	7	25	26	16	44	22	19
ENSG00000100097	15985	29565	23662	26745	28537	26211	19342	18698	15373	21127	17835	15818
ENSG00000100099	2614	4327	3061	2802	3073	2541	3063	3020	2621	3436	3038	2840
ENSG00000100100	140	259	240	198	259	204	165	206	138	227	184	104
ENSG00000100101	5	11	1	2	4	0	1	0	0	3	0	0
ENSG00000100104	1078	1707	1272	1133	1205	1002	1055	969	909	1072	931	953
ENSG00000100105	3612	5711	4298	4134	4532	3955	3822	3517	3105	3964	3381	3135
ENSG00000100106	2384	4139	3288	3305	3380	3206	2726	2896	2566	3146	2875	2530
ENSG00000100109	1620	2718	2192	1800	1924	1726	1748	1621	1441	1666	1586	1633
ENSG00000100116	649	1178	799	549	521	508	573	553	515	644	524	576
ENSG00000100121	1	0	1	0	0	2	3	5	0	4	0	6
ENSG00000100122	32	68	47	34	47	47	40	51	24	42	44	41
ENSG00000100124	1038	1542	1356	1055	1203	1053	973	963	911	1009	1013	976
ENSG00000100129	17275	29417	19757	21238	23141	20290	18619	16643	15614	19042	16045	15643
ENSG00000100138	3529	5310	3862	3403	3857	3085	3298	2846	2679	3304	2881	2868
ENSG00000100139	1896	2997	2572	2352	2606	2271	1792	1591	1488	1827	1689	1756
ENSG00000100142	322	505	400	348	359	290	368	329	308	380	280	316
ENSG00000100146	3	0	1	3	2	3	1	4	2	2	0	0
ENSG00000100147	276	547	438	370	381	332	296	336	279	330	308	310
ENSG00000100150	2681	4230	2910	3079	3103	2691	3257	3291	2808	3590	2960	2945
ENSG00000100151	224	474	344	344	347	298	298	339	303	362	304	266
ENSG00000100154	8250	14639	9775	21552	22990	20873	14726	11822	12748	13596	11122	11031
ENSG00000100156	4	15	5	10	1	3	3	8	3	7	4	3
ENSG00000100162	921	1272	1154	870	868	722	790	768	632	825	796	657
ENSG00000100167	132	206	115	79	88	60	121	155	107	164	127	106
ENSG00000100191	0	5	2	0	2	2	2	2	1	1	0	1
ENSG00000100196	8	10	17	4	3	9	3	5	5	9	4	6
ENSG00000100201	32861	55181	38954	37944	41032	36015	33307	33972	28758	36978	32679	30113
ENSG00000100206	167	258	183	199	237	225	231	245	258	246	266	210
ENSG00000100209	339	634	524	531	552	477	382	388	323	394	374	318
ENSG00000100211	100	191	100	99	96	90	150	118	99	139	144	117
ENSG00000100216	2888	4745	3743	3145	3442	2880	2777	2453	2345	2745	2551	2590
ENSG00000100218	0	0	0	0	0	3	0	0	1	0	0	0
ENSG00000100219	18987	32966	25862	22171	23896	22720	16881	15693	14266	17838	17427	15723
ENSG00000100220	3069	4478	3654	3021	3341	2911	2566	2382	2165	2723	2610	2455
ENSG00000100221	2363	3735	2677	2344	2499	2232	2300	2226	1898	2470	2188	2108
ENSG00000100225	4324	6939	5115	4777	4799	4400	4234	4044	3577	4448	4308	3765
ENSG00000100226	2406	3779	2677	2580	2554	2203	2134	2044	1842	2364	1989	2076
ENSG00000100227	4461	7024	4916	4995	5368	4805	4726	4477	4007	5000	4463	4172
ENSG00000100228	201	331	256	303	295	294	318	354	288	344	308	275
ENSG00000100234	39	48	27	5	5	3	20	42	14	32	37	33
ENSG00000100239	3130	5103	3907	3890	3791	3460	2923	3031	2543	3276	3079	2924
ENSG00000100241	8275	12679	10531	9317	10035	9003	8150	7915	7050	8785	8099	7543
ENSG00000100242	11296	18849	15366	14691	15996	14601	14013	13479	12006	15521	13585	12117
ENSG00000100243	2248	3514	2524	2733	2723	2434	2813	2525	2272	2597	2215	2247
ENSG00000100246	331	506	425	333	334	319	404	409	293	446	397	333
ENSG00000100253	74	126	90	112	78	97	98	138	101	99	98	121
ENSG00000100258	1566	2381	2033	1889	1961	1765	1365	1310	1145	1396	1297	1244
ENSG00000100263	471	726	655	509	537	440	377	458	395	431	369	388
ENSG00000100266	2720	4624	3550	4010	4155	3782	3165	2961	2635	3107	2958	2751
ENSG00000100271	247	376	262	340	350	345	280	236	238	280	259	213
ENSG00000100276	12	10	10	3	4	7	12	11	7	3	6	9
ENSG00000100280	4326	6766	5522	5092	5467	4870	3860	3710	3380	4112	3789	3789
ENSG00000100281	2709	4292	2985	2855	2925	2694	2482	2561	2276	2789	2496	2489
ENSG00000100284	572	984	904	782	778	799	760	747	623	840	752	615
ENSG00000100285	293	322	326	279	227	264	212	184	182	179	210	235
ENSG00000100288	1415	2201	1767	1676	1784	1511	1501	1458	1275	1487	1530	1218
ENSG00000100290	327	594	502	504	597	459	535	436	441	447	544	442
ENSG00000100292	30	74	37	70	94	65	52	84	61	89	70	46
ENSG00000100294	719	1199	973	831	862	801	692	668	611	758	636	682
ENSG00000100296	2540	4010	3156	2653	2827	2524	2732	2497	2296	2782	2426	2431
ENSG00000100297	11098	16797	12526	10610	11438	9661	10113	9418	8367	10869	9423	9500
ENSG00000100298	75	116	104	124	137	114	110	93	100	100	117	93
ENSG00000100299	1032	1675	1222	1289	1364	1337	811	838	727	915	809	760
ENSG00000100300	4310	7277	6032	5080	5480	4868	4317	4222	3679	4803	4454	4017
ENSG00000100302	34	57	50	43	45	62	56	71	54	94	71	43
ENSG00000100304	7426	11086	8895	7405	7762	6930	6464	5715	5475	6680	6018	5988
ENSG00000100307	213	450	326	230	229	238	282	390	309	371	380	246
ENSG00000100311	1	11	9	1	3	7	7	11	8	14	12	5
ENSG00000100312	2	0	0	0	1	1	1	1	0	0	0	2
ENSG00000100314	29	24	23	17	22	5	8	11	10	16	7	11
ENSG00000100316	74893	130541	101676	91970	99130	91716	81556	76684	67969	85146	81740	70493
ENSG00000100319	432	720	524	454	471	413	472	387	356	452	430	378
ENSG00000100320	88	128	89	172	133	122	118	64	50	94	48	36
ENSG00000100321	1745	3234	2542	1542	1618	1716	2006	2218	1703	2428	2037	1775
ENSG00000100324	2743	4716	3558	2788	2795	2568	2699	2582	2221	3058	2682	2384
ENSG00000100325	1654	2782	2134	1795	1989	1676	1833	1799	1644	2020	1716	1684
ENSG00000100330	2164	3930	2922	2750	2976	2693	2667	2894	2261	2809	2709	2406
ENSG00000100335	6202	9564	7088	5693	6096	5580	5415	4886	4553	5617	5094	5446
ENSG00000100336	1301	2260	976	1516	1629	1452	1209	1331	1057	1376	1270	1293
ENSG00000100341	2	3	0	1	6	2	3	0	0	3	0	1
ENSG00000100342	108	200	134	146	125	183	186	156	156	166	178	153
ENSG00000100344	940	1723	1188	670	670	713	779	963	736	1004	909	848
ENSG00000100345	41883	71153	54459	45100	47610	43412	45637	45375	37834	51217	44877	42493
ENSG00000100346	0	0	0	0	0	1	1	5	0	2	2	0
ENSG00000100347	2782	4440	3343	2985	3487	2903	2532	2257	2319	2687	2505	2347
ENSG00000100348	1812	3213	2515	2088	2264	1965	2154	1927	1596	2241	1980	1687
ENSG00000100350	2724	4323	3126	2776	2914	2529	2758	2589	2427	3003	2370	2608
ENSG00000100351	6	7	8	33	45	52	11	8	11	19	11	14
ENSG00000100353	9952	15905	11964	10829	11669	9975	10226	9379	8721	10509	9600	9043
ENSG00000100354	7672	13408	8687	11461	11734	10936	10742	10814	9358	12020	9928	9621
ENSG00000100359	2185	3516	2784	2532	2610	2452	2305	2538	2246	2811	2461	2108
ENSG00000100360	801	1168	971	935	1080	841	769	762	661	816	744	674
ENSG00000100364	16499	25304	19076	17561	19597	16799	17227	15799	14642	18178	15981	15793
ENSG00000100365	3942	6101	4212	4193	4693	4079	4444	4315	3842	4900	3663	3601
ENSG00000100368	2072	3384	2527	1699	1803	1670	1889	1881	1509	2083	1758	1799
ENSG00000100372	605	960	749	617	686	600	654	567	488	583	594	605
ENSG00000100373	78	92	65	168	170	186	111	83	106	85	71	68
ENSG00000100376	921	1313	1096	1201	1205	1072	923	808	733	860	840	870
ENSG00000100379	255	404	284	304	349	347	253	205	161	272	248	221
ENSG00000100380	8777	14007	10640	8797	8961	8052	8186	7458	6752	8096	8082	7565
ENSG00000100385	129	286	227	205	202	183	208	156	153	211	143	106
ENSG00000100387	1427	2425	1810	1761	1926	1689	1534	1448	1427	1622	1503	1451
ENSG00000100393	9863	16467	10680	13273	13784	11946	10919	10734	9398	12214	9837	9999
ENSG00000100395	2171	3234	2402	2406	2503	2149	2053	1830	1714	2063	1948	1894
ENSG00000100399	31	56	42	31	34	41	37	49	25	27	38	27
ENSG00000100401	6548	9309	8096	6889	7244	5762	5226	4657	4593	5054	4909	5111
ENSG00000100403	5116	7805	5924	5408	5726	5041	4706	4283	4130	5031	4179	4403
ENSG00000100410	814	1176	948	793	790	704	786	705	616	751	740	709
ENSG00000100412	5643	8810	6654	5859	6182	5491	5504	5048	4612	5909	5329	5205
ENSG00000100413	2802	4200	3395	2895	2976	2655	2388	2123	2015	2553	2429	2318
ENSG00000100416	1702	2439	2048	1806	1884	1542	1505	1599	1481	1774	1636	1509
ENSG00000100417	399	637	581	417	443	384	427	436	384	528	491	414
ENSG00000100418	2029	3094	2408	2009	2054	1825	1939	1728	1685	2001	1822	1738
ENSG00000100422	3235	5519	4391	3749	4084	3793	3677	3638	3337	3966	3759	3261
ENSG00000100425	3052	4930	3824	3592	3803	3366	3302	3175	2924	3581	3274	2996
ENSG00000100426	6274	9571	6965	6682	6947	6325	5753	5414	5014	6262	5508	5636
ENSG00000100427	9797	14892	11099	6340	6712	5752	8324	8422	7096	9743	8141	8528
ENSG00000100429	2077	3322	2779	2381	2527	2240	2154	2197	1939	2338	2144	1880
ENSG00000100433	1794	2814	2035	3938	4076	3574	2992	2642	2746	2960	2547	2523
ENSG00000100439	146	380	310	128	136	213	203	268	177	259	293	161
ENSG00000100441	4600	7865	6196	5723	6004	5629	5037	5185	4262	5434	4896	4435
ENSG00000100442	1498	2456	1777	1745	1840	1593	1411	1209	1073	1335	1358	1288
ENSG00000100445	959	1548	1172	1020	1084	946	794	819	675	884	858	722
ENSG00000100448	2024	3106	2564	752	766	613	1489	1714	1211	1897	1845	1876
ENSG00000100453	0	2	0	0	0	0	1	0	0	0	0	0
ENSG00000100461	3872	6483	4870	5055	5625	5111	4626	4387	4117	4958	4222	4367
ENSG00000100462	4214	6356	4515	3783	4182	3465	3786	3326	3003	3800	3501	3381
ENSG00000100473	157	219	218	277	304	283	115	128	136	142	131	139
ENSG00000100478	380	612	472	546	547	525	503	500	459	475	493	450
ENSG00000100479	891	1312	947	745	826	608	757	759	638	788	756	726
ENSG00000100483	474	711	520	525	531	473	444	407	339	442	398	443
ENSG00000100485	2613	5037	3479	3415	3753	3328	3213	3407	2968	3827	3379	2958
ENSG00000100490	357	594	387	463	485	398	352	340	333	356	353	360
ENSG00000100503	8068	12233	8856	7905	8374	7250	7622	7305	6471	7966	7498	7339
ENSG00000100504	15007	25178	19031	14886	15921	14106	15666	15026	12933	16252	15380	13920
ENSG00000100505	1172	1861	1344	1296	1352	1139	1131	1152	940	1235	1101	1133
ENSG00000100519	3079	4694	3696	3495	3635	3125	2979	2798	2512	2961	2966	2582
ENSG00000100522	1861	2863	2080	2444	2705	2250	1614	1536	1414	1706	1687	1585
ENSG00000100523	2198	3420	2259	5124	5184	4570	3027	2801	2731	3050	2490	2569
ENSG00000100526	910	1388	1025	1027	1037	879	696	676	625	749	647	722
ENSG00000100528	3439	5556	3871	4522	5282	4642	3163	3189	2839	3509	3484	2924
ENSG00000100532	140	242	189	165	218	175	121	129	110	166	143	137
ENSG00000100554	1103	1906	1532	1123	1201	1131	1203	1232	1055	1277	1276	1152
ENSG00000100557	15	22	23	22	28	20	22	34	36	28	21	30
ENSG00000100564	384	655	517	446	439	419	401	423	371	402	421	401
ENSG00000100565	0	0	0	2	1	3	1	8	0	0	0	0
ENSG00000100567	3868	5927	4715	3990	4190	3398	3170	2997	2808	3163	3428	3087
ENSG00000100568	2554	3995	2709	2842	2814	2678	2603	2337	2089	2767	2287	2287
ENSG00000100575	621	1020	619	589	712	584	601	602	595	643	621	555
ENSG00000100577	775	1394	1057	1010	1054	1026	876	898	727	997	878	777
ENSG00000100578	3284	5185	3563	3219	3555	2981	3133	3138	2768	3375	3130	2914
ENSG00000100580	13197	20188	13543	15125	16636	14058	13961	12990	11964	14185	12627	12329
ENSG00000100583	57	98	69	73	99	63	70	57	59	72	74	52
ENSG00000100591	3000	3942	3048	2808	2938	2348	2413	1983	1934	2121	2051	2168
ENSG00000100592	521	1002	683	748	754	717	487	520	404	543	479	485
ENSG00000100593	1	1	5	5	2	1	1	5	1	2	2	1
ENSG00000100596	17522	28106	19259	19251	20881	18318	18143	17730	16136	19374	16979	16436
ENSG00000100599	1245	2799	2069	2822	3033	2869	2067	2224	1793	2348	2001	1526
ENSG00000100600	5	7	1	19	20	10	6	6	9	3	3	5
ENSG00000100601	589	937	655	570	633	489	555	532	413	564	523	494
ENSG00000100603	2657	4327	3277	2961	3172	2828	2708	2649	2355	2899	2692	2490
ENSG00000100605	41	93	65	110	46	89	74	82	61	55	111	45
ENSG00000100612	768	1353	998	811	769	783	803	848	668	946	815	712
ENSG00000100614	3887	6311	4501	3872	4303	3689	3759	3691	3267	4047	3955	3376
ENSG00000100625	322	629	368	486	519	451	493	569	532	602	496	496
ENSG00000100626	76	149	99	111	103	115	122	127	111	122	130	108
ENSG00000100628	100	160	151	160	234	253	133	82	98	186	118	115
ENSG00000100629	1300	2266	1363	1161	1196	1061	1465	1500	1262	1537	1398	1371
ENSG00000100632	3851	6752	4987	4351	4658	3902	4009	3491	3388	3830	3237	3517
ENSG00000100644	2933	4802	3156	3062	3195	2936	3024	2943	2737	3238	2840	2812
ENSG00000100647	1770	2818	2169	2027	2364	2137	2068	1943	1650	2159	2030	1700
ENSG00000100650	7079	12324	9144	8402	8524	7735	7452	6988	6350	7437	7539	6548
ENSG00000100652	0	5	1	3	2	3	1	3	3	2	3	0
ENSG00000100664	15193	24320	18577	13533	14528	12550	12505	12534	10380	13196	13372	11939
ENSG00000100697	6832	10195	6824	8952	9524	8226	7462	7448	6748	7961	7282	7181
ENSG00000100711	1246	1913	1445	1311	1424	1263	1428	1515	1281	1621	1432	1356
ENSG00000100714	9998	14635	10427	9711	10213	8544	8636	8056	7406	8789	7953	8174
ENSG00000100722	2726	3999	2759	2679	2899	2399	2704	2556	2348	2719	2465	2425
ENSG00000100726	4188	6198	5020	4033	4186	3788	3593	3280	2986	3869	3529	3479
ENSG00000100731	5213	8634	5963	7225	7961	7023	5822	6067	5222	6486	6087	5463
ENSG00000100744	690	1161	845	825	831	753	572	585	559	672	663	686
ENSG00000100749	4062	5831	4375	3668	3993	3212	3497	3278	2981	3603	3552	3405
ENSG00000100764	3449	5693	4462	3644	3849	3536	3379	3260	2965	3566	3542	3214
ENSG00000100767	855	1538	1280	899	952	946	888	1014	856	1119	960	853
ENSG00000100784	1658	2842	1717	2152	2160	1989	2320	2439	2174	2598	2249	2234
ENSG00000100796	6113	9987	6958	6927	7378	6617	5729	5415	4704	5754	5276	5097
ENSG00000100802	300	479	337	341	297	307	309	304	249	331	291	289
ENSG00000100804	1941	3089	2580	2099	2213	1975	1764	1580	1463	1840	1871	1683
ENSG00000100811	8448	12899	9397	9073	9605	8542	7935	7474	6682	8106	7570	7514
ENSG00000100813	7936	12787	9829	9269	9452	8540	8560	7666	7125	8803	7508	7501
ENSG00000100814	2037	3714	2366	2168	2362	2223	2304	2549	2054	2785	2313	2205
ENSG00000100815	2170	3505	2452	2207	2442	2243	2531	2592	2256	2782	2446	2330
ENSG00000100823	9830	15662	13159	10996	11659	10353	10309	9359	8596	10537	10383	9019
ENSG00000100836	6618	10837	7994	6849	7793	6483	6347	5563	5311	6352	5259	5509
ENSG00000100852	27	49	27	44	55	57	45	32	35	44	40	32
ENSG00000100865	596	1079	804	769	737	703	749	737	607	784	800	678
ENSG00000100867	22	17	32	13	14	11	12	17	14	30	16	16
ENSG00000100883	2349	4082	3084	2558	2686	2528	2406	2374	2065	2586	2449	2373
ENSG00000100884	1	2	1	0	0	0	0	0	3	0	0	1
ENSG00000100888	6594	11169	7813	7701	8195	7296	7461	7061	6263	7998	6947	6835
ENSG00000100889	1287	2118	1853	1423	1563	1356	840	759	659	781	786	844
ENSG00000100890	1427	2166	1678	1819	1889	1537	1454	1452	1365	1724	1650	1465
ENSG00000100897	2833	4626	3297	3263	3387	2931	2908	2652	2601	3193	2674	2674
ENSG00000100902	6208	10252	7208	6636	7444	6481	6187	5775	5212	6254	6092	5993
ENSG00000100906	1079	1977	1599	1449	1476	1463	1256	1175	1068	1298	1231	1111
ENSG00000100908	246	301	307	287	339	259	231	236	172	215	242	208
ENSG00000100911	3508	5378	4124	4075	4672	3732	3102	2827	2752	3177	2823	3121
ENSG00000100916	388	694	453	446	411	406	401	389	317	414	372	381
ENSG00000100918	111	267	195	224	206	183	172	229	188	264	251	155
ENSG00000100926	1558	2581	1981	1803	1982	1812	1447	1452	1244	1543	1610	1510
ENSG00000100934	2833	4586	3208	3130	3445	3049	2742	2781	2386	2896	2726	2483
ENSG00000100938	1983	3573	2592	2358	2628	2474	2342	2316	1932	2502	2457	2128
ENSG00000100941	2439	3817	2944	2607	2758	2363	2605	2376	2085	2559	2485	2341
ENSG00000100949	1007	1508	1223	1194	1334	1152	1103	1025	936	1199	1200	1040
ENSG00000100979	105	160	116	115	118	129	113	95	83	142	103	111
ENSG00000100982	1360	2164	1760	1669	1718	1543	1544	1425	1245	1653	1579	1273
ENSG00000100983	1470	2397	1800	1770	1766	1560	1410	1465	1281	1576	1514	1399
ENSG00000100985	7	20	22	79	60	63	22	11	20	24	24	10
ENSG00000100991	3975	6298	5175	4657	5298	4565	3960	3937	3424	4339	4189	3666
ENSG00000100994	3286	4832	4104	3926	4303	3628	3035	2638	2705	3157	2818	2870
ENSG00000100997	1879	3257	2307	2532	2803	2561	2174	2068	1900	2454	2103	1773
ENSG00000101000	162	247	146	212	202	173	171	172	173	153	155	212
ENSG00000101003	2639	4187	3092	2516	2881	2350	1990	1963	1619	2060	2146	1939
ENSG00000101004	4	16	8	7	12	9	6	7	9	0	17	2
ENSG00000101017	14	34	34	20	17	22	16	20	21	24	22	18
ENSG00000101019	1561	2463	1708	1893	1975	1658	1528	1396	1265	1660	1400	1356
ENSG00000101040	2394	3936	2811	2734	2975	2624	2777	2873	2547	3234	2598	2468
ENSG00000101049	17	42	28	27	26	20	30	44	32	39	38	49
ENSG00000101052	868	1651	1199	1015	1071	999	1002	994	797	1073	1042	861
ENSG00000101057	6476	9800	7835	5912	6006	5252	5393	5018	4532	5804	5603	5218
ENSG00000101076	2	3	2	0	1	2	0	4	0	2	1	0
ENSG00000101079	1368	2183	1447	1416	1404	1319	1350	1259	1074	1478	1160	1091
ENSG00000101082	132	266	193	205	201	201	193	218	196	196	205	139
ENSG00000101084	2300	3656	2822	2205	2342	2088	2024	1986	1676	2188	2201	1896
ENSG00000101096	930	1721	1170	1379	1412	1312	1395	1402	1279	1568	1309	1224
ENSG00000101104	556	856	618	608	661	563	620	666	498	689	606	533
ENSG00000101109	7954	12234	8888	8698	9545	8326	7674	7616	6773	8210	7542	7162
ENSG00000101115	88	174	128	104	84	103	161	151	104	174	137	144
ENSG00000101126	11017	17561	11629	12324	13007	11294	10671	10320	9479	11784	9801	10165
ENSG00000101132	227	415	264	248	289	283	273	274	217	249	259	236
ENSG00000101138	1931	3252	2165	1714	1870	1762	1951	1841	1741	2163	1998	1858
ENSG00000101144	532	932	622	772	786	734	848	880	817	914	955	777
ENSG00000101146	1501	2537	1786	1694	1621	1457	1458	1349	1183	1533	1401	1323
ENSG00000101150	2904	4754	3437	3091	3494	3037	2669	2503	2316	3088	2708	2568
ENSG00000101152	5286	8434	6835	7363	7662	7195	5717	5797	5264	6452	5953	5267
ENSG00000101158	4540	7068	5378	4741	5123	4336	5069	4479	4247	5207	4699	4509
ENSG00000101160	2435	3732	2860	4701	5029	4572	3089	2549	2526	2932	2727	2555
ENSG00000101161	4326	7135	5625	5180	5244	4967	4472	4335	4035	4827	4494	4077
ENSG00000101162	5	34	21	19	16	9	12	10	8	12	9	8
ENSG00000101166	3212	5380	3687	3618	3919	3363	3022	2646	2456	2885	2863	2773
ENSG00000101180	1	0	0	2	1	1	1	1	0	0	0	2
ENSG00000101181	1012	1541	1115	1073	1111	995	992	904	887	1049	961	927
ENSG00000101182	6027	8826	7231	6169	6729	5784	5124	4453	4559	5032	5178	4897
ENSG00000101187	1945	2808	2075	1665	1729	1485	1536	1439	1280	1693	1406	1422
ENSG00000101188	1740	2733	2103	2459	2415	2392	1680	1489	1459	1703	1420	1524
ENSG00000101189	813	1349	1033	850	907	823	845	779	641	779	839	761
ENSG00000101190	992	1696	1247	1068	1112	913	1029	951	829	963	995	969
ENSG00000101191	9808	15544	11464	10847	11293	10091	9663	9177	8124	10301	8743	9071
ENSG00000101193	3617	5635	4460	3756	3986	3645	3400	3235	2888	3659	3509	3069
ENSG00000101194	4014	6042	4783	3795	3719	3316	3641	3561	3012	4005	3395	3375
ENSG00000101197	0	0	1	0	0	0	4	3	1	6	1	0
ENSG00000101199	2179	3599	3026	2374	2458	2316	2204	2063	1876	2441	2167	1939
ENSG00000101203	1	3	1	1	0	3	0	1	2	2	3	0
ENSG00000101210	3157	5021	4194	2781	2969	2699	2946	3080	2563	3297	2974	2578
ENSG00000101213	149	402	341	245	221	233	196	235	180	237	238	159
ENSG00000101216	1094	1755	1422	1148	1309	1133	1102	981	932	1123	987	981
ENSG00000101220	3191	4960	4195	2558	2754	2371	2658	2653	2277	2932	2888	2703
ENSG00000101222	9	8	17	7	3	5	6	5	0	3	5	4
ENSG00000101224	2159	3434	2693	2738	2915	2394	1970	1772	1705	1985	1845	1893
ENSG00000101230	0	5	0	1	0	2	1	0	1	0	0	0
ENSG00000101236	11116	18893	13809	14818	15959	14415	12678	12871	11395	14755	12774	10874
ENSG00000101246	1088	1723	1385	1338	1377	1260	1264	1193	1049	1251	1165	1079
ENSG00000101247	430	609	450	750	785	692	505	437	448	505	429	369
ENSG00000101255	1446	3235	3005	590	584	673	886	1059	590	1073	1030	1143
ENSG00000101265	8694	14247	9810	10701	11443	10432	10322	10257	8770	11356	9808	9346
ENSG00000101266	10405	16559	11259	10909	11595	9795	10404	9780	8954	10853	9098	9649
ENSG00000101280	2	5	7	5	0	3	6	10	3	9	9	4
ENSG00000101282	1	0	0	0	2	0	0	1	0	3	0	2
ENSG00000101290	2877	4382	3443	3866	4050	3910	3382	3448	3090	3851	3673	2860
ENSG00000101294	3628	6000	3812	4100	4141	3589	3490	3427	3121	3912	3063	3313
ENSG00000101298	82	110	79	183	178	150	68	39	38	55	48	38
ENSG00000101306	32	29	22	23	21	18	29	33	20	32	21	18
ENSG00000101307	899	1351	925	1101	1064	1024	1242	1181	1044	1460	1226	1197
ENSG00000101310	4229	7219	5099	5131	5432	4861	4070	4087	3368	4428	4019	3878
ENSG00000101311	176	270	169	103	104	129	107	112	107	142	118	127
ENSG00000101327	1	0	0	1	0	0	2	2	0	4	0	0
ENSG00000101331	0	5	0	1	4	0	1	0	0	0	0	0
ENSG00000101333	39	46	29	9	13	9	19	31	12	21	25	18
ENSG00000101335	2	3	3	3	3	8	8	11	7	11	5	2
ENSG00000101336	3628	6490	4701	4708	4862	4451	4175	4055	3486	4614	3991	3781
ENSG00000101337	2982	4961	3269	3174	3298	2959	3454	3121	2872	3603	3020	2911
ENSG00000101342	4	10	7	6	5	9	9	13	6	21	4	7
ENSG00000101343	1758	2963	2151	2132	2203	2007	1992	1850	1644	2040	2047	1833
ENSG00000101346	4487	6361	4874	3622	3850	3407	4047	3816	3325	4205	4012	3902
ENSG00000101347	10083	17418	12324	23261	25694	22731	16790	14617	15162	16065	14789	13891
ENSG00000101349	108	175	111	32	33	24	65	79	44	112	83	55
ENSG00000101350	1355	2175	1672	1232	1399	1302	1286	1309	1131	1435	1304	1231
ENSG00000101353	23	57	47	47	48	39	36	36	26	36	37	29
ENSG00000101361	6958	10407	7701	6708	6897	6106	5873	5379	4990	5912	5466	5535
ENSG00000101363	299	492	309	360	419	339	339	328	327	421	318	308
ENSG00000101365	2579	3832	3113	2653	2825	2387	2571	2346	2067	2469	2328	2321
ENSG00000101367	9131	14129	10240	10391	11406	9852	8874	8082	7509	8862	8561	8284
ENSG00000101384	67	168	141	27	33	17	65	126	49	126	124	108
ENSG00000101391	941	1392	959	1206	1213	1055	967	920	815	1004	909	870
ENSG00000101400	142	252	185	250	232	253	138	113	102	185	128	107
ENSG00000101407	2318	3255	2362	2055	2254	1837	1984	1886	1717	1988	1707	1821
ENSG00000101412	2607	4093	3120	2712	2821	2547	2331	2224	1989	2546	2250	2078
ENSG00000101413	2074	3077	2301	2137	2113	1871	1981	2114	1798	2263	2032	1991
ENSG00000101417	1048	1814	1311	1086	1207	1056	1266	1253	1091	1402	1194	1144
ENSG00000101421	1633	2744	2240	2190	2467	2236	1924	1774	1507	1971	1775	1743
ENSG00000101425	17	14	12	76	82	79	28	29	33	27	31	18
ENSG00000101439	5792	9753	7905	7455	7637	7010	7794	7402	6418	8362	8385	6465
ENSG00000101440	2	8	0	5	3	2	0	2	0	2	3	5
ENSG00000101442	614	993	824	600	689	562	533	537	463	565	537	521
ENSG00000101444	8449	13500	9613	9197	9848	8647	7796	7040	6562	8327	7185	7503
ENSG00000101445	1614	2875	2163	2949	3111	2878	2229	2024	1844	2308	2048	1767
ENSG00000101447	1038	1583	1016	1045	1108	958	937	849	790	984	846	888
ENSG00000101448	71	109	63	100	78	78	80	102	80	116	95	61
ENSG00000101452	828	1244	939	899	987	827	828	798	692	840	746	820
ENSG00000101457	861	1458	1173	936	1024	957	908	872	666	935	860	835
ENSG00000101460	21	40	33	28	32	26	27	26	13	24	36	28
ENSG00000101464	785	1178	839	672	731	629	717	699	590	802	638	658
ENSG00000101470	1	0	3	0	3	1	4	0	0	1	0	0
ENSG00000101473	697	1076	945	897	846	840	735	746	661	859	750	690
ENSG00000101474	2493	3615	3139	2722	3030	2589	2256	2230	1830	2295	2255	2217
ENSG00000101493	12125	20034	14204	13974	14735	13034	12860	12688	11092	14198	11929	11529
ENSG00000101542	2	4	3	7	3	2	1	2	1	1	2	3
ENSG00000101544	5071	7961	5910	5308	5509	5010	4734	4733	4136	5293	4635	4602
ENSG00000101546	1575	2449	1749	1609	1771	1473	1649	1547	1455	1727	1515	1562
ENSG00000101557	6828	10421	7620	6541	6824	5812	5737	5652	5183	6276	5858	5543
ENSG00000101558	8463	14921	10446	10028	10510	9513	9183	9044	7947	9679	9289	8289
ENSG00000101574	728	1257	778	718	760	661	618	706	598	705	635	683
ENSG00000101577	1782	3163	2192	2514	2720	2446	2187	2034	1790	2281	2083	1900
ENSG00000101596	10420	16126	11484	10355	10850	9159	9976	10044	8737	10711	9819	9604
ENSG00000101605	106	195	128	190	208	220	175	196	136	225	193	116
ENSG00000101608	11030	19413	13604	14156	15438	13654	13415	12737	11483	13838	12742	12035
ENSG00000101624	1191	1828	1376	1207	1257	1103	940	964	864	944	1107	904
ENSG00000101638	241	439	308	519	551	390	312	300	269	348	302	287
ENSG00000101639	6528	10527	7308	7393	8154	6710	7244	7362	6535	7908	7387	6624
ENSG00000101654	3990	6606	4749	3901	3963	3632	4010	3993	3490	4376	4245	3310
ENSG00000101665	721	1457	1119	1166	1235	1170	975	976	832	996	934	793
ENSG00000101670	655	1120	710	1079	982	888	945	1104	971	1111	1017	907
ENSG00000101680	511	946	606	711	743	635	833	810	787	947	805	764
ENSG00000101695	1907	3480	2399	2261	2304	2075	2086	2227	1804	2280	2138	2073
ENSG00000101745	2973	5118	3346	3232	3446	3257	3206	3437	2734	3387	3247	2874
ENSG00000101751	1219	2340	1441	1370	1409	1353	1716	1898	1563	2088	1777	1424
ENSG00000101752	10219	16429	12031	9877	10561	9336	9175	9673	8081	10370	10065	9032
ENSG00000101773	2159	3195	2252	2526	2850	2324	1979	1652	1619	1821	1709	1762
ENSG00000101782	3189	5902	4711	3134	3471	3139	3633	3862	3028	4133	3861	3069
ENSG00000101811	882	1455	1020	818	943	793	778	638	586	791	637	719
ENSG00000101842	389	619	448	544	570	557	606	630	575	577	565	601
ENSG00000101843	1243	2008	1634	1177	1344	1198	1163	1165	1005	1230	1254	1158
ENSG00000101844	349	575	403	340	414	348	302	273	239	320	355	280
ENSG00000101846	1495	2513	1572	8463	9117	8627	3163	2419	2784	2597	2121	1934
ENSG00000101849	3555	6004	4087	4228	4471	4097	3563	3454	3058	4128	3331	3297
ENSG00000101850	1	3	4	4	6	3	1	2	1	0	2	2
ENSG00000101856	1560	2551	1788	1619	1865	1575	1399	1226	1278	1443	1227	1341
ENSG00000101868	4253	6738	4572	3940	4083	3599	3018	2669	2459	3118	2877	2862
ENSG00000101871	13	47	30	8	20	18	25	29	28	26	23	18
ENSG00000101882	1767	2936	2193	2168	2340	2183	2282	2429	2296	2606	2243	2232
ENSG00000101883	5	20	7	13	15	16	27	13	27	23	27	12
ENSG00000101888	1904	2891	1981	1437	1729	1381	1654	1651	1462	1735	1609	1518
ENSG00000101890	5	15	9	3	4	6	7	5	1	1	3	10
ENSG00000101892	42	57	32	52	60	56	49	64	60	63	63	46
ENSG00000101898	80	128	98	112	103	78	121	69	77	83	77	89
ENSG00000101901	1595	2884	1878	2079	2184	1967	1839	2101	1632	2178	1964	1596
ENSG00000101911	2509	3742	2592	2545	2631	2226	2277	2094	1866	2393	2252	2179
ENSG00000101916	4	24	11	29	35	34	5	19	14	26	11	11
ENSG00000101928	391	793	446	560	631	529	450	422	353	360	353	374
ENSG00000101935	1887	2854	2140	1641	1742	1507	1609	1467	1328	1672	1587	1570
ENSG00000101940	1643	2634	2065	1739	1781	1648	1488	1550	1182	1669	1516	1342
ENSG00000101945	1654	2484	1917	1538	1601	1469	1559	1277	1195	1577	1461	1407
ENSG00000101955	5	10	3	10	4	3	5	2	5	5	8	7
ENSG00000101966	3345	5857	4148	4267	4673	4114	4052	3948	3692	4210	3982	3657
ENSG00000101972	11605	19969	13963	11133	11659	10573	11219	11727	9562	12264	12173	10289
ENSG00000101974	1193	2010	1319	1730	1784	1501	1126	983	984	1149	985	1002
ENSG00000101977	6	8	4	7	12	5	13	2	3	9	5	4
ENSG00000101986	2523	4248	3333	2987	3224	2788	2569	2603	2190	2918	2390	2240
ENSG00000101997	1354	1999	1686	1443	1464	1380	1391	1353	1236	1571	1487	1280
ENSG00000102001	2	11	4	1	5	2	2	9	4	5	5	5
ENSG00000102003	76	129	129	111	106	113	142	163	135	135	120	126
ENSG00000102007	2259	4140	3225	2530	2697	2347	2341	2355	1723	2701	2318	2064
ENSG00000102024	31	42	17	9	10	8	18	13	16	21	19	16
ENSG00000102030	1492	2161	1768	1621	1752	1472	1459	1165	1074	1362	1172	1268
ENSG00000102032	102	192	175	130	166	137	130	142	132	165	146	139
ENSG00000102034	3104	5399	3999	4372	4610	4164	3680	3455	3231	4011	3659	3341
ENSG00000102038	1	5	2	1	1	0	0	1	0	1	0	1
ENSG00000102043	138	223	162	127	181	153	123	147	132	157	160	140
ENSG00000102053	78	139	83	121	116	112	104	130	104	127	103	116
ENSG00000102054	6772	10669	7651	7366	7819	6561	6146	5690	5350	6376	5775	5869
ENSG00000102057	42	100	68	77	73	90	64	120	64	76	91	68
ENSG00000102078	207	387	280	312	298	254	254	218	235	300	271	217
ENSG00000102081	1995	3275	2247	2295	2462	2102	1900	1834	1734	2162	2023	1773
ENSG00000102096	2251	4399	3312	2059	2082	2032	2463	2704	2090	2971	2623	1976
ENSG00000102098	1448	2158	1453	917	995	870	1083	1137	907	1284	1095	1104
ENSG00000102100	670	1146	861	732	753	701	739	641	562	756	712	616
ENSG00000102103	1219	1821	1522	1406	1440	1306	1221	1147	1008	1268	1203	1101
ENSG00000102119	799	1283	983	717	756	711	700	610	605	743	585	545
ENSG00000102125	1177	1737	1503	1330	1320	1220	1522	1492	1337	1654	1439	1330
ENSG00000102128	3	10	0	4	3	9	6	3	3	4	3	3
ENSG00000102144	32317	57845	42430	32556	35758	34753	35035	35946	29223	39428	38091	30638
ENSG00000102145	1	1	3	0	0	0	1	1	0	1	0	1
ENSG00000102158	4246	7615	5377	4463	4886	4412	3669	3716	3297	4018	3956	3579
ENSG00000102172	3626	5647	4352	3614	3767	3224	3149	2982	2732	3257	3322	2998
ENSG00000102174	5	1	5	1	4	5	5	2	4	6	8	6
ENSG00000102178	1761	2553	2061	1564	1605	1406	1517	1357	1287	1538	1434	1459
ENSG00000102181	2123	3300	2500	2239	2393	2194	2084	1999	1775	2149	1935	1717
ENSG00000102189	2898	4620	2950	3172	3455	2828	2418	2437	2085	2610	2451	2379
ENSG00000102218	2950	5088	3543	3520	3755	3419	2855	2835	2530	3075	3204	2666
ENSG00000102221	728	1081	742	667	765	646	601	558	529	590	567	582
ENSG00000102225	2786	4543	3218	2979	3267	2956	2879	2605	2400	2986	2363	2392
ENSG00000102226	3227	5534	3965	4437	4521	4360	3827	3657	3381	4061	3582	3429
ENSG00000102230	15	22	12	15	15	17	14	25	13	20	14	21
ENSG00000102241	2355	3541	2652	2105	2224	1800	2228	1975	1798	2069	2214	2021
ENSG00000102245	1	0	1	0	1	0	0	0	0	2	1	0
ENSG00000102265	952	1673	1287	1511	1566	1409	1249	1261	1059	1391	1259	1054
ENSG00000102271	7	12	8	2	2	2	5	8	8	7	5	24
ENSG00000102287	10	12	13	4	4	2	12	13	9	13	8	5
ENSG00000102290	115	222	89	112	112	102	184	163	155	195	144	163
ENSG00000102302	13	10	3	2	0	3	4	11	7	0	2	1
ENSG00000102309	204	345	182	202	220	172	187	233	202	178	205	207
ENSG00000102312	144	261	213	188	220	191	177	181	120	182	194	156
ENSG00000102316	1511	2675	2098	1745	1866	1740	1659	1672	1284	1697	1559	1442
ENSG00000102317	14101	24783	17939	17950	19638	17082	15910	14325	13643	15765	14936	13597
ENSG00000102349	81	166	76	121	163	135	145	146	145	178	110	122
ENSG00000102359	0	0	2	3	2	1	2	3	3	1	0	1
ENSG00000102362	15	15	23	26	29	19	22	32	28	25	25	32
ENSG00000102383	32	48	45	37	41	35	47	49	43	58	54	49
ENSG00000102384	1365	2229	1448	1165	1255	1054	1101	1207	971	1296	1173	1191
ENSG00000102385	63	74	48	48	52	30	46	35	35	47	34	32
ENSG00000102387	3	2	3	3	4	4	4	6	4	0	2	4
ENSG00000102390	630	894	737	596	691	606	568	510	421	575	465	495
ENSG00000102393	2251	3624	2677	2297	2668	2072	2260	2309	2070	2500	2388	2195
ENSG00000102401	1242	2379	1938	1347	1455	1309	1132	1327	1067	1440	1508	1155
ENSG00000102409	3	6	2	4	4	3	3	6	3	1	0	5
ENSG00000102445	2	10	3	6	2	2	0	2	1	3	4	2
ENSG00000102452	2	9	0	0	3	3	3	1	2	3	4	7
ENSG00000102471	3930	7007	4901	3762	4371	3739	4265	4609	3639	4886	4485	3925
ENSG00000102524	1516	2379	1580	800	817	694	1385	1654	1182	1917	1537	1517
ENSG00000102531	4772	8365	5708	4406	4630	4331	5007	5736	4503	5961	5355	4614
ENSG00000102543	249	356	280	183	194	199	193	202	164	221	189	175
ENSG00000102547	234	383	251	250	236	199	180	189	136	224	162	179
ENSG00000102554	88	138	89	91	72	70	94	51	89	94	67	58
ENSG00000102572	2844	4757	3421	4517	4866	4385	3442	3000	3025	3260	2950	2852
ENSG00000102575	0	0	0	2	1	0	1	0	0	2	0	0
ENSG00000102580	6326	10494	7644	6492	6858	6229	5090	5060	4369	5653	5072	4816
ENSG00000102595	162	218	53	164	137	171	180	282	181	241	142	172
ENSG00000102606	2905	4910	3728	3491	3738	3381	3475	3522	3219	4013	3572	2930
ENSG00000102678	3	3	3	7	3	5	2	1	0	1	4	2
ENSG00000102699	8947	14856	10195	11294	12065	10844	10042	9500	8465	10560	9274	8624
ENSG00000102710	2576	4550	3024	3607	3625	3360	2802	2839	2437	2888	2395	2402
ENSG00000102738	561	894	811	638	643	546	688	548	514	639	580	559
ENSG00000102743	1057	1776	1412	1461	1470	1297	1264	1210	1188	1214	1238	1163
ENSG00000102753	4223	6268	4245	4549	4855	3990	3428	3203	3101	3773	3235	3436
ENSG00000102755	41	125	83	41	37	48	31	63	33	84	55	37
ENSG00000102760	215	413	325	86	107	104	132	153	91	181	167	106
ENSG00000102763	2309	3729	2377	2833	3014	2620	2524	2467	2207	2749	2540	2268
ENSG00000102780	2852	4686	3001	2393	2429	2158	3075	3589	2853	3629	3199	2871
ENSG00000102781	627	1163	768	652	709	633	753	755	530	853	706	600
ENSG00000102786	4401	7401	4879	4761	4875	4439	4026	4266	3478	4514	3906	3602
ENSG00000102796	96	176	90	119	89	103	81	104	87	96	101	106
ENSG00000102804	109	144	105	88	75	98	62	97	67	95	83	77
ENSG00000102805	1042	1651	1022	1445	1408	1278	1197	1354	1188	1387	1120	1062
ENSG00000102854	0	1	1	0	2	0	0	6	2	1	1	0
ENSG00000102858	4583	7306	5507	5302	5618	5195	4986	4506	4389	5399	4685	4315
ENSG00000102870	1929	3182	2442	2300	2258	2270	1980	1924	1703	2219	1900	1749
ENSG00000102871	270	493	496	360	429	403	279	312	291	332	320	266
ENSG00000102878	125	174	206	153	162	218	173	169	145	178	163	117
ENSG00000102879	20859	35132	27588	24595	26814	24467	23913	22446	20037	25661	22956	21006
ENSG00000102882	747	1508	1067	874	916	891	923	1043	862	1131	1008	791
ENSG00000102886	26	48	32	37	32	29	42	68	42	74	47	38
ENSG00000102890	78	117	112	99	88	66	87	83	74	90	96	103
ENSG00000102893	2614	4272	3119	3018	3145	2826	3003	3161	2853	3534	3161	2912
ENSG00000102897	769	1436	1072	639	636	644	612	655	593	764	652	641
ENSG00000102898	1757	2695	1745	2001	2242	1739	1911	1560	1540	1733	1459	1730
ENSG00000102900	3966	5615	4389	4122	4355	3635	3245	2771	2918	3304	2913	2890
ENSG00000102901	2076	3257	2430	2052	1998	1843	2064	2103	1866	2290	2116	1937
ENSG00000102904	23	20	21	26	16	23	19	19	16	15	17	16
ENSG00000102908	2779	4774	2912	3717	3695	3375	3028	3276	2740	3451	2876	2814
ENSG00000102910	4328	6771	4867	4928	4991	4535	4456	4472	3779	4761	4351	4018
ENSG00000102921	1401	2426	1710	1526	1547	1462	1387	1331	1096	1594	1426	1240
ENSG00000102924	3	3	2	1	0	1	2	0	5	1	1	1
ENSG00000102931	1375	2355	1583	1591	1789	1634	1395	1300	1247	1419	1314	1228
ENSG00000102934	130	243	139	183	160	121	161	169	145	150	141	167
ENSG00000102935	1	0	0	0	0	0	0	0	0	3	0	0
ENSG00000102962	21	64	32	49	45	38	47	46	28	59	46	42
ENSG00000102967	793	1279	1004	886	939	794	780	799	835	903	801	716
ENSG00000102974	4483	6840	5088	5005	5194	4430	4308	3908	3861	4360	3933	3987
ENSG00000102977	853	1236	983	810	906	774	856	839	749	885	845	779
ENSG00000102978	2256	3829	2721	2309	2626	2267	2233	2069	1822	2216	2098	2037
ENSG00000102981	61	83	71	70	100	65	57	70	54	53	76	45
ENSG00000102984	94	195	162	122	118	108	114	117	82	132	110	116
ENSG00000102996	137	218	186	110	104	110	111	129	102	143	144	133
ENSG00000103005	1050	1659	1203	1285	1418	1187	1005	886	891	1029	942	1010
ENSG00000103018	5399	8759	6394	6853	7045	6436	4894	4709	4200	5288	4736	4795
ENSG00000103021	90	147	128	129	116	102	113	126	124	133	132	103
ENSG00000103024	970	1499	1322	1115	1151	1147	1022	938	837	1134	1017	830
ENSG00000103034	8	31	6	21	25	24	5	9	4	9	15	11
ENSG00000103035	4154	5868	4313	4024	4305	3562	3263	2754	2736	3227	3177	3167
ENSG00000103037	556	849	611	660	739	567	484	475	461	512	445	475
ENSG00000103042	324	521	368	467	469	374	318	305	260	335	271	289
ENSG00000103043	1963	3174	2650	2307	2368	2035	1934	2065	1648	2260	2067	1788
ENSG00000103044	21	39	22	18	32	26	27	19	19	29	23	17
ENSG00000103047	1120	1552	1195	1319	1341	1096	867	906	815	985	811	913
ENSG00000103051	2093	3335	2650	2061	2198	2040	2115	2247	1819	2422	2269	2104
ENSG00000103056	235	425	291	512	502	558	460	418	369	431	349	360
ENSG00000103061	768	1245	939	874	813	769	789	756	680	866	679	723
ENSG00000103064	3331	4884	3284	3799	4083	3504	3495	3187	3070	3468	3090	3216
ENSG00000103066	966	1775	1502	1060	1035	1042	1099	1137	980	1374	1243	1021
ENSG00000103067	9	15	8	9	5	11	4	5	7	13	8	5
ENSG00000103091	1829	3163	2314	1961	2040	1875	2187	2465	1986	2578	2362	2090
ENSG00000103111	4441	7515	5741	4947	5250	4818	4419	4417	3905	4805	4352	4297
ENSG00000103121	766	1128	908	863	840	725	648	754	631	811	812	714
ENSG00000103126	2180	3342	2704	2365	2527	2264	2203	1988	1921	2262	2049	1901
ENSG00000103145	302	498	318	296	278	288	264	292	213	315	343	281
ENSG00000103148	1275	2306	1609	1447	1562	1326	1393	1439	1236	1458	1379	1312
ENSG00000103150	1020	1554	1107	1243	1221	1119	1090	984	926	1065	883	908
ENSG00000103152	1812	3235	2842	2250	2356	2135	2031	1944	1692	2095	2110	1837
ENSG00000103154	20	66	38	11	11	18	27	37	22	33	35	30
ENSG00000103160	970	1532	1087	841	856	835	831	922	738	986	910	863
ENSG00000103168	1935	2979	2360	2051	2120	1980	1808	1692	1393	1805	1546	1505
ENSG00000103174	730	1116	838	746	809	704	642	668	569	671	674	617
ENSG00000103175	102	158	118	147	139	99	125	147	135	160	132	122
ENSG00000103184	7	2	6	3	9	7	3	2	8	12	5	6
ENSG00000103187	6473	11507	9043	8984	9685	8915	9858	9094	8177	10019	9096	7650
ENSG00000103194	4417	7183	4960	4867	5115	4483	4321	4029	3732	4382	3833	3790
ENSG00000103196	78	210	100	407	409	467	260	240	236	262	234	153
ENSG00000103197	3589	5881	4128	4377	4713	4205	4274	4294	3798	4673	3983	3736
ENSG00000103199	776	1297	990	975	1080	922	945	1061	886	1161	914	861
ENSG00000103202	2259	3525	2743	1829	1995	1783	1954	1844	1561	2197	1971	1755
ENSG00000103222	1656	2226	2017	1686	1637	1826	1841	1753	1309	2250	1859	1622
ENSG00000103226	222	288	181	200	267	200	173	258	207	249	258	160
ENSG00000103227	395	597	467	465	477	439	449	442	372	481	388	401
ENSG00000103241	0	1	3	4	0	1	0	0	0	0	2	0
ENSG00000103245	811	1346	1127	922	998	858	848	878	803	974	796	832
ENSG00000103248	774	1314	969	887	908	795	758	720	647	815	865	746
ENSG00000103249	6442	9833	7739	7411	8003	6851	6049	5719	5127	6468	5660	5419
ENSG00000103253	1693	2621	2303	1525	1624	1465	1426	1366	1334	1545	1430	1374
ENSG00000103254	509	770	737	644	618	540	536	489	456	523	477	468
ENSG00000103257	21096	33762	24761	20587	21418	19612	16973	14257	13108	16418	13732	17045
ENSG00000103260	1901	2828	2611	1625	1828	1587	1694	1618	1410	1809	1630	1574
ENSG00000103264	975	1384	1143	1205	1301	1105	928	901	794	942	931	895
ENSG00000103266	2776	4477	3693	2733	3015	2596	2604	2390	2292	2586	2573	2421
ENSG00000103269	180	239	211	154	168	152	160	172	154	196	193	117
ENSG00000103274	678	1042	776	950	1058	973	792	652	614	775	684	685
ENSG00000103275	4174	6958	4789	5140	5263	4696	4394	3933	3635	4574	3666	3848
ENSG00000103313	684	1210	954	692	764	728	1010	1179	889	1168	1101	825
ENSG00000103319	519	694	426	601	435	349	510	518	390	404	393	577
ENSG00000103326	6945	10759	9034	7425	7739	7081	6658	6201	5827	7190	6510	5924
ENSG00000103335	19938	31330	24142	18392	18910	17406	16774	17571	14950	19832	16830	16455
ENSG00000103342	10219	14883	11237	9739	10614	8678	8703	7994	7395	8982	8300	8368
ENSG00000103343	288	500	373	368	319	331	333	308	276	361	324	242
ENSG00000103351	632	957	721	600	581	578	637	641	621	681	607	594
ENSG00000103353	2048	2998	2267	2380	2535	2107	1811	1692	1587	2017	1753	1684
ENSG00000103356	1812	2764	1895	1703	1880	1565	1605	1514	1469	1740	1516	1616
ENSG00000103363	3547	6114	5265	4067	4348	3791	3535	3185	2798	3547	3504	3265
ENSG00000103365	7277	12647	9708	7125	7310	7133	8232	9359	7623	9925	9189	7209
ENSG00000103381	43	60	48	58	58	47	57	71	62	57	72	57
ENSG00000103404	6469	10453	6802	4882	4944	4443	6528	6787	5671	7278	6230	5833
ENSG00000103415	1426	2167	1615	1564	1642	1411	1265	1082	1120	1260	1263	1214
ENSG00000103423	635	699	353	485	456	540	296	0	282	470	349	285
ENSG00000103429	1191	1917	1294	1331	1460	1254	1134	1262	851	1178	1129	956
ENSG00000103479	8289	13748	9669	8810	9571	8773	8534	8471	7287	9511	8679	7827
ENSG00000103485	592	995	814	502	534	522	684	788	592	753	757	605
ENSG00000103489	9563	17327	11977	13162	13893	12946	12278	12261	10391	13818	11285	10056
ENSG00000103490	2537	4552	4096	3704	3736	3661	3029	2865	2613	3303	3077	2709
ENSG00000103494	442	705	444	421	433	420	470	498	489	578	473	486
ENSG00000103495	18678	31515	24923	20042	21794	18840	18446	16407	14683	18666	17158	15789
ENSG00000103496	670	1171	888	859	808	752	754	879	680	899	844	753
ENSG00000103502	1287	2103	1682	1554	1586	1366	1348	1270	1118	1572	1343	1102
ENSG00000103507	2061	3630	2652	2053	2349	2118	2010	2003	1659	2146	1972	1738
ENSG00000103510	1561	2696	1921	1846	2021	1819	1974	1982	1747	2114	1871	1687
ENSG00000103512	0	0	0	0	0	0	7	2	0	0	0	0
ENSG00000103522	587	1027	831	1917	2063	1970	581	557	471	693	548	593
ENSG00000103528	84	127	92	136	122	101	141	138	108	126	116	139
ENSG00000103534	30	44	32	37	36	20	42	48	50	44	58	42
ENSG00000103540	5150	8339	5854	4512	5008	4131	4667	4820	4230	5231	4943	4522
ENSG00000103544	2429	4060	3013	3155	3332	3021	2866	2782	2532	3190	2804	2546
ENSG00000103549	5316	9148	6995	5981	6378	5650	5685	5295	4811	6115	5513	5334
ENSG00000103550	1469	2254	1775	1700	1726	1523	1558	1443	1331	1517	1476	1408
ENSG00000103591	1237	1774	1419	1431	1467	1301	1077	1043	920	1042	1039	1012
ENSG00000103599	52	93	68	35	58	43	30	51	29	47	55	51
ENSG00000103642	726	1291	961	988	1073	944	869	900	718	936	858	726
ENSG00000103647	2	1	3	4	2	3	0	0	0	4	0	1
ENSG00000103653	8729	14630	11453	9383	10082	9171	8839	8329	7533	9392	8585	7984
ENSG00000103657	8243	13489	9566	14408	15475	13737	12220	11857	11118	12835	11533	10482
ENSG00000103671	740	1313	943	836	900	848	861	825	710	1001	843	820
ENSG00000103707	418	784	537	638	609	560	600	576	610	623	640	556
ENSG00000103710	0	2	0	1	0	2	0	1	1	0	0	0
ENSG00000103723	11	39	32	79	88	102	29	43	34	45	33	41
ENSG00000103740	66	87	73	84	117	74	58	67	40	84	53	72
ENSG00000103742	3	2	4	2	5	1	5	6	3	3	4	0
ENSG00000103769	4269	6900	4660	4503	4895	4216	4003	3899	3349	4208	3807	3615
ENSG00000103811	482	844	596	588	635	578	505	520	469	559	528	493
ENSG00000103852	227	372	242	234	283	217	250	235	165	230	234	202
ENSG00000103855	1435	2433	2000	1940	2088	1893	1649	1710	1411	1951	1722	1585
ENSG00000103876	1547	2579	1869	1617	1671	1579	1571	1659	1362	1833	1590	1386
ENSG00000103888	1	4	0	2	2	2	0	0	1	0	1	2
ENSG00000103932	1914	3353	2531	2215	2343	2175	1895	1916	1669	1973	1937	1706
ENSG00000103942	64	80	43	60	68	69	95	113	69	98	104	80
ENSG00000103966	634	806	634	673	785	635	446	421	331	458	438	428
ENSG00000103978	2439	4152	3219	2736	3013	2767	2360	2478	2230	2723	2781	2336
ENSG00000103994	12855	21691	16002	16306	17853	15832	14278	13668	12302	14773	14149	12682
ENSG00000103995	1859	3070	2102	1748	1716	1509	1857	2029	1667	1986	1878	1790
ENSG00000104043	7850	14481	9277	8665	9332	8589	8875	10090	7841	10518	9067	8376
ENSG00000104044	2	2	2	3	0	0	0	7	0	2	0	0
ENSG00000104047	2149	3515	2231	2374	2339	2063	2394	2289	2050	2447	2203	2040
ENSG00000104055	2013	4312	2960	3371	3558	3390	3744	3662	3101	3955	3220	2926
ENSG00000104064	1754	2622	1936	1924	2064	1714	1491	1352	1256	1539	1446	1357
ENSG00000104081	3521	7083	5303	4797	5103	4885	4762	4754	3960	5170	4507	3597
ENSG00000104093	6297	10031	6985	5295	5562	5022	6262	7469	5762	8057	7015	6143
ENSG00000104112	21	30	10	26	21	22	30	30	21	22	25	25
ENSG00000104129	350	547	396	390	412	406	391	379	426	409	340	363
ENSG00000104131	4306	6301	4320	4024	4375	3474	3580	2920	3057	3227	3048	3515
ENSG00000104133	6235	10115	6957	7323	7448	6903	6775	7194	5959	7706	6708	6201
ENSG00000104140	14	12	5	6	4	13	3	6	6	4	7	12
ENSG00000104142	2081	3422	2838	2531	2649	2429	2284	2069	1821	2234	2129	2144
ENSG00000104147	612	953	800	592	667	580	479	480	392	497	556	517
ENSG00000104154	93	172	102	178	131	140	98	124	114	133	135	110
ENSG00000104164	7672	13053	5876	9289	9255	8263	8631	9816	8177	10100	8676	8327
ENSG00000104177	1800	2936	1863	2744	2768	2403	2231	2352	2162	2515	2185	2026
ENSG00000104205	2809	4324	3396	3495	3801	3255	2880	3038	2554	3139	2918	2927
ENSG00000104218	1115	1749	1074	1243	1233	1046	1168	1024	1035	1206	1032	1055
ENSG00000104219	51	118	97	73	79	76	65	52	32	56	55	47
ENSG00000104221	594	1023	835	735	763	640	626	606	555	657	627	553
ENSG00000104228	2586	3978	3083	3032	3032	2650	2407	2107	1935	2411	2190	2320
ENSG00000104231	2336	4330	2893	2700	2808	2640	2571	2570	2265	2739	2733	2255
ENSG00000104237	19	37	35	35	39	26	42	44	30	38	27	39
ENSG00000104290	1439	2425	1610	1095	1116	1087	1363	1523	1327	1613	1569	1246
ENSG00000104299	1662	2574	1804	1785	1920	1726	1628	1481	1359	1741	1415	1477
ENSG00000104312	928	1522	1221	1010	1203	931	795	859	697	835	834	790
ENSG00000104313	1	7	4	1	1	3	4	2	3	5	4	5
ENSG00000104320	6697	10817	7655	6745	7443	6494	6276	5821	5259	6371	6213	5675
ENSG00000104324	786	1370	961	841	898	837	1005	1082	885	1221	985	744
ENSG00000104325	1718	2956	2155	2678	2906	2593	1650	1549	1471	1725	1712	1419
ENSG00000104327	9	12	10	9	3	5	13	5	7	12	12	8
ENSG00000104331	9165	13931	9603	9815	10977	9280	8164	7777	7395	8175	7845	7945
ENSG00000104332	0	0	1	3	0	3	1	0	3	0	0	0
ENSG00000104341	718	1183	778	583	619	624	521	504	453	582	599	488
ENSG00000104343	5999	10526	7534	6900	7389	6670	7069	7537	6329	7962	7522	6360
ENSG00000104356	1751	2767	2049	1672	1802	1465	1734	1571	1453	1618	1489	1586
ENSG00000104361	2066	3669	2364	1947	1915	1790	2203	2396	1850	2481	1972	1981
ENSG00000104365	4499	7068	5043	6309	6633	5705	5684	5693	5152	6108	5246	5094
ENSG00000104368	434	743	545	625	605	582	633	747	703	741	763	609
ENSG00000104369	34	49	35	136	172	116	42	25	44	42	33	30
ENSG00000104375	1261	2089	1340	1692	1657	1469	1289	1358	1225	1441	1305	1187
ENSG00000104381	471	758	590	559	672	501	520	401	388	447	359	405
ENSG00000104388	4062	6326	4575	4469	5018	4249	3767	3730	3267	3935	3593	3577
ENSG00000104408	31625	53588	38999	36052	38435	34699	32853	31893	27712	34972	33778	29386
ENSG00000104412	1073	1748	1269	1198	1308	1128	1195	1143	940	1129	1152	1109
ENSG00000104413	0	4	9	0	0	3	1	0	0	4	4	0
ENSG00000104415	0	2	1	0	0	0	2	2	2	0	2	0
ENSG00000104419	6068	18565	14160	8941	9617	10832	15100	18759	12695	19799	16925	9310
ENSG00000104427	1	0	1	15	14	17	7	5	6	5	3	2
ENSG00000104432	4	6	4	3	0	1	2	5	2	0	2	2
ENSG00000104442	3993	6567	4713	4280	4604	4025	3646	3465	3101	3878	3765	3509
ENSG00000104447	8	15	22	8	17	16	7	7	8	4	6	6
ENSG00000104450	133	186	130	139	117	106	115	100	113	108	126	105
ENSG00000104472	2747	4594	2935	2884	3146	2555	2524	2286	2083	2655	2283	2248
ENSG00000104490	723	1079	866	889	1061	919	1068	969	1032	945	967	808
ENSG00000104497	814	1306	871	850	934	802	810	902	726	1035	987	717
ENSG00000104517	18780	29952	21592	20177	21767	19371	18650	19105	16485	20940	19118	17436
ENSG00000104518	2659	4344	3404	2986	3812	3345	2834	2721	2177	3199	2844	2575
ENSG00000104522	1782	2676	1904	1741	1987	1429	1455	1183	1159	1440	1155	1161
ENSG00000104524	577	748	633	478	525	476	570	496	523	612	441	516
ENSG00000104529	11408	18057	14998	12794	13568	12425	11072	10471	9670	11891	11709	10427
ENSG00000104537	0	7	1	0	4	0	2	2	1	0	1	0
ENSG00000104549	15659	29471	19864	11288	11768	11708	13732	14532	11044	16008	14700	13145
ENSG00000104611	4	2	5	2	2	1	0	1	4	1	1	3
ENSG00000104613	6061	9028	6674	6425	6772	5627	5527	5243	4852	5776	5505	5157
ENSG00000104626	2062	3179	2274	1798	1940	1673	1824	1830	1559	1876	1923	1807
ENSG00000104635	9561	13545	10282	7177	7765	6274	6062	5944	5393	6757	6014	6558
ENSG00000104643	2891	4544	3197	3559	3872	3426	2726	2578	2453	2841	2679	2577
ENSG00000104660	3492	5478	3658	4585	5019	4300	3647	3351	3155	3676	3214	3222
ENSG00000104671	592	1021	740	882	914	794	644	618	564	669	620	629
ENSG00000104679	1135	1896	1569	1824	2072	1791	1329	1170	1040	1369	1333	1172
ENSG00000104687	2600	4139	3239	3783	4129	3679	2834	2642	2382	2930	2909	2205
ENSG00000104689	1131	1728	1148	1028	1112	966	1029	1005	843	1076	943	942
ENSG00000104691	848	1479	958	847	927	848	925	906	753	979	882	843
ENSG00000104695	1299	2011	1571	1544	1745	1445	1239	1121	1038	1385	1203	1176
ENSG00000104714	1065	1734	1196	1270	1266	1186	1197	1195	1076	1394	1129	1152
ENSG00000104728	0	14	21	11	0	9	0	8	0	0	0	0
ENSG00000104731	1792	2770	2243	2138	2153	1802	1989	1875	1742	2071	1879	1931
ENSG00000104738	33843	49646	36978	30408	32432	26871	28308	26453	24331	29884	27861	27256
ENSG00000104756	2878	4733	3215	3026	3173	2699	2905	2901	2615	3191	2723	2610
ENSG00000104763	2496	3989	2908	3534	3821	3288	2530	2590	2151	2825	2668	2225
ENSG00000104765	6509	13895	9741	8857	9573	10052	8898	9521	7586	10454	9951	7006
ENSG00000104774	15230	23929	18525	23375	24297	22135	13854	12828	11696	14959	13158	12355
ENSG00000104783	4185	7289	5367	4465	4882	4467	3878	4037	3314	4562	3828	3440
ENSG00000104804	5	2	3	3	0	1	0	2	0	4	2	0
ENSG00000104805	5928	10216	8120	6797	7160	6593	6137	6103	5294	7133	6192	5630
ENSG00000104808	6	3	6	3	1	6	7	6	4	4	10	3
ENSG00000104812	5229	10516	7514	5802	6200	6054	6301	6720	5228	7815	6261	5160
ENSG00000104814	1015	1733	1205	1423	1527	1421	1379	1376	1290	1578	1241	1041
ENSG00000104823	4601	7493	6172	4596	4808	4373	4578	4449	3857	4984	4657	4143
ENSG00000104824	21145	31984	24644	22020	23290	20087	18443	17529	15592	19798	17493	16780
ENSG00000104825	896	1408	1217	1028	1128	1046	832	794	791	858	779	839
ENSG00000104826	2	7	6	1	4	2	4	3	2	3	1	2
ENSG00000104827	1	3	0	4	0	0	0	1	0	0	0	0
ENSG00000104833	3	2	8	18	23	21	0	3	2	2	4	2
ENSG00000104835	1534	2462	1587	1749	1837	1422	1507	1247	1173	1576	1217	1322
ENSG00000104848	81	185	123	146	129	114	169	150	146	159	153	124
ENSG00000104852	6136	9710	7055	7042	6998	6416	6533	5968	5323	6665	5873	5523
ENSG00000104853	2929	4651	3421	3382	3506	3058	2966	2789	2505	3216	2502	2634
ENSG00000104856	649	1054	933	766	714	730	629	565	462	652	542	515
ENSG00000104859	2814	4729	3596	3282	3193	2961	3679	3503	3062	3994	3332	3030
ENSG00000104863	48	110	86	58	64	62	95	71	78	79	72	62
ENSG00000104866	1283	1941	1591	1343	1459	1294	1273	1117	1136	1453	1168	1129
ENSG00000104870	903	1606	1399	2005	2106	1977	1376	1487	1197	1751	1443	1156
ENSG00000104872	2909	4870	3908	3063	3002	2838	3285	3186	2735	3543	3174	2831
ENSG00000104879	17	36	31	22	35	32	43	23	27	15	20	19
ENSG00000104880	4822	7563	5677	5828	6222	5524	5256	5349	4594	5780	4807	4871
ENSG00000104881	165	201	226	192	195	186	176	233	172	245	221	152
ENSG00000104883	43	97	73	74	66	76	42	41	33	45	46	35
ENSG00000104884	3050	4610	3535	3018	3182	2829	2757	2512	2345	2934	2715	2540
ENSG00000104885	10616	16978	13078	11072	11318	10487	9761	9241	8182	10471	9235	8779
ENSG00000104886	1992	3020	2479	1966	2079	1803	1704	1649	1510	1903	1791	1773
ENSG00000104888	28	118	78	63	66	81	42	59	47	60	55	49
ENSG00000104889	1996	3556	2576	2246	2253	2008	2104	1801	1771	2293	1932	1934
ENSG00000104892	16	35	34	27	27	37	28	35	32	36	39	21
ENSG00000104894	2287	4402	2924	3209	3175	2809	3474	3414	2914	3974	3094	2818
ENSG00000104897	3280	5470	4276	3860	4232	3629	3500	3123	2875	3805	3140	2878
ENSG00000104899	122	181	104	118	71	98	72	85	78	86	75	74
ENSG00000104901	4	19	9	3	13	6	9	12	5	13	9	7
ENSG00000104903	1981	3547	2919	1986	1886	1845	2013	2041	1709	2309	2134	1921
ENSG00000104904	39579	63470	50805	40509	42889	38385	34857	34517	29654	38151	35797	33108
ENSG00000104907	2134	3143	2549	2292	2458	2090	1817	1782	1609	2224	1874	1702
ENSG00000104915	843	1401	1096	1165	1030	1004	841	868	722	988	889	777
ENSG00000104918	1	1	0	1	0	3	0	0	0	1	2	0
ENSG00000104921	1109	2465	2256	3235	3399	3407	2397	2224	1967	2329	2309	1573
ENSG00000104936	498	935	683	1395	1395	1351	578	585	529	676	630	536
ENSG00000104938	78	137	120	107	84	91	120	142	98	142	128	116
ENSG00000104941	17	21	14	9	11	9	19	16	19	19	13	12
ENSG00000104946	1114	2347	1900	1473	1454	1358	1452	1619	1223	1811	1521	1204
ENSG00000104951	666	2204	2068	2003	2147	2504	1303	1513	1140	1468	1327	857
ENSG00000104953	12	13	21	16	16	25	16	21	9	14	14	9
ENSG00000104957	919	1569	1171	1183	1242	1126	1090	1126	888	1242	1018	917
ENSG00000104960	3540	6019	4294	4009	4002	3736	3864	3690	3131	4046	3391	3245
ENSG00000104964	2193	3609	2937	3608	3687	3111	2435	2089	1786	2222	2060	1938
ENSG00000104967	9	5	1	2	5	3	10	10	5	6	4	5
ENSG00000104969	2821	4581	3412	2942	3089	2721	2716	2474	2261	2758	2327	2497
ENSG00000104972	6	43	17	27	49	54	24	22	14	20	15	34
ENSG00000104973	3248	5560	4196	4129	4300	3838	3561	3536	3087	4048	3470	3075
ENSG00000104974	188	364	265	454	442	392	227	259	228	321	138	219
ENSG00000104976	632	1072	838	769	794	798	771	595	553	705	703	539
ENSG00000104979	266	406	272	271	288	227	280	230	211	209	226	226
ENSG00000104980	1932	2824	2353	1845	1860	1766	1686	1506	1336	1526	1436	1614
ENSG00000104983	809	1375	1130	1118	1066	978	896	918	786	886	865	803
ENSG00000104998	245	387	369	193	211	210	205	231	190	280	232	220
ENSG00000105011	3601	5269	3697	3661	3919	3338	2958	2704	2459	2981	2620	2848
ENSG00000105048	188	386	322	258	303	294	239	324	279	334	320	234
ENSG00000105053	2179	3483	2774	2546	2622	2519	2276	2277	2224	2564	2286	2146
ENSG00000105058	3827	6427	4892	4908	5376	4516	4283	3789	3563	4233	3964	4022
ENSG00000105063	17149	27320	21499	18305	19588	16785	17030	15209	14476	17354	15058	15471
ENSG00000105072	204	315	230	200	230	201	190	201	175	233	207	171
ENSG00000105085	912	1547	1009	1083	1086	1012	977	925	737	1049	882	857
ENSG00000105088	10	16	23	23	15	13	27	21	33	40	7	13
ENSG00000105122	2028	3647	3055	2656	2856	2704	2058	2064	1839	2461	2132	1629
ENSG00000105127	3983	6574	5051	4459	4530	4271	4065	3905	3551	4444	3822	3636
ENSG00000105131	0	2	1	8	6	2	0	2	2	0	1	3
ENSG00000105135	1961	3315	2923	2567	2800	2479	2122	2205	1829	2445	2223	1974
ENSG00000105136	527	885	642	696	696	645	749	734	638	762	736	598
ENSG00000105137	1	2	0	2	3	3	0	3	2	0	2	0
ENSG00000105141	0	1	0	0	1	4	1	0	1	2	0	0
ENSG00000105143	1	4	1	3	3	4	6	3	0	5	0	5
ENSG00000105146	6	10	12	4	8	6	12	10	4	12	12	1
ENSG00000105171	1181	1977	1406	1179	1284	1189	1127	1069	1036	1157	984	1088
ENSG00000105173	1108	1620	1162	1141	1128	1017	1007	873	855	951	941	971
ENSG00000105176	4875	7943	5797	5121	5450	4815	4556	4679	3965	4702	4571	4345
ENSG00000105185	664	1027	739	835	932	740	741	653	652	779	671	668
ENSG00000105186	7650	11877	8341	6153	6486	5514	6762	6480	5746	7585	6597	6501
ENSG00000105193	19268	33162	26399	24993	26771	24528	22687	19893	18000	22401	22154	18688
ENSG00000105197	4620	7214	5929	4651	5079	4363	4496	4057	3810	4703	4594	4054
ENSG00000105202	7945	12566	10425	8134	8805	7580	7685	6941	6335	7775	7652	6733
ENSG00000105204	481	968	694	664	722	701	586	618	506	652	543	460
ENSG00000105219	10	17	5	5	12	11	8	8	11	21	13	16
ENSG00000105220	31245	59019	40812	36963	38377	37569	40555	39532	33352	47077	37929	31478
ENSG00000105221	6528	10398	7629	6738	6981	6328	6562	6220	5556	7102	6013	5946
ENSG00000105223	1098	2144	1721	1983	2071	2104	1613	1685	1414	2096	1801	1320
ENSG00000105227	121	209	161	200	230	210	113	119	91	128	141	121
ENSG00000105229	1387	2175	1828	1450	1513	1479	1517	1313	1174	1518	1383	1307
ENSG00000105245	507	866	667	582	587	584	510	457	456	532	576	458
ENSG00000105246	9	22	21	6	16	8	11	27	15	24	11	11
ENSG00000105248	799	1399	1101	865	878	896	835	694	639	815	678	733
ENSG00000105251	1	0	0	0	0	2	1	1	1	0	0	0
ENSG00000105254	1786	2937	2323	2310	2473	2323	2112	1790	1678	2006	1831	1627
ENSG00000105255	12	33	23	20	18	17	23	17	17	25	26	22
ENSG00000105258	477	795	648	495	567	423	482	433	371	449	444	401
ENSG00000105261	3	0	3	1	3	4	1	0	1	4	0	0
ENSG00000105270	42	68	81	63	60	83	98	111	88	89	73	58
ENSG00000105278	13	44	54	40	45	52	29	30	21	42	24	21
ENSG00000105281	15386	24395	18428	13986	15001	13047	13412	12179	10740	13926	11859	12898
ENSG00000105287	2201	3713	2918	2566	2876	2543	2679	2424	2245	2659	2442	2254
ENSG00000105289	8	5	20	24	28	16	15	7	11	7	10	5
ENSG00000105290	256	476	385	321	373	323	298	336	280	362	324	230
ENSG00000105298	1846	2960	2139	2078	2198	1883	1886	1726	1546	1776	1555	1640
ENSG00000105321	709	1080	1050	799	773	701	748	767	584	833	728	692
ENSG00000105323	21641	35860	25740	25997	27239	24082	23059	20505	18429	22735	19176	20050
ENSG00000105325	2983	5309	4289	3584	3732	3425	3270	3241	2724	3634	3168	3012
ENSG00000105327	401	775	639	377	380	374	404	371	288	416	339	274
ENSG00000105329	9402	17388	12703	12020	12316	12281	10535	10151	8704	11622	10127	9180
ENSG00000105339	20456	37455	26584	19497	20230	19733	22440	25039	19721	27388	23563	20146
ENSG00000105341	2724	4551	3400	3135	3295	2990	2766	2581	2267	2917	2516	2418
ENSG00000105352	48	111	77	42	31	24	69	75	56	83	83	60
ENSG00000105355	6079	10564	8518	7218	7961	7196	6215	6291	5461	6996	6412	5857
ENSG00000105357	0	0	8	0	2	3	0	0	0	3	1	0
ENSG00000105364	2186	3439	2764	2540	2773	2477	2174	1896	1771	2038	1853	1726
ENSG00000105366	11	32	18	29	12	17	21	31	24	29	29	24
ENSG00000105369	9	19	17	14	12	14	16	17	21	20	9	12
ENSG00000105371	185	387	296	409	461	415	239	243	191	284	235	232
ENSG00000105372	37718	68917	61898	47988	52426	48406	44206	43180	38335	48747	49458	38515
ENSG00000105373	8911	15081	11721	10945	11547	10887	9597	9005	7711	10021	9065	8040
ENSG00000105374	661	1268	1003	916	1060	914	797	835	608	989	830	743
ENSG00000105376	304	840	794	613	629	657	585	696	429	687	649	271
ENSG00000105379	1538	2660	1649	2100	2025	1878	1743	1907	1564	2185	1975	1597
ENSG00000105383	2521	4209	2637	3295	3290	2972	2961	2972	2499	3124	2713	2622
ENSG00000105388	9	11	15	18	14	9	8	10	11	9	2	4
ENSG00000105392	663	1181	843	973	1020	910	1168	1184	1115	1177	1236	1080
ENSG00000105393	2566	4515	3421	3227	3490	3019	2729	2674	2388	3035	2695	2386
ENSG00000105397	8766	14197	11112	11791	11796	11317	9957	9925	8623	11084	9548	8829
ENSG00000105398	2	1	1	0	0	1	9	5	2	4	7	6
ENSG00000105401	4463	7000	4882	4799	4775	4405	4169	3612	3307	4210	3337	3687
ENSG00000105402	3212	4940	4205	3742	4006	3449	3068	2802	2575	3096	3011	2805
ENSG00000105404	418	764	675	623	600	667	461	425	353	486	491	332
ENSG00000105409	1493	2122	1334	1921	1875	1763	1345	1215	1135	1359	1051	1323
ENSG00000105419	85	172	140	185	196	177	174	142	113	182	135	119
ENSG00000105426	96	224	125	142	138	130	132	178	107	165	163	125
ENSG00000105427	0	10	4	7	7	12	10	10	14	7	8	2
ENSG00000105429	5406	8793	7165	6320	6610	5912	6024	6207	5283	6771	6302	5454
ENSG00000105438	3654	6663	5170	5029	5416	4845	4139	4017	3346	4659	4320	3576
ENSG00000105443	3549	6319	4775	5056	5155	4560	4649	4624	4024	5061	4478	4080
ENSG00000105447	4012	5859	4607	4258	4378	3686	3666	3232	3223	3596	3403	3492
ENSG00000105464	2861	5063	4003	3832	3857	3827	3515	3609	3178	4051	3576	2880
ENSG00000105467	3	2	9	5	2	3	5	3	2	4	12	2
ENSG00000105472	24170	38862	34527	30417	32369	28684	24142	22459	20013	25566	24138	21126
ENSG00000105479	20	53	36	26	20	15	26	27	22	33	20	26
ENSG00000105483	9668	16787	11067	11135	11901	10767	10197	11012	9194	11921	10288	9078
ENSG00000105486	5767	8860	6874	5240	5672	5008	5441	5261	4654	6021	5425	5004
ENSG00000105492	620	1502	1150	793	865	835	1516	1791	1325	1907	1689	1027
ENSG00000105497	1284	2290	1410	1331	1386	1294	1526	1697	1424	1671	1518	1444
ENSG00000105499	102	148	102	118	142	127	106	132	120	137	144	128
ENSG00000105501	165	306	231	215	219	211	253	222	199	216	126	197
ENSG00000105509	2	4	3	1	2	4	0	2	0	2	2	1
ENSG00000105514	8770	15604	11432	10853	11234	11054	11966	12053	9859	13528	12062	10276
ENSG00000105516	583	859	806	601	640	621	742	733	568	872	796	553
ENSG00000105518	831	1453	1142	1112	1236	1069	1186	1122	996	1297	1025	971
ENSG00000105519	154	347	271	359	369	303	234	256	247	329	243	228
ENSG00000105520	2099	3764	2783	2985	3063	2887	2828	2777	2261	3171	2720	2329
ENSG00000105523	23	29	29	31	31	19	29	14	17	16	26	21
ENSG00000105538	43	59	50	42	54	54	63	51	47	56	65	42
ENSG00000105549	1	3	5	0	1	1	2	4	2	0	0	2
ENSG00000105552	897	1501	1181	909	1037	935	894	875	690	987	917	798
ENSG00000105556	1178	1864	1467	1476	1491	1448	1393	1338	1138	1589	1377	1204
ENSG00000105559	26	72	45	33	53	34	20	39	21	36	29	22
ENSG00000105568	10207	17121	13496	12516	13578	12343	10579	9778	9148	11205	10261	9229
ENSG00000105576	5900	8509	6456	5729	6065	5010	5616	5433	4948	5944	5038	5177
ENSG00000105583	1257	2342	1921	1719	1921	1644	1467	1412	1333	1646	1385	1220
ENSG00000105607	1597	2484	1902	1659	1764	1430	1457	1270	1208	1413	1290	1372
ENSG00000105609	74	107	90	116	102	114	108	128	133	86	129	96
ENSG00000105610	29	47	43	11	7	14	14	36	20	31	25	16
ENSG00000105612	45	83	115	249	272	289	114	106	99	131	117	109
ENSG00000105613	208	385	234	229	268	241	285	279	283	299	287	238
ENSG00000105617	19	47	45	27	32	50	30	25	9	23	28	20
ENSG00000105618	2703	4036	3192	2794	2968	2652	2514	2272	2249	2495	2432	2366
ENSG00000105619	242	340	375	345	356	382	243	293	250	302	381	267
ENSG00000105639	653	1154	846	1221	1333	1237	1091	959	981	1186	1006	816
ENSG00000105640	29987	53605	41292	39728	40453	36881	34430	31647	28753	36508	32859	29896
ENSG00000105641	51	84	75	92	100	65	82	86	58	89	101	80
ENSG00000105642	112	232	183	164	160	137	150	209	178	183	185	195
ENSG00000105643	1622	2612	2018	1721	1758	1610	1807	1589	1431	1974	1674	1650
ENSG00000105647	1953	3354	2642	2163	2461	2042	2104	2049	1738	2322	2130	1911
ENSG00000105649	298	447	321	270	326	263	334	282	265	330	255	253
ENSG00000105650	208	337	247	270	298	220	246	321	313	331	333	297
ENSG00000105655	254	389	273	296	362	271	223	208	156	222	181	195
ENSG00000105656	2388	4155	2895	2286	2427	2243	2407	2382	2025	2722	2278	2104
ENSG00000105662	939	1535	1221	1443	1385	1389	1303	1332	1081	1503	1176	1117
ENSG00000105664	12	24	11	15	25	21	19	7	19	11	11	10
ENSG00000105668	0	0	0	0	1	1	0	0	0	3	2	0
ENSG00000105669	6944	11823	10153	7828	8588	7837	6936	6597	6013	7425	7454	6750
ENSG00000105671	3385	5779	4373	3776	4087	3568	3449	3074	2909	3372	3293	3128
ENSG00000105672	24	56	39	35	29	31	35	31	19	27	30	24
ENSG00000105676	3862	5909	4682	4369	4583	3721	3705	3011	2948	3758	3170	3307
ENSG00000105677	1574	2394	1899	1535	1787	1479	1315	1191	1050	1512	1262	1204
ENSG00000105679	5	7	9	9	3	5	4	9	11	5	5	1
ENSG00000105696	1	3	2	2	1	0	1	0	0	0	1	0
ENSG00000105697	15	41	36	29	21	25	34	30	38	29	22	25
ENSG00000105698	2155	3764	2798	2394	2449	2341	2212	2252	1880	2481	2137	1901
ENSG00000105699	4	9	2	2	1	0	2	2	1	1	2	0
ENSG00000105700	2828	4466	3180	3171	3222	2877	3036	2704	2361	2989	2552	2566
ENSG00000105701	9728	17064	14884	11607	12561	11792	11168	11190	9244	12363	11702	9833
ENSG00000105705	952	1574	1223	1204	1170	1026	1091	999	864	1177	899	1042
ENSG00000105708	1	6	1	2	2	3	3	5	3	3	4	2
ENSG00000105711	40	83	57	67	70	61	53	78	73	64	65	52
ENSG00000105717	52	121	72	62	71	62	46	82	55	83	73	61
ENSG00000105722	2479	3809	2997	2263	2385	2093	2250	1831	1769	2288	1933	2105
ENSG00000105723	2613	4293	2952	3038	3157	2925	2650	2413	2286	2868	2377	2373
ENSG00000105726	7229	11356	8798	8749	8804	7703	7370	6686	6490	7802	6707	6881
ENSG00000105732	1397	2492	1868	1773	1800	1625	1508	1363	1250	1624	1418	1415
ENSG00000105737	6	30	17	27	36	16	31	28	17	14	29	21
ENSG00000105738	3539	6329	4473	5173	5310	5088	4624	4620	3855	5116	4322	3833
ENSG00000105750	527	814	561	711	723	625	616	587	526	615	599	547
ENSG00000105755	917	1558	1267	1152	1212	1006	677	658	581	694	721	609
ENSG00000105767	66	93	70	65	63	79	77	68	64	78	76	57
ENSG00000105771	2445	3980	2795	2765	2779	2330	2255	2206	1902	2564	2011	2081
ENSG00000105778	5051	8707	5967	5603	5906	5423	5753	6073	5036	6469	5375	5037
ENSG00000105784	9	14	6	3	3	6	8	3	1	4	5	6
ENSG00000105792	110	184	116	169	165	130	170	171	179	190	146	148
ENSG00000105793	1477	2395	1708	1597	1804	1539	1421	1330	1225	1413	1330	1277
ENSG00000105808	2427	4385	3334	2721	2995	2927	3277	3318	2756	3735	3348	2782
ENSG00000105810	65166	101300	68831	64074	67572	57853	54982	54928	48625	61351	55909	56029
ENSG00000105819	2488	4242	3126	2828	3170	2849	2659	2500	2186	2701	2601	2405
ENSG00000105821	1409	2160	1523	1416	1621	1265	1291	1324	1061	1347	1306	1114
ENSG00000105829	574	1069	798	671	775	690	557	552	444	618	634	524
ENSG00000105835	2257	4000	2812	2430	2538	2246	2083	2125	1844	2271	2157	1818
ENSG00000105849	2261	3511	2418	1563	1748	1507	1615	1607	1396	1784	1781	1787
ENSG00000105851	4772	7881	5449	4694	5033	4695	4709	4704	4039	5617	4881	4725
ENSG00000105852	1	4	3	5	0	2	1	2	2	0	0	3
ENSG00000105854	139	205	139	148	150	125	103	96	104	121	90	95
ENSG00000105855	187	331	230	269	261	247	285	327	239	294	238	220
ENSG00000105856	1723	3415	2314	2266	2465	2216	2143	2314	1900	2560	2243	1828
ENSG00000105865	281	412	317	264	237	248	289	291	222	284	278	282
ENSG00000105866	1699	2769	1666	1591	1751	1500	1687	1541	1437	1718	1422	1502
ENSG00000105875	1434	2545	1747	1254	1348	1239	1418	1717	1278	1822	1560	1406
ENSG00000105877	57	108	59	32	47	38	39	47	40	40	44	28
ENSG00000105879	2191	3510	2297	2292	2532	2206	2132	1942	1836	2327	1929	1971
ENSG00000105887	13546	22424	15220	14841	16219	14074	13000	12502	11492	14209	12346	12148
ENSG00000105889	1	7	1	2	3	2	0	0	0	0	0	5
ENSG00000105926	1061	1500	1033	804	784	717	719	729	611	836	689	759
ENSG00000105928	222	329	243	151	175	140	189	179	132	228	199	193
ENSG00000105939	6670	10931	7364	7065	7316	6785	6319	6283	5365	6863	5891	5878
ENSG00000105948	473	676	481	296	322	304	404	354	340	453	459	420
ENSG00000105953	6340	9721	7330	6551	7182	6116	5752	5539	5090	6397	5746	5444
ENSG00000105963	2059	3382	2725	2699	3075	2616	2557	2385	2135	2637	2330	2009
ENSG00000105967	1358	2494	1474	1681	1746	1516	1883	2318	1687	2512	2026	1985
ENSG00000105968	7849	11912	8414	9177	10034	8748	7982	7502	6988	7965	7529	7411
ENSG00000105971	26	34	33	34	40	21	32	44	39	40	33	29
ENSG00000105974	50	94	61	36	87	52	47	41	47	69	51	67
ENSG00000105976	0	2	0	0	5	4	0	2	0	0	1	1
ENSG00000105982	44	92	64	43	44	59	47	44	57	65	60	37
ENSG00000105983	2824	4404	3096	2604	2543	2485	2585	2677	2375	3003	2618	2602
ENSG00000105991	12	22	6	32	38	33	25	13	5	15	11	11
ENSG00000105993	5716	9028	6413	5457	6070	5059	4507	4208	3984	4710	4122	4446
ENSG00000105996	0	1	1	0	0	1	0	0	0	0	0	0
ENSG00000105997	1	1	0	0	1	0	0	0	1	1	1	0
ENSG00000106003	447	875	737	694	681	697	616	633	465	665	577	412
ENSG00000106004	0	5	1	0	0	2	1	4	2	2	1	1
ENSG00000106006	1	2	2	3	1	1	1	0	3	0	1	0
ENSG00000106009	3072	4782	4079	3390	3466	3134	3337	3226	3036	3673	3367	2946
ENSG00000106012	973	1516	1234	1047	1228	1061	1014	905	846	1000	917	878
ENSG00000106018	16	29	14	26	27	19	37	31	20	31	25	24
ENSG00000106025	0	0	0	0	0	1	1	2	0	0	0	0
ENSG00000106028	813	1395	798	1198	945	897	845	768	763	808	704	866
ENSG00000106031	6	16	9	5	10	1	7	13	5	10	12	0
ENSG00000106034	2	10	0	25	34	19	5	2	10	4	0	7
ENSG00000106049	836	1326	1083	861	902	787	793	751	673	792	790	752
ENSG00000106052	4089	6723	4678	4338	4764	3850	3713	3754	3120	3888	3765	3817
ENSG00000106066	10	10	12	53	60	29	13	16	7	6	11	24
ENSG00000106069	8	13	5	29	27	31	6	8	8	14	12	5
ENSG00000106070	1686	2829	2084	801	809	660	1170	1272	923	1455	1262	1285
ENSG00000106077	673	1067	862	884	877	860	733	670	641	855	692	764
ENSG00000106080	608	1030	745	690	643	589	725	839	681	793	795	661
ENSG00000106086	274	454	284	424	414	335	270	291	249	331	259	239
ENSG00000106089	282	548	407	367	343	359	378	379	297	439	330	320
ENSG00000106100	965	1618	1180	1003	1058	811	1029	1164	975	1225	1026	1008
ENSG00000106105	8083	12385	9619	7231	7548	6145	6268	5195	5028	5551	5507	6448
ENSG00000106113	2	1	1	0	1	1	0	0	1	0	0	0
ENSG00000106123	372	690	458	342	241	245	234	273	264	399	331	336
ENSG00000106125	123	227	190	181	148	145	124	138	115	158	116	138
ENSG00000106144	7083	11212	7812	7392	7760	6717	7093	6866	6268	7855	6815	6469
ENSG00000106153	7211	12491	10324	8038	8874	7944	7466	7305	6162	7630	7731	6805
ENSG00000106178	1	16	12	7	9	10	16	21	9	16	19	10
ENSG00000106211	1684	2381	2295	1074	1099	919	1063	1029	772	1175	1137	1044
ENSG00000106244	2391	3336	2459	2150	2393	2028	2000	1778	1650	1985	1735	1800
ENSG00000106245	1398	2320	1902	1480	1591	1349	1315	1202	1125	1408	1379	1210
ENSG00000106246	536	889	695	685	765	699	640	514	495	640	546	548
ENSG00000106258	783	1394	303	1281	1059	996	1061	1300	1048	1346	968	903
ENSG00000106261	7762	13619	9465	9689	10459	9824	8752	9033	7813	9833	8811	7791
ENSG00000106263	16749	25277	20601	15885	16824	14628	14661	13373	12697	15133	14690	13823
ENSG00000106266	969	1537	1245	1123	1296	1097	874	830	721	992	825	792
ENSG00000106268	857	1466	1044	899	905	742	884	744	623	848	892	771
ENSG00000106290	1234	1973	1489	1242	1439	1093	1258	1212	1077	1488	1111	1247
ENSG00000106299	790	1206	731	826	884	739	749	784	650	776	718	655
ENSG00000106302	1	1	0	0	0	1	2	1	0	1	0	0
ENSG00000106305	1307	1946	1592	1526	1716	1458	1292	1130	1048	1276	1080	1185
ENSG00000106327	285	519	301	432	426	429	293	294	309	317	283	205
ENSG00000106328	3	8	17	7	8	6	5	10	3	10	9	9
ENSG00000106330	354	587	452	420	414	395	365	381	285	444	317	334
ENSG00000106333	72	167	115	152	128	144	117	110	60	138	82	86
ENSG00000106336	33	62	57	47	42	36	51	66	44	60	64	65
ENSG00000106344	4055	5876	4233	4412	4450	3696	4140	3899	3700	4223	3747	3793
ENSG00000106346	740	1237	830	867	865	765	712	596	687	713	687	709
ENSG00000106348	4046	5823	4671	3786	3850	3504	3493	3288	3016	3671	3346	3309
ENSG00000106351	472	639	588	589	630	532	425	453	370	541	370	402
ENSG00000106355	1273	1928	1492	1229	1348	1171	1190	1151	1047	1244	1273	1151
ENSG00000106366	45	142	125	137	104	102	78	121	89	162	137	36
ENSG00000106367	1382	2437	1911	1595	1793	1664	1390	1389	1336	1457	1500	1328
ENSG00000106384	14	28	25	30	22	24	30	34	21	31	27	34
ENSG00000106392	1317	2388	1655	2304	2405	2025	1461	1497	1387	1588	1463	1263
ENSG00000106397	1792	2465	1997	1453	1589	1334	1413	1371	1210	1449	1387	1331
ENSG00000106399	1336	2168	1623	1112	1226	1079	1186	1151	969	1216	1191	1061
ENSG00000106400	1792	3102	2614	2090	2310	2204	1861	1868	1731	2107	2019	1845
ENSG00000106404	615	920	743	694	688	595	708	598	590	703	638	636
ENSG00000106415	312	596	404	300	322	263	290	324	259	331	272	299
ENSG00000106443	3143	5645	3856	3947	3892	3471	3871	3809	3319	3909	3762	3426
ENSG00000106459	1186	1799	1273	1114	1253	1160	987	939	936	1100	941	900
ENSG00000106460	1953	3235	1898	2490	2589	2161	1906	1887	1672	2027	1776	1715
ENSG00000106462	3203	4891	3749	3362	3362	3010	2838	2657	2408	2965	2889	2707
ENSG00000106477	1569	2369	1640	1876	1942	1721	1725	1643	1487	1669	1464	1652
ENSG00000106479	276	514	448	584	784	694	628	573	511	598	622	431
ENSG00000106484	603	886	619	510	552	468	642	630	573	773	676	627
ENSG00000106524	1045	1881	1505	897	998	950	982	1007	849	1117	1127	913
ENSG00000106526	11	19	22	42	25	42	24	28	28	42	24	17
ENSG00000106536	57	78	56	73	57	72	99	86	95	94	85	69
ENSG00000106537	31	62	52	28	31	32	22	20	27	27	38	35
ENSG00000106538	0	0	0	3	0	0	0	0	1	2	0	0
ENSG00000106546	6311	10285	7196	11037	11628	10876	5963	5470	5172	6018	5581	5403
ENSG00000106554	2432	3693	2637	2051	2227	1810	2048	2002	1660	2080	2000	1981
ENSG00000106560	431	779	542	539	583	505	551	567	448	561	597	414
ENSG00000106565	109	216	160	180	210	226	203	205	193	250	204	150
ENSG00000106571	6	18	5	78	102	53	14	3	10	6	8	9
ENSG00000106588	3514	5498	4193	3783	3989	3379	3516	3156	2997	3523	3122	3111
ENSG00000106591	718	1123	734	643	704	603	643	565	499	577	600	486
ENSG00000106603	1810	2674	1948	2023	2041	1683	2052	2119	1846	2189	1998	1921
ENSG00000106605	45	69	76	21	35	27	41	32	33	44	64	53
ENSG00000106608	1068	1579	1196	995	1178	977	949	979	798	1115	953	892
ENSG00000106609	5006	7833	5451	5617	5630	5104	5053	4529	4236	5307	4633	4696
ENSG00000106615	1965	3181	2273	2346	2404	2097	1955	1793	1656	2010	1897	1769
ENSG00000106617	1008	1649	1230	1205	1268	1196	1142	1227	1006	1330	1084	983
ENSG00000106624	5	7	19	8	11	13	10	7	7	10	11	3
ENSG00000106628	4042	6662	5088	3968	4084	3556	3737	3369	3065	3905	3481	3333
ENSG00000106635	1160	1856	1513	1441	1518	1344	1303	1074	982	1275	1159	1089
ENSG00000106636	2212	3376	2533	2541	2521	2258	1885	1661	1588	1992	1761	1687
ENSG00000106638	1868	3407	2480	2135	2322	2095	1991	2016	1773	2148	1993	1648
ENSG00000106648	1	1	2	2	4	0	2	1	3	1	0	2
ENSG00000106665	950	1772	1481	1484	1611	1511	1323	1319	1082	1515	1342	1063
ENSG00000106682	19090	30945	22664	21710	23325	20525	18190	16846	15277	18655	16076	16244
ENSG00000106683	1775	2995	2401	2705	2877	2344	2193	1919	1698	2276	1899	1848
ENSG00000106686	40	43	34	36	42	47	41	33	27	35	37	39
ENSG00000106689	0	2	2	0	3	1	1	4	0	3	0	1
ENSG00000106692	1363	2058	1270	1495	1600	1386	1265	1206	1068	1239	1225	1197
ENSG00000106701	333	577	373	309	322	290	172	219	200	210	187	262
ENSG00000106714	13	24	40	32	23	32	27	40	44	31	22	18
ENSG00000106723	4932	7697	5727	5495	6200	5404	4779	4627	4273	5222	4871	4522
ENSG00000106733	288	546	376	352	337	297	326	399	279	424	367	293
ENSG00000106771	4155	6784	4842	4937	5709	4904	4509	4639	3868	4900	4431	3886
ENSG00000106772	8	20	7	11	4	10	15	21	7	15	17	13
ENSG00000106780	1164	2020	1337	1584	1608	1458	1199	1133	995	1215	1151	1126
ENSG00000106785	1900	2916	2017	1538	1567	1231	1559	1483	1218	1545	1358	1338
ENSG00000106789	114	190	132	121	139	98	140	175	126	123	123	124
ENSG00000106799	10552	18237	13040	10332	10946	10200	9911	11056	8579	11463	11657	9470
ENSG00000106803	983	1782	1302	1271	1231	1112	981	858	787	961	892	800
ENSG00000106804	2151	3250	2352	2931	3146	2743	2195	2191	1934	2391	2225	1963
ENSG00000106809	3	13	7	14	2	2	5	7	3	8	3	5
ENSG00000106819	5	1	0	1	1	0	1	4	0	1	0	0
ENSG00000106823	2	8	2	10	8	9	4	4	6	6	3	2
ENSG00000106829	2965	4918	3348	2236	2429	2057	2774	3007	2334	3113	2922	2635
ENSG00000106852	3	7	5	1	8	6	9	7	15	4	8	13
ENSG00000106853	390	655	476	416	455	394	388	432	332	421	412	340
ENSG00000106868	3923	6543	4904	5002	5310	4659	4719	4563	4083	4990	4698	4218
ENSG00000106927	3	0	0	1	1	0	1	0	1	3	0	1
ENSG00000106948	6534	11989	8831	8288	8564	8255	8585	8057	7491	9395	7765	7019
ENSG00000106952	1	7	1	1	2	2	1	0	2	4	4	2
ENSG00000106976	1198	2189	1537	1614	1516	1497	1607	1598	1387	1815	1443	1284
ENSG00000106991	3001	4699	3368	3976	4105	3641	3078	2671	2635	3212	2702	2707
ENSG00000106992	47	77	86	85	75	56	66	95	70	111	81	48
ENSG00000106993	348	606	460	412	394	365	371	340	297	388	387	390
ENSG00000107018	0	1	0	0	0	0	1	2	0	0	0	0
ENSG00000107020	166	303	222	245	235	213	117	124	145	119	125	146
ENSG00000107021	1714	2846	2098	1898	1982	1769	1800	1739	1451	2133	1885	1650
ENSG00000107036	2899	4960	3262	3927	4191	3670	3277	3130	2727	3190	2862	2902
ENSG00000107077	2047	3952	2618	2804	2887	2713	2586	2623	2336	2956	2525	2281
ENSG00000107099	18891	33049	23672	22344	23129	21519	22154	23295	19424	25594	22399	20331
ENSG00000107104	472	720	502	387	519	360	484	483	395	503	439	443
ENSG00000107105	0	4	0	0	1	2	3	3	1	1	0	2
ENSG00000107130	4027	6452	4577	4005	4151	3777	3538	3244	3012	3725	3096	3333
ENSG00000107140	763	1372	1077	652	708	708	759	774	597	931	865	708
ENSG00000107147	1	0	3	2	3	0	1	1	1	5	1	1
ENSG00000107159	0	0	2	0	0	0	4	3	0	0	2	0
ENSG00000107164	2321	3666	2525	2720	2852	2350	2168	2013	1787	2189	1932	1890
ENSG00000107165	1	0	0	0	2	0	0	1	0	4	1	1
ENSG00000107175	341	736	587	540	522	547	395	425	361	473	436	417
ENSG00000107185	1401	2470	1675	1539	1642	1578	1445	1549	1301	1665	1421	1240
ENSG00000107187	0	6	2	0	1	0	2	3	2	0	1	1
ENSG00000107201	414	718	505	432	478	435	401	471	325	395	440	371
ENSG00000107223	1013	1557	1197	1094	1059	968	1068	912	751	915	880	783
ENSG00000107242	67	100	58	107	62	64	79	74	53	89	63	72
ENSG00000107249	3	1	0	1	0	1	0	1	0	0	0	0
ENSG00000107262	2962	4480	3457	3073	3214	2551	2784	2507	2362	2721	2717	2522
ENSG00000107263	5825	10240	7737	6628	7061	6308	6738	6799	5587	7632	6373	5861
ENSG00000107281	986	1552	1241	889	945	822	889	913	762	1024	933	796
ENSG00000107282	1247	1955	1381	963	1100	959	1140	1140	1023	1309	1132	1052
ENSG00000107290	8855	14169	9902	12008	12642	11341	9136	8517	8078	9485	8605	8449
ENSG00000107295	14	7	6	5	15	2	11	10	5	9	10	5
ENSG00000107317	6	9	12	1	0	2	3	4	5	10	3	2
ENSG00000107331	8048	12883	10014	6476	6628	6280	7698	7896	6635	9055	7709	7097
ENSG00000107338	465	869	723	438	546	546	626	612	479	687	514	455
ENSG00000107341	2648	4798	3254	3604	3816	3378	3267	3239	2609	3566	2985	2599
ENSG00000107362	3381	5504	4094	3293	3508	3081	2630	2912	2368	2944	2948	2512
ENSG00000107371	1091	1738	1213	1073	1185	1034	995	1047	970	1079	1018	1011
ENSG00000107372	4629	7328	5061	5816	6163	5621	3977	3801	3489	4273	3929	3630
ENSG00000107404	2274	3552	2848	1952	2233	1931	2073	2126	1880	2386	1947	1896
ENSG00000107438	3265	5981	4234	4049	4160	3787	4735	4516	4075	5183	4260	3868
ENSG00000107443	687	910	714	736	781	685	687	684	577	707	651	730
ENSG00000107485	2	4	0	44	37	25	2	1	1	3	0	0
ENSG00000107521	1869	3114	2452	2164	2415	2136	1683	1630	1410	2032	1649	1470
ENSG00000107537	1134	1784	1300	1165	1337	1128	1132	1141	975	1241	1188	1166
ENSG00000107551	2525	4238	2876	1903	1923	1870	3086	3285	2517	3635	2994	2883
ENSG00000107554	593	1028	775	792	792	809	690	730	610	774	644	583
ENSG00000107560	1224	2029	1228	1278	1355	1163	1137	1277	1052	1294	1179	1274
ENSG00000107566	5685	8160	6010	3543	3677	3161	4609	5138	3900	5543	5236	4844
ENSG00000107581	22418	34773	25449	22384	23915	20716	19700	18720	17232	20081	20162	18921
ENSG00000107593	2	1	3	1	0	2	0	1	1	0	1	0
ENSG00000107611	70	173	131	142	136	144	107	177	141	142	107	137
ENSG00000107614	921	1538	951	1150	1169	1039	995	1066	951	1147	1018	933
ENSG00000107625	2712	4298	3295	2691	2991	2495	2612	2431	2227	2612	2535	2363
ENSG00000107643	1960	3114	2049	2116	2275	1899	1767	1737	1561	1918	1668	1704
ENSG00000107651	4789	7277	5045	4766	5067	4511	4240	4136	3742	4411	3915	3910
ENSG00000107669	1417	2091	1553	1643	1729	1453	1244	1144	1097	1267	1170	1134
ENSG00000107672	1101	1822	1406	1535	1570	1383	1246	1117	1008	1231	1220	1149
ENSG00000107679	429	760	322	698	683	687	608	646	558	679	558	569
ENSG00000107719	1053	1880	1366	1285	1373	1218	1533	1501	1355	1659	1548	1261
ENSG00000107731	217	502	403	70	86	92	188	260	180	329	325	181
ENSG00000107736	41	103	70	62	85	73	62	99	69	105	60	68
ENSG00000107738	3070	5749	4217	4308	4518	4389	4479	4259	3703	5136	4219	3735
ENSG00000107742	17	27	18	17	22	29	14	11	6	4	12	20
ENSG00000107745	1675	2782	1990	1368	1436	1295	1661	1756	1358	1901	1805	1562
ENSG00000107758	4347	7136	4879	4877	5277	4649	4094	4022	3435	4441	4121	3948
ENSG00000107771	2082	3634	2491	2577	2856	2617	2129	2077	1733	2370	1990	1964
ENSG00000107779	1690	3037	2072	2020	2223	1963	1816	1921	1634	2015	1658	1490
ENSG00000107789	546	812	632	601	657	588	463	493	466	547	500	456
ENSG00000107796	51	121	69	68	72	57	74	91	68	102	92	72
ENSG00000107798	4874	8694	5941	4388	4681	4281	4735	4810	3835	5214	4867	4498
ENSG00000107815	1482	2138	1640	1263	1412	1202	1351	1112	1096	1306	1232	1249
ENSG00000107816	2414	3606	2781	1873	1941	1793	2217	2368	1897	2472	2111	1982
ENSG00000107819	5666	9657	7026	5820	5918	5381	5396	5145	4605	5924	5210	5068
ENSG00000107821	95	176	170	146	129	152	87	129	89	104	114	100
ENSG00000107829	490	775	647	621	586	549	525	537	481	604	495	511
ENSG00000107831	0	3	4	1	0	0	0	2	2	1	0	5
ENSG00000107833	709	1223	987	716	733	641	602	567	480	615	638	584
ENSG00000107854	6252	9946	6984	7219	7898	6815	6230	6088	5539	6805	6443	5792
ENSG00000107862	3912	6263	4406	4326	4435	3924	3777	3630	3246	4014	3428	3493
ENSG00000107863	1085	1739	1121	1269	1372	1190	887	902	763	1043	829	826
ENSG00000107864	266	409	322	332	392	359	273	256	213	323	295	228
ENSG00000107872	543	909	812	589	602	581	449	500	495	592	569	464
ENSG00000107874	1423	2213	1946	1572	1706	1502	1490	1268	1129	1519	1449	1215
ENSG00000107882	855	1463	1085	1169	1331	1152	922	927	895	1168	990	820
ENSG00000107890	844	1315	842	1246	1321	1176	982	896	814	1081	854	851
ENSG00000107897	1672	2792	2037	2149	2296	2029	1851	1780	1631	1932	1908	1504
ENSG00000107902	244	446	348	440	439	408	304	274	264	365	225	268
ENSG00000107929	9955	15570	11371	10726	10938	9814	9742	9489	8407	10718	9636	9158
ENSG00000107937	4253	6410	4609	4427	4443	3762	4087	3606	3367	3559	3678	3695
ENSG00000107938	1791	3064	2063	2136	2229	1939	2035	2082	1942	2244	1883	1984
ENSG00000107949	2107	3358	2416	1903	2247	1768	1902	1770	1567	1947	1819	1785
ENSG00000107951	2283	3789	2445	2452	2596	2271	2108	1955	1903	2152	2093	2012
ENSG00000107954	26	33	16	18	19	28	20	23	24	22	18	18
ENSG00000107957	171	367	257	148	159	127	227	249	178	263	248	236
ENSG00000107959	1886	3070	2133	2034	2141	1945	1989	1837	1652	2010	1736	1865
ENSG00000107960	876	1518	1088	927	1032	1000	943	886	755	1028	882	888
ENSG00000107968	262	440	322	279	276	280	224	341	246	352	337	209
ENSG00000108001	1061	1680	960	672	643	666	804	784	711	946	802	882
ENSG00000108010	2569	3954	3286	2942	3473	2898	2507	2217	2008	2436	2423	2268
ENSG00000108018	4	0	1	1	0	1	3	1	2	3	0	2
ENSG00000108021	7270	10183	6974	7294	7300	6234	6062	5572	5154	5982	5157	6050
ENSG00000108039	3259	5181	3722	3773	4005	3390	3177	3106	2861	3614	3086	3057
ENSG00000108055	4672	7213	5489	4266	4587	3980	4308	3949	3644	4319	4270	4083
ENSG00000108061	5881	9728	6355	6073	6538	5678	5480	5150	4485	5796	5345	5075
ENSG00000108064	4462	6931	4975	4671	5300	4339	3833	3347	3265	3834	3812	3533
ENSG00000108091	5031	7913	5862	5429	6169	5287	4650	4568	4159	5258	4858	4444
ENSG00000108094	2441	3889	2536	2582	2921	2351	2416	2064	1906	2142	2194	2166
ENSG00000108100	2971	4475	3107	3375	3632	2974	2978	2510	2460	2932	2517	2466
ENSG00000108106	4356	6752	5900	4615	4800	4473	4154	3522	3268	4256	3898	3710
ENSG00000108107	15723	28943	23394	23539	23125	21358	19485	17448	16099	20592	20084	16685
ENSG00000108175	7311	12552	9434	9297	9775	9122	8990	8385	7371	9768	8332	7470
ENSG00000108176	102	145	128	118	119	103	109	118	93	143	102	96
ENSG00000108179	6097	10381	8084	5349	5737	5249	5547	5545	4843	6037	5886	5074
ENSG00000108187	115	184	129	163	152	147	129	145	139	159	142	136
ENSG00000108219	1639	2673	1934	1913	1908	1906	1856	1836	1634	2165	1778	1685
ENSG00000108231	23	39	29	21	38	25	28	40	29	22	25	20
ENSG00000108239	884	1482	1016	1735	1967	1840	1200	1058	1040	1189	1062	1071
ENSG00000108242	0	6	0	0	1	0	0	0	0	0	0	0
ENSG00000108256	15336	25419	16641	17022	17925	16217	16448	16790	14476	18180	16197	16162
ENSG00000108262	1942	3007	2562	2232	2410	2152	1813	1814	1525	2078	1846	1626
ENSG00000108298	19155	34444	25498	26468	28171	25351	22844	19951	18558	23012	20723	18328
ENSG00000108306	7726	13220	9023	10433	10972	9930	10553	10306	9011	11320	9836	8911
ENSG00000108309	261	425	323	371	378	342	436	508	437	432	370	348
ENSG00000108312	5174	7788	5252	5894	6139	5574	5216	4676	4565	5346	4781	4793
ENSG00000108344	4162	6623	4693	4465	4755	3769	3769	3216	3164	3798	3145	3424
ENSG00000108349	3986	6245	4542	4636	4798	4028	4052	3652	3473	4033	3629	3690
ENSG00000108352	226	308	219	229	269	225	235	179	173	231	187	194
ENSG00000108370	69	108	71	81	72	61	101	93	93	104	88	84
ENSG00000108375	27	61	53	57	41	55	39	41	44	61	28	24
ENSG00000108379	0	0	16	3	0	0	24	0	41	26	0	10
ENSG00000108381	10	33	12	16	17	7	14	17	13	16	24	14
ENSG00000108384	515	818	514	529	514	484	549	475	437	511	434	491
ENSG00000108387	0	2	0	1	6	0	0	0	1	0	2	0
ENSG00000108389	3867	5876	4626	3461	3769	3049	3509	3605	3274	3957	3663	3234
ENSG00000108395	1125	1709	1189	1197	1157	1028	886	872	822	931	862	933
ENSG00000108405	2899	5916	4338	3485	3505	3473	3597	4136	3006	4380	3654	3211
ENSG00000108406	2184	3884	2721	2626	2811	2656	2396	2372	1991	2674	2424	2125
ENSG00000108423	442	678	551	444	482	421	514	475	443	494	431	445
ENSG00000108424	18097	28082	21135	18854	20272	16789	16851	15614	14079	17145	16518	15449
ENSG00000108433	2591	4364	3184	3036	3241	2866	2584	2490	2215	2772	2466	2507
ENSG00000108439	2677	4327	2960	4215	4558	3790	2842	2768	2643	2994	2635	2684
ENSG00000108443	2802	4280	2865	2937	3157	2579	2337	2427	2120	2536	2016	2247
ENSG00000108448	479	876	721	508	563	495	571	554	557	669	656	503
ENSG00000108465	4773	7962	6315	5723	5575	5159	6414	6830	5528	7130	6866	5368
ENSG00000108468	2708	4269	2985	3004	3128	2719	2858	2570	2410	2819	2476	2477
ENSG00000108469	1151	1875	1444	1278	1352	1195	1183	1289	1139	1468	1274	1115
ENSG00000108474	829	1427	1013	1147	1061	903	1024	1156	877	1127	976	963
ENSG00000108479	2238	3632	2803	2400	2417	2157	1897	1663	1643	2006	1783	1857
ENSG00000108506	2707	4137	2978	2768	3025	2705	2903	2676	2458	2897	2821	2407
ENSG00000108509	1198	2070	1472	1487	1563	1407	1397	1508	1220	1552	1393	1282
ENSG00000108510	9185	15128	9529	10180	10718	9679	9054	8992	8118	9876	8633	8598
ENSG00000108511	11	20	24	16	11	10	9	10	11	13	11	8
ENSG00000108515	224	385	335	275	281	321	250	267	232	300	233	212
ENSG00000108518	23745	39876	31560	28908	30705	27369	26959	23696	21970	26852	24998	22580
ENSG00000108523	2964	5069	3899	2922	3237	2908	2937	2933	2542	3297	2908	2684
ENSG00000108528	2379	3805	2904	2776	3063	2581	2173	2010	1926	2239	2317	2124
ENSG00000108551	16	23	23	16	16	18	18	11	9	16	9	11
ENSG00000108556	36	51	44	42	66	42	43	39	30	28	34	27
ENSG00000108557	3831	5896	4562	4689	4696	4001	3916	3618	3323	4185	3406	3568
ENSG00000108559	3266	4914	3617	3146	3386	2770	2965	2743	2525	3006	2730	2810
ENSG00000108561	10089	15780	12058	10303	11168	9371	8795	7516	7358	8391	7952	8045
ENSG00000108576	80	129	103	116	107	116	130	157	124	151	124	108
ENSG00000108578	2318	3439	2713	2409	2550	2505	2217	1955	1895	2223	2103	1883
ENSG00000108582	8835	14553	10214	6837	7157	6548	9172	10526	8311	11355	10774	8921
ENSG00000108587	2965	4953	3412	3345	3554	3282	3230	3381	3072	3475	3129	3005
ENSG00000108588	5530	9522	6605	5929	6557	5586	5369	5125	4674	5665	5322	4981
ENSG00000108590	265	404	323	245	281	247	253	244	183	241	244	230
ENSG00000108591	1915	2991	2324	2143	2242	1935	2045	1840	1758	2205	1910	1856
ENSG00000108592	2180	3039	2542	2187	2437	1957	1682	1485	1448	1731	1660	1661
ENSG00000108599	1753	3186	2242	2230	2355	2166	2257	2443	2031	2649	2506	1840
ENSG00000108602	4	7	2	4	7	10	8	1	1	10	4	8
ENSG00000108604	6048	9668	6910	7132	7806	6753	6339	5642	5173	6501	5288	5773
ENSG00000108622	299	459	362	542	546	480	341	321	281	335	273	251
ENSG00000108639	2051	3310	2886	2367	2459	2125	2108	2033	1839	2227	2038	1833
ENSG00000108641	90	173	156	77	86	83	67	74	67	97	67	69
ENSG00000108651	4202	6895	5183	4313	4492	4091	4427	4263	3835	4544	4299	4088
ENSG00000108654	25084	37604	28456	30395	33001	27314	22612	20280	18651	21659	21217	20608
ENSG00000108666	683	1080	813	841	858	762	642	691	630	727	718	623
ENSG00000108669	908	1685	1267	1465	1477	1377	1118	1103	1003	1180	1034	965
ENSG00000108671	3804	5905	4254	4047	4468	3534	3270	2895	2770	3314	2793	3223
ENSG00000108679	88	122	147	255	270	269	199	174	185	223	207	122
ENSG00000108691	16	45	25	170	186	192	114	91	113	72	97	55
ENSG00000108733	152	212	208	159	164	127	191	173	145	188	172	147
ENSG00000108771	84	194	172	124	148	149	135	101	89	110	111	97
ENSG00000108773	3150	5193	3891	3359	3400	3137	2904	2846	2386	3304	2823	2743
ENSG00000108774	2717	4268	3006	3424	3579	3025	2917	2438	2320	2945	2393	2539
ENSG00000108784	629	1001	893	675	866	592	693	660	577	713	613	599
ENSG00000108786	165	308	219	245	181	185	180	166	143	175	153	146
ENSG00000108788	2486	4184	2775	2850	3079	2620	2831	2573	2400	3127	2438	2685
ENSG00000108797	119	268	160	354	362	343	233	254	204	263	218	186
ENSG00000108798	67	79	95	166	159	152	137	122	98	118	107	122
ENSG00000108799	1020	1836	1244	1250	1297	1213	1182	1174	1016	1326	1181	961
ENSG00000108813	58	137	91	84	65	92	53	78	95	95	81	37
ENSG00000108819	9278	15194	11979	11627	12307	11108	10247	9120	8323	10408	9573	8896
ENSG00000108821	7	18	16	7	10	3	11	9	14	9	9	7
ENSG00000108823	0	1	4	5	6	3	3	0	1	8	2	5
ENSG00000108825	83	176	93	77	88	61	101	147	71	131	126	121
ENSG00000108826	889	1536	1183	1116	1123	1030	1029	902	752	897	924	860
ENSG00000108828	4408	7398	5637	4380	4568	4301	4457	4647	3873	5358	4910	3923
ENSG00000108829	9078	13649	10122	8165	8540	7043	6874	6264	5636	6923	6448	6807
ENSG00000108830	26	27	22	36	32	20	25	30	25	27	36	20
ENSG00000108839	270	460	315	313	392	316	643	500	549	554	463	441
ENSG00000108840	3390	5909	4686	3536	3854	3637	3707	3840	3282	4310	3870	3294
ENSG00000108846	24	42	24	32	29	43	34	47	26	48	36	34
ENSG00000108848	4250	6983	4823	4953	5392	4643	4806	5053	4373	5330	4925	4392
ENSG00000108852	229	341	321	187	214	168	197	191	156	204	192	184
ENSG00000108854	1344	2292	1605	1766	1749	1599	1610	1614	1462	1811	1650	1504
ENSG00000108861	6661	11304	8417	6122	6397	6040	6527	7072	5831	7911	7294	6544
ENSG00000108883	9261	14012	11012	9136	10000	8622	8000	7678	7126	8473	7853	7547
ENSG00000108924	11	26	15	9	8	12	10	9	5	7	5	8
ENSG00000108932	32	39	33	159	193	165	41	46	35	38	50	36
ENSG00000108946	11680	20032	14179	11809	12753	11508	11068	11338	9471	12653	11947	11044
ENSG00000108947	2	1	0	3	5	6	2	2	0	0	6	0
ENSG00000108950	2	2	1	5	1	3	2	6	1	1	0	7
ENSG00000108953	10304	18086	12739	13270	14006	10993	13193	10256	9817	12171	10308	9716
ENSG00000108960	973	1426	1054	1267	1341	1284	847	804	794	825	866	815
ENSG00000108961	388	699	540	408	470	409	346	314	285	375	364	298
ENSG00000108963	1256	2100	1541	1475	1456	1426	1518	1337	1255	1618	1322	1249
ENSG00000108984	535	878	623	1051	1057	954	825	799	758	849	811	690
ENSG00000109016	618	981	894	612	682	575	666	681	544	759	776	688
ENSG00000109046	5184	9697	7116	5234	5551	5283	5521	6405	4824	6657	6495	4893
ENSG00000109047	1	0	0	1	0	0	1	0	1	0	0	0
ENSG00000109062	4230	7268	5597	4574	4750	4282	4749	4471	3893	4883	4472	4118
ENSG00000109063	273	432	291	321	330	290	337	415	325	433	335	349
ENSG00000109065	886	1163	1026	874	957	828	759	730	615	855	743	766
ENSG00000109066	1433	2254	1571	1414	1418	1350	1351	1386	1165	1577	1292	1458
ENSG00000109072	3	3	9	0	3	3	5	9	7	5	2	3
ENSG00000109079	728	1215	880	845	995	804	792	821	717	788	666	646
ENSG00000109083	1558	2721	1950	2254	2204	2080	2233	2335	2087	2493	2276	2027
ENSG00000109084	7532	14990	9497	6775	6899	6203	7225	7106	5494	8015	6807	6718
ENSG00000109089	243	360	312	256	196	204	171	168	151	214	153	149
ENSG00000109099	101	176	139	290	302	248	150	138	143	135	104	126
ENSG00000109103	996	1490	1028	1170	1254	1113	1204	1079	1016	1283	1057	977
ENSG00000109107	3801	10315	8463	4778	4964	5737	7227	8342	5894	9295	8595	6045
ENSG00000109111	5972	9919	7088	6980	7234	6434	6587	6188	5697	6860	6205	5975
ENSG00000109113	2466	3981	3326	3024	3217	2942	2438	2209	2059	2511	2508	2125
ENSG00000109118	2836	4773	3316	3740	3619	3343	3379	3295	2897	3672	3143	3059
ENSG00000109133	8560	12432	8696	10180	11139	9210	7296	6461	6320	7344	6871	7148
ENSG00000109158	282	332	229	202	203	185	174	143	141	214	150	215
ENSG00000109163	1	2	0	1	1	0	1	4	0	4	1	0
ENSG00000109171	3273	5260	3418	3495	3719	3177	2802	2721	2425	3132	2773	2804
ENSG00000109180	3790	6354	4607	4401	4651	4310	3949	3648	3462	4182	3756	3514
ENSG00000109184	1941	2863	2073	1675	1776	1508	1763	1690	1465	1709	1615	1540
ENSG00000109189	833	1241	863	921	1041	845	788	784	707	886	779	803
ENSG00000109220	505	897	638	531	568	546	503	575	454	533	495	453
ENSG00000109265	7	9	4	8	3	6	5	4	2	4	3	5
ENSG00000109270	1061	1757	1200	1097	1252	1141	1078	1006	886	1147	1009	924
ENSG00000109320	2356	3625	2898	3732	4057	3556	2254	2116	2117	2359	2189	2159
ENSG00000109323	1663	3216	2306	1923	2192	1928	2254	2559	1960	2803	2260	1916
ENSG00000109332	10364	17267	12271	10932	11849	10229	10058	9978	8546	10619	9744	9156
ENSG00000109381	2901	5002	3238	3228	3361	3018	3147	3185	2808	3311	2786	2989
ENSG00000109390	432	709	550	343	357	300	375	382	283	360	368	308
ENSG00000109436	2	1	0	14	14	9	1	2	2	5	0	0
ENSG00000109445	1468	2464	1675	1498	1643	1386	1392	1416	1294	1591	1572	1342
ENSG00000109452	11	12	9	5	10	4	9	12	6	6	12	4
ENSG00000109458	72	106	87	50	37	70	63	78	61	80	66	53
ENSG00000109466	794	1268	976	734	737	645	774	852	695	907	924	731
ENSG00000109472	0	4	0	2	0	0	0	0	1	2	2	0
ENSG00000109475	12401	20306	15013	13790	15348	13902	12433	11720	10381	12900	12605	10327
ENSG00000109501	21	32	27	382	397	322	34	19	28	18	23	20
ENSG00000109519	2923	4836	3390	2934	3303	2883	3295	3017	2692	3280	3096	2679
ENSG00000109534	865	1245	1040	703	760	636	703	613	491	635	610	579
ENSG00000109536	126	289	330	202	190	97	208	156	0	152	153	262
ENSG00000109572	2077	3515	2256	3375	3621	3147	2287	2204	1873	2323	2210	2028
ENSG00000109586	2024	3126	2171	2222	2366	1983	1671	1680	1511	1880	1713	1714
ENSG00000109606	13828	21038	15163	13840	14984	12787	12662	12310	11607	13125	12156	11935
ENSG00000109618	1125	2126	1502	1379	1412	1298	1446	1430	1232	1541	1524	1328
ENSG00000109625	25	45	55	27	33	26	26	19	16	18	34	25
ENSG00000109654	5	7	5	8	17	13	5	15	2	16	3	4
ENSG00000109667	928	1506	1057	864	939	832	954	1039	865	1124	1071	939
ENSG00000109670	2080	3203	2403	1991	2165	1803	2194	2144	1929	2351	2027	1833
ENSG00000109674	838	1258	951	674	718	623	684	740	618	837	862	741
ENSG00000109680	103	139	71	105	108	83	99	102	88	107	104	110
ENSG00000109684	18	40	23	19	22	18	32	36	29	31	25	22
ENSG00000109685	15354	23038	16848	16695	17105	15218	14173	13736	12403	15227	13805	13624
ENSG00000109686	61	80	68	32	61	43	44	45	46	41	25	23
ENSG00000109689	604	893	668	1296	1387	1167	653	579	546	609	577	600
ENSG00000109705	32	41	33	34	35	42	30	30	30	45	50	35
ENSG00000109736	5555	9494	7830	5475	5787	5191	6126	6034	5153	6767	6187	5183
ENSG00000109743	263	426	347	340	348	292	349	360	352	439	387	329
ENSG00000109756	628	1071	701	1736	1776	1513	598	580	580	608	552	609
ENSG00000109758	0	0	3	5	3	6	5	7	5	3	5	2
ENSG00000109762	13	23	16	45	29	18	12	13	12	11	9	9
ENSG00000109771	31	32	24	31	33	29	39	42	44	42	30	26
ENSG00000109775	500	835	559	464	496	475	481	514	432	556	506	448
ENSG00000109787	978	1454	1109	1013	1010	908	936	885	789	1033	975	951
ENSG00000109790	397	646	533	561	565	540	415	373	423	461	406	379
ENSG00000109805	4373	6716	4898	4349	4636	4017	3427	3296	3007	3646	3638	3376
ENSG00000109814	1111	1907	1498	1339	1449	1246	1152	1170	943	1247	1215	1085
ENSG00000109819	0	3	3	3	5	4	2	0	1	6	6	4
ENSG00000109832	27	39	40	38	43	46	63	53	43	53	34	35
ENSG00000109854	953	1422	1163	912	934	819	750	778	665	853	866	707
ENSG00000109861	6596	10426	7101	5839	6203	5311	5601	5864	4918	6234	5708	5613
ENSG00000109881	295	456	331	287	334	253	297	325	257	330	286	252
ENSG00000109906	952	1557	1117	436	399	412	737	958	658	1013	926	775
ENSG00000109911	1726	2792	1890	1814	1967	1756	1980	2020	1726	2029	1770	1751
ENSG00000109917	3178	5427	3751	3557	3842	3359	3705	3367	3051	3651	3522	3336
ENSG00000109919	3637	5759	4302	4358	4545	3671	3335	3050	2892	3389	3143	3149
ENSG00000109920	4521	7197	4967	5413	5515	4930	4345	4346	3880	4562	3988	4136
ENSG00000109927	7	8	11	18	19	14	18	12	12	13	11	11
ENSG00000109929	3159	5591	3690	2530	2579	2474	2806	2802	2241	3080	2981	2684
ENSG00000109943	8	12	14	19	24	14	17	26	27	20	20	27
ENSG00000109944	5	24	11	13	24	14	17	16	10	13	8	13
ENSG00000109956	0	0	0	0	0	2	1	1	0	0	0	3
ENSG00000109971	63134	87486	62154	55790	59576	47406	45726	38478	36445	42566	38950	43315
ENSG00000110002	128	325	316	211	260	228	255	349	201	335	313	163
ENSG00000110011	380	735	490	713	712	643	556	458	413	636	449	447
ENSG00000110013	648	1079	811	744	749	715	598	715	550	753	660	627
ENSG00000110025	326	567	442	441	441	485	403	364	340	448	354	316
ENSG00000110031	5047	8683	5441	9210	9899	8686	6548	5705	5842	6740	5329	5520
ENSG00000110042	1608	3063	2208	6304	6602	6472	4178	3269	3590	3757	2981	3080
ENSG00000110046	1802	3010	2384	2369	2487	2246	1899	1915	1653	2173	1940	1761
ENSG00000110047	1782	3290	2469	1965	2163	2040	2037	1934	1747	2193	1937	1750
ENSG00000110048	4489	7289	5192	4609	5033	4378	4151	4080	3336	4592	4018	3847
ENSG00000110057	7408	11136	8683	8187	8624	7627	7726	7017	6463	7933	7097	6940
ENSG00000110060	220	327	265	235	216	176	216	187	170	222	187	200
ENSG00000110063	1908	2972	2378	1777	1883	1770	1787	1811	1575	2070	1950	1702
ENSG00000110066	2303	4122	2777	2970	3169	2759	2736	2680	2322	2958	2552	2477
ENSG00000110074	1088	1805	1300	1147	1222	1050	925	940	846	1001	827	873
ENSG00000110075	9323	14624	10156	9997	10846	9205	8634	8090	7495	8907	8028	7933
ENSG00000110076	51	115	71	80	91	89	118	105	110	107	92	84
ENSG00000110077	4811	8138	5235	6846	7519	6277	7565	6882	6305	7655	6224	6604
ENSG00000110079	417	718	482	768	910	779	694	770	709	803	684	628
ENSG00000110080	2254	3319	2696	1867	1956	1882	1775	1941	1586	2237	1920	1830
ENSG00000110090	15330	24071	17370	12863	14282	12270	14544	14219	12959	16449	14944	13990
ENSG00000110092	173	376	281	210	246	222	219	230	171	211	158	180
ENSG00000110104	1210	1638	1402	1171	1245	1008	1021	896	853	1102	976	981
ENSG00000110107	6445	9756	7168	6908	7275	5991	5981	5064	4925	5809	4874	5266
ENSG00000110108	2257	3405	2545	3073	3391	2871	2338	1973	2015	2254	2162	2013
ENSG00000110169	3	7	2	3	0	5	1	1	2	7	3	4
ENSG00000110171	163	240	175	242	269	248	186	196	137	170	164	175
ENSG00000110172	2904	4352	3025	3207	3399	2670	2372	2239	2132	2293	2188	2185
ENSG00000110200	493	795	625	601	614	546	518	495	390	552	473	456
ENSG00000110218	1555	2598	1705	1717	1668	1664	1391	1341	1231	1540	1391	1191
ENSG00000110237	985	1526	1271	941	1068	890	1165	1184	985	1299	1140	982
ENSG00000110274	1679	2447	1868	2057	2089	1832	1729	1589	1435	1823	1522	1558
ENSG00000110315	810	1425	1067	945	1025	913	867	774	714	925	740	793
ENSG00000110318	6	27	18	11	7	2	8	8	13	18	5	12
ENSG00000110321	38276	61644	44039	42388	46266	39735	35460	32856	29461	35906	34188	32366
ENSG00000110324	615	1258	1058	956	871	878	918	1084	767	1182	990	771
ENSG00000110328	76	155	117	87	94	78	69	54	61	72	56	66
ENSG00000110330	1636	3021	2229	1872	2031	1838	1935	1979	1597	2137	2021	1781
ENSG00000110344	7666	12534	8654	9482	9849	8865	7992	7913	6946	8569	7657	7335
ENSG00000110367	16162	26239	18109	18423	19484	17084	15806	14477	13196	15864	14011	14283
ENSG00000110375	1	1	0	0	0	0	1	2	0	0	0	2
ENSG00000110395	12709	20567	14492	14667	15350	13890	12836	12884	10896	14547	12751	11975
ENSG00000110400	1531	2417	1969	1645	1703	1514	1862	1643	1555	1932	1690	1434
ENSG00000110422	13264	22168	15549	14517	15770	14013	12506	13331	10973	14629	13671	12191
ENSG00000110427	3	0	0	3	9	1	1	0	3	1	1	5
ENSG00000110429	1489	2579	1719	1598	1617	1472	1752	1682	1643	1951	1705	1509
ENSG00000110435	1527	2515	2054	1550	1722	1457	1373	1359	1148	1531	1394	1317
ENSG00000110436	36	70	38	77	55	47	51	67	48	55	50	45
ENSG00000110442	986	1758	1252	1045	1160	1022	999	1026	844	1109	952	1022
ENSG00000110446	405	826	675	1424	1658	1569	674	574	581	686	558	461
ENSG00000110448	4	6	12	8	7	3	6	9	4	10	1	4
ENSG00000110455	654	1144	908	919	905	886	925	944	740	991	891	693
ENSG00000110492	41	53	34	41	69	47	58	30	40	37	32	39
ENSG00000110497	1947	3018	2256	2207	2355	2071	1807	1744	1545	1900	1713	1638
ENSG00000110514	5832	9336	7477	7505	7821	7120	6360	6192	5460	6771	6226	5710
ENSG00000110536	859	1373	989	1059	1235	939	893	750	734	931	759	792
ENSG00000110583	1704	2428	1906	2103	2139	1738	1569	1551	1388	1725	1460	1495
ENSG00000110619	3047	4948	3573	3283	3306	2979	2724	2494	2269	2687	2522	2777
ENSG00000110628	259	567	428	486	562	480	369	376	325	402	354	314
ENSG00000110651	5605	9400	7696	6178	6564	6015	5960	5767	5193	6530	6382	5389
ENSG00000110660	334	481	342	275	344	274	236	191	187	235	222	227
ENSG00000110665	1156	2365	1794	1145	1243	1257	1616	1866	1375	1989	1701	1362
ENSG00000110675	175	319	217	275	234	264	309	298	322	337	267	235
ENSG00000110693	22	66	46	50	20	28	26	32	41	34	23	37
ENSG00000110696	7037	11539	8183	7351	7855	6856	6892	6699	5990	7102	7066	6396
ENSG00000110697	2100	3306	2408	2463	2551	2301	2127	1865	1919	2403	2105	2060
ENSG00000110700	13873	22932	17249	15920	16916	15456	14724	13387	12249	15766	14718	12986
ENSG00000110711	1559	2751	2293	2013	2219	1974	1882	1653	1565	1830	2039	1618
ENSG00000110713	10765	16478	11049	11505	12128	10139	9868	9197	8472	10526	8965	9152
ENSG00000110717	1141	1967	1634	1483	1428	1252	1130	965	988	1132	1044	1048
ENSG00000110719	8819	14915	11686	10975	11380	10860	10470	10728	9011	11821	10350	8908
ENSG00000110721	2135	3323	2660	1991	2087	1801	2240	2173	1936	2420	2296	1977
ENSG00000110723	280	504	337	481	459	373	453	477	444	474	457	411
ENSG00000110756	2736	4302	3309	2961	3327	2793	2799	2731	2487	3138	2814	2630
ENSG00000110768	2687	4412	3098	2828	2982	2645	2799	2826	2455	2941	2724	2676
ENSG00000110777	142	232	164	211	192	177	150	242	180	215	201	196
ENSG00000110799	144	433	384	154	184	203	222	288	166	285	282	207
ENSG00000110801	943	1561	1126	1243	1317	1085	976	902	801	1018	945	861
ENSG00000110811	19	40	25	25	16	13	14	18	21	21	16	10
ENSG00000110841	850	1527	1136	1436	1443	1459	1006	1081	917	1289	1129	892
ENSG00000110844	115	224	173	199	182	184	146	189	161	191	190	151
ENSG00000110848	0	8	0	1	0	0	2	0	0	1	1	3
ENSG00000110851	1095	1782	1324	1523	1499	1327	1123	1156	1032	1359	1081	1095
ENSG00000110852	3	8	11	5	2	0	5	4	3	6	7	3
ENSG00000110871	1039	1676	1233	1007	1101	972	916	899	802	986	955	843
ENSG00000110876	1021	1855	1476	1368	1419	1330	1485	1433	1143	1788	1519	1275
ENSG00000110880	6337	10654	7227	9485	10146	9066	7062	6706	6119	7467	6375	6242
ENSG00000110881	449	737	495	481	540	452	399	339	329	445	410	336
ENSG00000110888	258	396	255	322	326	291	310	284	293	325	320	272
ENSG00000110900	3	0	4	0	1	1	0	4	0	5	1	0
ENSG00000110906	2295	3771	2978	3127	3325	3045	2605	2419	2092	2668	2298	2187
ENSG00000110911	1435	2275	1616	1843	1890	1866	1297	1325	1241	1519	1317	1307
ENSG00000110917	20458	31170	23443	20504	22443	19619	19134	18254	16311	20698	19573	17909
ENSG00000110921	2109	3634	2782	1679	1696	1672	1869	1931	1554	2202	2042	1795
ENSG00000110925	581	991	674	919	1045	876	733	731	597	728	571	664
ENSG00000110931	3203	4801	3629	2668	3021	2534	2790	2551	2313	3124	2678	2759
ENSG00000110934	5189	9886	7214	5942	6329	5721	6894	6975	5327	7583	6473	5547
ENSG00000110944	53	127	85	69	86	78	58	68	57	55	50	50
ENSG00000110955	33271	52554	40285	35052	37925	32837	30978	27607	26301	31808	29562	27597
ENSG00000110958	24461	38186	27742	23035	25406	21623	20893	19464	17831	21054	20715	19637
ENSG00000110987	1457	2454	1811	1199	1360	1128	1306	1260	1067	1272	1128	1159
ENSG00000111011	2243	3737	2738	2557	2790	2453	2274	2355	1964	2330	2188	2006
ENSG00000111012	55	109	98	104	105	93	99	60	105	91	71	76
ENSG00000111052	13	23	22	27	23	19	13	20	11	23	23	17
ENSG00000111057	350	572	469	532	457	468	386	383	321	398	431	333
ENSG00000111058	18	16	15	12	12	12	18	11	12	10	12	12
ENSG00000111077	104	201	141	104	81	93	103	102	103	138	116	95
ENSG00000111087	14	22	29	12	19	12	24	5	12	16	9	17
ENSG00000111110	67	135	73	145	188	145	78	67	66	77	71	64
ENSG00000111142	4597	7427	5986	4417	4951	4330	4151	3930	3595	4349	4663	3974
ENSG00000111144	1284	2099	1595	2692	3087	2759	1441	1426	1185	1461	1382	1245
ENSG00000111145	545	995	680	1356	1506	1475	909	796	735	842	735	626
ENSG00000111181	6	15	19	17	10	5	15	10	10	6	3	12
ENSG00000111186	54	99	114	66	59	75	32	41	30	45	32	39
ENSG00000111196	1103	1740	1253	1087	1199	1047	994	945	857	974	928	956
ENSG00000111203	912	1411	997	1083	1184	989	1002	998	963	1040	873	855
ENSG00000111206	3116	4604	3183	3097	3367	2857	2600	2370	2194	2723	2170	2425
ENSG00000111215	11	19	9	15	4	13	13	17	16	15	17	16
ENSG00000111218	51	76	60	61	49	75	87	72	60	66	69	61
ENSG00000111224	1372	2305	1545	1426	1622	1378	1580	1518	1358	1674	1497	1441
ENSG00000111229	6158	9956	7526	7204	7644	6815	6382	5889	5320	6506	6637	5684
ENSG00000111231	1395	2008	1622	1235	1327	1076	1281	1226	1051	1412	1342	1261
ENSG00000111237	2366	4001	2590	2731	3040	2520	2541	2627	2222	2637	2363	2411
ENSG00000111241	0	1	0	4	0	1	0	0	0	1	3	0
ENSG00000111245	2	0	0	0	0	1	0	0	0	0	0	1
ENSG00000111247	1489	2424	1574	1382	1464	1323	1462	1478	1334	1528	1592	1362
ENSG00000111249	52	92	64	65	89	66	78	57	62	67	72	87
ENSG00000111252	4970	8530	5802	7456	7790	6983	5675	5289	4760	5856	4481	5283
ENSG00000111254	0	5	2	8	8	6	3	0	1	6	3	0
ENSG00000111261	30	91	53	51	60	66	91	86	65	81	87	54
ENSG00000111266	62	157	154	57	60	51	57	78	61	73	90	63
ENSG00000111269	976	1717	1149	880	1000	930	905	942	730	1074	984	954
ENSG00000111271	1619	2621	2113	1975	2102	1836	2012	2086	1849	2185	2035	1843
ENSG00000111275	603	1055	747	848	796	813	954	1104	795	1091	924	841
ENSG00000111276	4991	8797	6291	6323	7016	6111	4716	4382	4020	4665	4224	4096
ENSG00000111291	0	4	9	2	3	3	3	0	6	2	4	4
ENSG00000111300	4142	6064	4330	5034	5198	4498	4077	4030	3723	4251	3947	3918
ENSG00000111305	45	62	38	49	44	32	47	66	49	74	50	65
ENSG00000111319	19	55	45	58	45	26	43	48	35	38	48	44
ENSG00000111321	1985	3046	2367	2176	2237	1976	2106	1787	1646	2138	1792	1890
ENSG00000111325	931	1476	1139	935	990	941	1037	970	891	1065	856	863
ENSG00000111328	419	705	518	529	580	482	448	348	370	423	353	394
ENSG00000111331	12	48	26	21	34	21	36	34	44	40	30	25
ENSG00000111335	146	375	344	435	550	525	268	249	204	277	255	175
ENSG00000111339	24	39	15	20	22	11	33	42	29	28	23	18
ENSG00000111341	27	44	33	20	41	18	41	38	41	46	48	33
ENSG00000111344	4	0	4	0	0	0	4	1	0	4	6	1
ENSG00000111348	18500	31216	21662	17489	18069	16008	20121	18402	16048	20900	18109	17844
ENSG00000111358	3917	6274	4958	3947	4450	3794	3876	3527	3308	3992	3633	3530
ENSG00000111361	2536	4005	3177	2706	2898	2553	2647	2472	2237	2699	2664	2425
ENSG00000111364	2152	3100	2354	2246	2310	1907	2069	2139	1962	2162	1977	1822
ENSG00000111371	927	1448	978	410	419	342	622	700	608	845	658	783
ENSG00000111405	1	3	2	1	2	1	2	1	1	5	1	0
ENSG00000111412	2081	3234	2609	2808	2918	2583	2154	1844	1868	2038	1937	1914
ENSG00000111445	1827	2880	2038	1637	1847	1649	1638	1624	1440	1773	1572	1567
ENSG00000111450	574	809	579	628	648	549	605	647	539	726	595	564
ENSG00000111452	55	120	135	75	65	60	120	121	131	135	136	86
ENSG00000111481	3805	6377	4694	4308	4623	4092	3707	3524	3103	3878	3636	3414
ENSG00000111490	1395	3629	2574	1262	1283	1523	2745	4004	2510	4151	3752	1070
ENSG00000111530	11175	17435	12696	11284	12526	10875	10138	10154	8969	10879	10416	9629
ENSG00000111540	4063	6874	4636	4335	4636	4201	4202	4172	3598	4713	3856	3963
ENSG00000111554	640	1030	737	686	750	589	642	622	538	675	606	588
ENSG00000111581	3768	5898	4560	3456	3881	3179	3541	3520	3060	3672	3561	3340
ENSG00000111596	3910	6544	3915	4549	4642	3949	4074	3951	3507	4178	3465	3702
ENSG00000111602	5541	7865	5968	5501	5994	5106	5106	4735	4168	5440	4633	4835
ENSG00000111605	7222	11442	7563	8266	8923	7412	6924	6786	6035	7254	6342	6334
ENSG00000111615	3853	5989	4355	3156	3237	2792	3394	3243	2884	3479	3274	3031
ENSG00000111639	1493	2450	1872	1426	1663	1404	1378	1281	1033	1326	1430	1297
ENSG00000111640	91765	163931	116692	110464	117209	107494	104808	97810	85460	116641	98278	85901
ENSG00000111641	2999	4010	1956	3401	2789	2748	3062	2489	2376	2711	2265	2941
ENSG00000111642	20655	31748	24554	21845	23040	20275	19405	17773	16409	19697	18319	18622
ENSG00000111644	235	384	294	240	241	245	230	243	211	297	226	233
ENSG00000111647	8599	14413	9493	9386	9848	8697	8363	8291	7223	8995	8279	7865
ENSG00000111652	1440	2211	1844	1505	1589	1330	1385	1338	1130	1511	1198	1290
ENSG00000111653	680	1217	858	752	852	788	782	770	647	914	791	658
ENSG00000111664	8	20	25	13	17	17	10	9	5	10	17	6
ENSG00000111665	1186	1935	1257	1275	1265	1095	1073	1005	882	1218	981	1027
ENSG00000111666	319	530	370	465	453	406	285	317	269	352	316	286
ENSG00000111667	3941	6254	5141	4826	5034	4421	4116	3537	3528	4057	3879	3875
ENSG00000111669	23816	39782	30882	23602	24845	23223	23480	22027	19186	25157	24573	20481
ENSG00000111670	2561	3884	2759	5060	5241	4578	2746	2930	2589	3102	2693	2731
ENSG00000111671	138	223	196	198	198	189	160	149	110	152	103	112
ENSG00000111674	1060	3066	2496	1650	1723	1896	2157	2841	1942	2919	2633	1438
ENSG00000111676	1698	2751	2022	1608	1685	1572	1592	1666	1364	1835	1673	1462
ENSG00000111678	482	945	834	666	685	615	729	608	557	751	661	538
ENSG00000111679	13584	22800	16692	16697	17774	15868	15035	13237	12611	15092	12777	12787
ENSG00000111684	2162	3659	2412	1924	2129	1785	1876	1841	1523	2191	1530	1857
ENSG00000111696	1396	2209	1593	1465	1564	1434	1699	1643	1598	1863	1710	1584
ENSG00000111704	51	76	59	71	73	63	89	101	66	74	83	68
ENSG00000111707	3595	5822	3950	3548	3763	3359	3582	3523	3065	4015	3574	3373
ENSG00000111711	2283	3885	2819	2524	2867	2312	2067	2209	1841	2324	2098	2093
ENSG00000111713	0	3	0	0	0	2	0	0	0	1	1	0
ENSG00000111725	1110	1712	1243	1356	1266	1163	1045	891	870	1081	911	972
ENSG00000111726	1522	2689	1830	1688	1770	1544	1506	1427	1287	1736	1679	1359
ENSG00000111727	467	775	548	540	614	514	459	487	465	496	480	490
ENSG00000111728	103	201	132	153	136	115	140	175	152	150	157	142
ENSG00000111729	5	22	6	49	68	76	8	17	11	15	8	12
ENSG00000111731	2686	4075	2943	3036	3141	2772	2732	2801	2373	2955	2765	2488
ENSG00000111732	18	26	16	35	41	21	22	30	32	32	19	27
ENSG00000111737	1863	3003	2373	2168	2465	2051	1829	1724	1508	1960	1585	1654
ENSG00000111752	209	396	263	286	277	244	207	254	228	230	221	188
ENSG00000111775	2220	3824	3210	2372	2454	2257	2288	2196	1852	2434	2354	2089
ENSG00000111780	6	2	2	1	1	4	3	1	1	3	6	3
ENSG00000111785	788	1397	873	982	908	879	870	905	790	896	788	811
ENSG00000111786	7387	11762	9229	7442	8021	7046	6733	6309	5768	6926	7196	6202
ENSG00000111790	1701	2789	2059	1787	1899	1691	1771	1711	1524	1843	1870	1550
ENSG00000111796	0	0	0	1	0	1	2	0	0	0	2	1
ENSG00000111799	2	1	1	4	0	2	2	2	1	0	1	4
ENSG00000111801	158	243	171	262	236	220	147	163	128	175	117	133
ENSG00000111802	1825	3157	2357	1880	2084	1864	1782	1739	1512	1845	1782	1674
ENSG00000111816	1930	3262	1124	2929	2695	2424	2648	3402	2702	3289	2552	2516
ENSG00000111817	113	206	182	164	176	155	108	113	113	113	102	99
ENSG00000111832	577	957	719	821	817	684	618	574	553	560	648	594
ENSG00000111834	4	10	2	7	8	5	9	0	5	1	2	1
ENSG00000111837	22	37	22	25	29	19	34	41	30	33	30	27
ENSG00000111843	1348	2378	1611	1595	1803	1681	1469	1528	1284	1602	1600	1463
ENSG00000111845	837	1197	832	988	1120	895	716	577	597	691	682	635
ENSG00000111846	14	22	24	203	230	183	17	35	27	31	12	18
ENSG00000111850	313	607	315	358	368	330	332	392	338	396	365	319
ENSG00000111859	1073	2193	1533	1136	1067	1118	1317	1587	1115	1600	1482	1068
ENSG00000111860	198	319	262	267	286	227	198	172	157	205	172	168
ENSG00000111863	0	14	3	5	3	10	2	2	2	3	1	3
ENSG00000111875	2554	4422	3152	2878	3278	3095	2558	2546	2260	2641	2562	2454
ENSG00000111877	1283	2180	1479	1541	1651	1453	1260	1427	1191	1397	1260	1319
ENSG00000111879	2	5	3	5	6	1	8	6	3	6	5	1
ENSG00000111880	2784	4568	3055	2688	2874	2617	2705	2627	2236	2774	2742	2450
ENSG00000111885	1083	1719	1272	1367	1469	1294	1031	958	867	1052	968	897
ENSG00000111886	43	69	52	28	44	34	44	49	39	41	58	46
ENSG00000111897	5839	10312	7232	7461	7963	7383	5752	5915	5115	6612	6104	5374
ENSG00000111906	966	1539	1033	933	948	831	879	854	738	965	829	900
ENSG00000111907	14	40	9	20	20	16	15	18	19	13	9	8
ENSG00000111911	781	1508	1007	712	771	697	804	833	674	866	780	745
ENSG00000111912	593	1074	688	418	483	470	553	591	514	651	595	508
ENSG00000111913	3	5	1	13	18	15	17	5	10	13	10	3
ENSG00000111961	5814	9325	6405	6222	6679	6098	5277	5426	4770	5905	5153	5134
ENSG00000111962	12	23	21	87	89	96	31	27	16	38	19	10
ENSG00000111971	2	0	1	3	2	1	0	0	0	0	0	0
ENSG00000111981	23	41	26	15	12	16	14	18	11	15	9	12
ENSG00000112029	2736	4547	3230	2586	2841	2517	2507	2489	2135	2643	2550	2445
ENSG00000112031	1179	1838	1113	1218	1344	1166	995	1004	890	1073	925	953
ENSG00000112033	1825	3852	2780	2430	2496	2609	2321	2320	1801	2588	2274	1833
ENSG00000112038	65	171	97	115	118	127	145	120	110	132	108	106
ENSG00000112039	1316	2246	1767	924	970	816	1078	1154	850	1289	1230	875
ENSG00000112041	4	1	0	1	0	2	2	0	4	1	0	2
ENSG00000112053	30	55	25	22	30	28	29	24	42	64	39	40
ENSG00000112062	4903	7729	5617	6111	6385	5775	4760	5124	4248	5350	5040	4717
ENSG00000112077	4	8	4	3	8	4	8	10	11	8	4	4
ENSG00000112078	6347	9880	7446	6773	7404	6449	5883	5772	5084	6551	5930	5643
ENSG00000112079	1660	2803	1961	2196	2337	2090	1827	1889	1589	2074	1881	1791
ENSG00000112081	16577	25490	20689	17487	19536	16913	14718	13606	12436	14528	15454	13428
ENSG00000112096	16806	27794	6987	23033	22391	20371	20408	24846	20493	24348	19625	19054
ENSG00000112110	1676	2578	1888	1782	1760	1470	1616	1447	1304	1674	1501	1509
ENSG00000112118	11118	16059	12496	11060	12133	10451	10364	9445	8716	10562	9913	9791
ENSG00000112130	728	1140	840	590	589	593	666	669	575	719	636	584
ENSG00000112137	645	1259	909	852	1040	868	1024	1042	878	1259	1012	676
ENSG00000112139	42	100	78	10	8	7	42	83	47	71	81	39
ENSG00000112144	1140	1848	1227	1722	1884	1644	1355	1265	1191	1386	1199	1212
ENSG00000112146	1717	2743	2061	1821	1894	1687	1686	1745	1491	1918	1741	1555
ENSG00000112149	332	504	401	224	239	186	270	273	206	324	263	293
ENSG00000112159	12824	18402	13502	12935	13572	11966	14307	14074	13153	15819	14388	13703
ENSG00000112167	326	523	365	376	349	328	329	349	298	386	341	293
ENSG00000112182	0	0	2	3	1	0	1	0	0	2	0	1
ENSG00000112195	175	351	298	103	124	119	178	211	119	217	177	181
ENSG00000112200	5982	10047	6506	6150	6535	5791	5933	6287	5370	6475	5881	5756
ENSG00000112208	1562	2383	1560	1460	1588	1364	1378	1330	1098	1527	1251	1263
ENSG00000112210	341	490	309	239	291	220	211	253	205	287	284	277
ENSG00000112218	90	92	59	46	80	59	51	88	58	91	69	82
ENSG00000112232	0	0	0	1	0	2	1	3	3	5	6	0
ENSG00000112234	1955	2976	1984	2123	2181	1902	1785	1804	1716	1926	1808	1613
ENSG00000112237	2190	3534	2595	2456	2702	2315	2118	2100	1690	2214	2153	2038
ENSG00000112238	13	28	19	12	12	12	15	11	9	14	23	17
ENSG00000112242	2547	3855	2784	3005	3130	2856	2459	2209	2143	2439	2369	2150
ENSG00000112245	3077	4301	2978	3004	3373	2673	2398	2366	2063	2450	2256	2290
ENSG00000112246	1	0	0	0	1	0	0	0	0	1	0	2
ENSG00000112249	7178	10519	7346	5996	6354	5380	5998	5706	5062	6129	5912	5748
ENSG00000112276	234	383	219	215	234	219	250	259	211	279	201	217
ENSG00000112280	3	2	2	3	6	1	3	4	4	3	4	1
ENSG00000112282	2267	3637	2521	2594	2814	2391	2622	2431	2242	2666	2418	2339
ENSG00000112290	517	788	607	279	301	277	294	352	275	413	329	299
ENSG00000112293	78	123	81	73	52	60	76	66	51	56	74	57
ENSG00000112294	2305	3552	2522	1895	2050	1740	2267	1950	1894	2195	1944	1997
ENSG00000112297	3836	5816	3878	7932	8361	7388	4444	4348	4062	4568	3787	4359
ENSG00000112299	3	6	3	23	17	15	10	9	6	10	12	5
ENSG00000112303	10	16	22	52	47	33	18	12	12	11	10	17
ENSG00000112304	417	576	483	365	336	329	369	369	295	429	372	323
ENSG00000112305	1141	1880	1085	1543	1747	1489	1269	1111	1043	1213	1015	996
ENSG00000112306	9570	17006	13118	11942	13148	11964	10608	9696	8467	11114	10831	8941
ENSG00000112308	9334	16242	11580	10804	11703	10725	9474	9627	7885	10487	9649	8814
ENSG00000112309	39	60	44	30	47	42	29	42	22	24	28	19
ENSG00000112312	1877	2981	2277	1504	1714	1484	1690	1545	1297	1610	1691	1593
ENSG00000112320	24	38	26	62	50	58	23	29	29	42	29	36
ENSG00000112335	4088	6667	4730	4134	4500	3889	3912	3905	3271	4231	3741	3637
ENSG00000112339	2707	4446	3092	2830	2781	2498	2507	2449	2095	2590	2481	2394
ENSG00000112343	1955	3578	2803	3123	3335	3138	2748	2947	2410	3038	2700	2361
ENSG00000112357	299	478	434	289	266	295	210	234	192	233	260	238
ENSG00000112365	1504	2255	1549	1593	1769	1644	1363	1292	1247	1459	1203	1382
ENSG00000112367	1501	2508	1885	1310	1496	1431	1563	1733	1361	1988	1770	1429
ENSG00000112378	9	23	11	9	13	15	26	12	7	14	9	14
ENSG00000112379	17	39	30	42	37	48	31	46	29	31	35	23
ENSG00000112394	118	141	113	121	119	122	127	143	127	117	136	125
ENSG00000112406	3123	4950	3842	4414	4875	4269	2762	2778	2490	3177	2900	2667
ENSG00000112419	1200	1629	1085	1071	1143	921	1167	1091	991	1246	1072	1077
ENSG00000112425	480	732	455	585	616	523	455	409	402	476	401	478
ENSG00000112473	2032	2849	2270	1755	1904	1615	579	1393	1071	1401	1232	558
ENSG00000112486	544	923	670	1047	1112	996	617	697	583	671	675	648
ENSG00000112514	2322	4085	3664	2529	2724	2534	2626	2243	2078	2478	2692	2133
ENSG00000112531	13507	22543	15208	16048	17011	15050	12687	12769	11016	13912	12502	11479
ENSG00000112561	307	515	386	544	575	573	453	425	380	494	433	364
ENSG00000112562	0	1	0	6	0	2	2	4	13	7	4	1
ENSG00000112576	6857	11217	8287	5792	6062	5637	6109	5724	4879	6725	5844	5700
ENSG00000112578	1314	1928	1493	1272	1358	1217	1196	1061	1028	1175	1046	1143
ENSG00000112592	643	986	731	753	764	628	616	556	558	691	574	575
ENSG00000112599	19	26	25	23	24	15	22	31	23	32	29	27
ENSG00000112619	0	0	0	0	3	0	0	3	1	1	0	0
ENSG00000112624	1749	2845	1784	2160	2200	1950	2065	2184	1715	2251	1691	1774
ENSG00000112640	2035	3328	2239	2314	2271	2039	2133	1941	1715	2195	1775	1839
ENSG00000112651	830	1376	960	754	818	734	718	644	578	780	729	630
ENSG00000112655	48	125	52	74	72	70	66	85	80	75	108	80
ENSG00000112658	2748	4903	3960	3396	3466	3180	3254	2958	2608	3530	3138	2889
ENSG00000112659	1906	2848	2423	2297	2278	2071	2149	2339	1958	2375	2307	1964
ENSG00000112667	579	853	668	445	500	395	403	416	346	416	466	425
ENSG00000112679	797	1319	1002	1102	1163	1020	887	934	787	1023	846	832
ENSG00000112685	1850	2687	1971	2628	3025	2443	1872	1556	1599	1783	1592	1584
ENSG00000112695	2917	4953	4014	3234	3442	2934	2864	2625	2220	2932	3042	2697
ENSG00000112697	14493	23544	16371	14594	15850	14412	15147	15690	13223	17166	15889	14103
ENSG00000112699	650	1049	809	831	813	749	661	625	633	747	656	629
ENSG00000112701	3504	5534	3824	3232	3689	3038	3362	3157	2917	3571	3137	3051
ENSG00000112739	6246	9857	6885	7173	7566	6527	7435	7117	6646	7670	6951	6885
ENSG00000112742	2858	4523	3216	2509	2689	2231	2452	2359	2145	2533	2610	2438
ENSG00000112759	2654	3617	2367	2318	2444	2142	2196	1775	1731	2264	1750	1921
ENSG00000112761	0	1	0	2	1	0	1	0	0	3	2	0
ENSG00000112763	633	1060	778	772	796	763	684	685	607	788	570	619
ENSG00000112769	7	14	9	10	15	7	6	15	7	15	4	10
ENSG00000112773	1212	2046	1473	1674	1697	1628	1871	1814	1638	2210	1973	1547
ENSG00000112787	3466	5515	4594	3670	3615	3263	3457	3064	2816	3466	3175	2980
ENSG00000112799	1030	1905	1380	2501	2767	2549	1673	1503	1497	1702	1563	1431
ENSG00000112851	10573	18061	11698	13270	13739	12034	10704	10553	9200	11576	10118	10310
ENSG00000112852	4	13	15	9	8	8	6	15	10	7	8	10
ENSG00000112855	1009	1701	1282	1377	1376	1269	1168	1073	1047	1245	1197	1006
ENSG00000112874	149	216	134	215	208	175	151	115	125	160	155	142
ENSG00000112877	764	1386	889	773	811	759	729	756	607	844	719	705
ENSG00000112893	3237	5287	3754	3081	3426	2807	2819	2842	2434	3169	3035	2540
ENSG00000112902	0	12	6	11	5	2	5	2	2	6	3	3
ENSG00000112936	1	3	0	2	5	3	6	3	3	4	7	3
ENSG00000112941	797	1161	857	1002	1034	961	814	808	698	953	795	624
ENSG00000112964	9	25	13	32	19	35	16	33	19	12	16	28
ENSG00000112972	23295	44573	28890	14509	15194	15620	15797	17188	12383	18047	18042	16781
ENSG00000112977	4044	6965	5195	5049	5510	4787	4068	4040	3418	4544	3810	3646
ENSG00000112981	0	1	1	0	2	0	0	1	0	1	3	0
ENSG00000112983	2059	3100	2139	1993	2246	1914	2007	1920	1668	2185	1952	1901
ENSG00000112984	2349	3401	2549	1996	2207	1888	2043	1896	1693	1999	1948	1941
ENSG00000112992	10989	16900	11875	12031	13274	11112	10569	10212	9290	11114	9964	10106
ENSG00000112996	3056	4949	3495	3172	3443	3067	3434	3274	2923	3608	3382	3038
ENSG00000113013	17486	27574	20070	16135	17107	14746	15028	13354	12449	14832	13844	14097
ENSG00000113048	6320	10340	7195	5856	6428	5501	5371	4860	4658	5486	5173	5133
ENSG00000113068	1349	2285	1656	1674	1773	1443	1494	1400	1211	1470	1350	1278
ENSG00000113070	371	726	493	478	473	455	588	546	464	543	579	423
ENSG00000113073	1	2	1	1	0	1	0	1	2	2	2	0
ENSG00000113083	1	5	0	1	0	1	0	6	1	0	3	0
ENSG00000113108	488	976	766	781	825	733	705	743	642	811	737	536
ENSG00000113119	525	698	623	539	502	474	473	387	403	541	460	419
ENSG00000113140	7	9	8	4	2	0	3	7	6	5	2	4
ENSG00000113141	1480	2440	1650	1694	1818	1515	1662	1405	1271	1535	1350	1520
ENSG00000113161	18155	32607	20971	13401	14183	13535	14165	14460	11446	16239	15145	13658
ENSG00000113163	2983	4927	3701	4013	4322	3960	3292	3271	2977	3469	3322	3089
ENSG00000113194	3451	5601	3816	3725	3883	3385	3390	3132	2921	3529	3162	3174
ENSG00000113231	4	3	13	5	7	6	3	13	2	8	4	4
ENSG00000113240	865	1547	1055	1146	1158	1070	1000	1084	949	1160	1144	876
ENSG00000113248	0	7	2	0	2	1	6	7	1	3	1	1
ENSG00000113249	2	5	0	3	1	2	0	2	5	1	3	5
ENSG00000113262	88	164	150	200	172	144	181	216	176	158	185	154
ENSG00000113263	57	96	61	77	76	69	87	99	63	67	81	66
ENSG00000113269	3152	5545	3693	6347	7160	6244	3956	3482	3338	3899	3284	3204
ENSG00000113272	681	1270	912	973	1037	876	749	744	709	847	766	635
ENSG00000113273	3475	5113	3616	4128	4410	3546	2721	2444	2243	2705	2302	2686
ENSG00000113282	6405	10196	7271	5918	6165	5481	5686	5657	4879	6071	5830	5492
ENSG00000113296	144	203	173	53	41	43	121	109	116	122	141	105
ENSG00000113300	7439	11368	7496	6692	7302	6097	6099	6134	5489	6909	6100	5959
ENSG00000113302	7	12	7	18	8	18	12	4	10	17	8	9
ENSG00000113303	0	1	3	0	0	0	1	0	1	1	1	3
ENSG00000113312	1370	2325	1815	1426	1574	1341	1433	1343	1239	1472	1298	1322
ENSG00000113318	1642	2521	1835	1963	2032	1765	1739	1702	1555	1789	1687	1517
ENSG00000113319	4	9	2	8	1	7	5	5	0	1	2	2
ENSG00000113327	665	988	127	741	722	676	851	1004	720	937	774	734
ENSG00000113328	11412	20181	15224	11595	12830	11256	11451	11760	10273	12962	13633	11326
ENSG00000113356	364	525	337	321	318	253	247	248	253	311	267	262
ENSG00000113360	3143	5134	3301	3496	3750	3178	3438	2996	2927	3568	2920	3045
ENSG00000113361	2	5	3	5	4	0	2	1	1	1	4	0
ENSG00000113368	22371	35377	27575	27118	29846	25454	19859	17742	17330	20737	19809	19067
ENSG00000113369	144	287	236	519	545	548	241	283	262	245	235	160
ENSG00000113384	6678	11123	8140	8139	8813	7915	6605	6229	5448	6656	6073	5778
ENSG00000113387	7811	13116	9814	9321	9751	8783	8606	8104	7346	8785	9018	7784
ENSG00000113389	6	12	2	9	18	11	12	4	3	2	5	9
ENSG00000113391	1140	1941	1219	1122	1223	1063	1117	1126	1018	1251	1124	1052
ENSG00000113407	8666	13214	9735	8361	8760	7492	7353	6308	5980	7017	6476	6873
ENSG00000113430	0	2	0	0	0	0	1	0	0	0	0	3
ENSG00000113441	19568	32349	21644	22609	24387	21819	21436	22606	18693	24633	22119	20612
ENSG00000113448	411	596	437	250	239	266	375	444	318	440	366	312
ENSG00000113456	2484	3752	2808	2135	2403	2082	2114	2239	1891	2359	2272	2205
ENSG00000113460	1832	2891	2144	1628	1756	1467	1626	1383	1374	1546	1570	1527
ENSG00000113492	4	0	0	0	0	0	1	0	0	0	0	0
ENSG00000113494	382	530	369	962	1089	821	594	498	438	533	493	522
ENSG00000113504	1948	3241	2181	3402	3734	3441	2346	2280	2080	2554	2091	2090
ENSG00000113522	3546	5416	3751	3834	4144	3633	4105	3836	3610	4313	3789	3503
ENSG00000113532	3635	5863	4068	3141	3306	3026	3474	3717	3047	4079	3800	3360
ENSG00000113552	966	1525	1144	663	741	619	957	945	743	1089	988	852
ENSG00000113555	28	53	38	19	24	26	18	25	22	26	17	20
ENSG00000113558	6566	10647	7589	7401	7804	6776	6603	6068	5629	6498	6401	5954
ENSG00000113569	12144	17720	12311	11573	12293	10733	10338	9793	9083	10829	10022	9752
ENSG00000113575	8614	13016	10286	9324	10020	8555	7548	6872	6550	7713	7375	7383
ENSG00000113580	10972	18203	12665	13849	14962	13271	10329	9728	8939	10510	9937	9757
ENSG00000113583	2019	3582	2563	2467	2600	2430	1772	1844	1441	2084	1769	1641
ENSG00000113593	1212	1805	1230	1285	1195	1115	1102	1215	1034	1211	1155	1118
ENSG00000113595	307	584	441	423	482	416	380	408	343	475	461	344
ENSG00000113597	745	1196	848	1047	1171	917	748	670	541	646	595	677
ENSG00000113615	3267	5341	3880	3854	4077	3690	2810	2850	2660	3159	2956	2531
ENSG00000113621	681	1133	872	850	905	754	697	712	622	764	724	628
ENSG00000113638	877	1644	1128	923	1012	922	738	868	666	966	969	766
ENSG00000113643	2982	4533	3455	3071	3404	2833	2858	2595	2404	2818	2917	2608
ENSG00000113645	800	1200	919	1558	1713	1291	865	640	655	790	672	774
ENSG00000113648	35474	57296	41708	46848	50284	43539	34499	31984	29803	34261	30822	30510
ENSG00000113649	5531	8567	5655	5642	5970	5044	5550	5240	4767	5515	4788	5044
ENSG00000113657	431	921	862	196	237	256	595	886	443	879	900	482
ENSG00000113658	2347	3603	2495	2802	2989	2677	2436	2362	2174	2495	2485	2361
ENSG00000113712	14269	24441	17713	17443	18567	16603	14041	13634	12183	14640	13864	12439
ENSG00000113716	4686	6952	5429	4811	4950	4468	4429	4251	3798	4807	4321	4214
ENSG00000113719	1587	2560	1751	1897	1825	1621	1587	1506	1245	1673	1285	1427
ENSG00000113721	30	71	52	31	28	20	39	50	34	57	48	39
ENSG00000113722	0	0	2	1	1	0	2	5	1	3	9	1
ENSG00000113732	1422	2468	1858	1563	1699	1483	1576	1571	1237	1643	1587	1496
ENSG00000113734	270	391	282	271	295	272	242	236	174	267	224	244
ENSG00000113739	32	98	70	61	51	68	40	45	28	38	37	20
ENSG00000113742	1197	2269	1581	1436	1351	1421	1432	1484	1145	1605	1392	1296
ENSG00000113749	5627	8812	6181	5018	5213	4657	5200	5126	4282	5946	5112	5353
ENSG00000113758	1227	2150	1599	1435	1586	1298	1602	1362	1254	1580	1375	1305
ENSG00000113761	539	771	566	675	678	577	629	595	518	550	551	578
ENSG00000113763	82	144	122	65	72	71	155	129	116	166	137	127
ENSG00000113790	347	540	396	387	376	390	370	367	320	392	344	344
ENSG00000113810	16760	26881	18973	17398	18275	15836	16119	15683	13906	16699	15887	15083
ENSG00000113811	855	1463	1168	863	1014	901	855	806	641	857	849	785
ENSG00000113812	1727	2776	1951	2143	2214	1885	1741	1739	1494	1802	1605	1582
ENSG00000113838	1017	1670	1204	1195	1157	1013	1083	989	909	1112	940	913
ENSG00000113845	2321	3465	2631	2271	2411	2046	2056	2010	1798	2224	2076	1810
ENSG00000113851	966	1687	1260	1155	1298	1184	1176	1191	934	1316	1277	969
ENSG00000113905	15	35	14	18	23	11	29	28	26	31	20	26
ENSG00000113916	40	76	56	425	456	421	91	87	67	76	72	93
ENSG00000113924	13	27	12	6	10	18	9	20	5	14	8	12
ENSG00000113946	17	45	21	41	46	43	31	45	27	43	34	45
ENSG00000113966	210	342	240	216	190	195	171	177	158	188	194	170
ENSG00000113971	521	991	760	716	785	693	850	973	715	1098	945	703
ENSG00000114013	69	230	212	1093	1053	1094	230	261	218	317	298	225
ENSG00000114019	1	1	0	0	0	2	0	0	1	1	0	0
ENSG00000114021	1945	2968	2102	1944	2087	1768	1754	1827	1612	1994	1767	1741
ENSG00000114023	590	1235	923	529	541	567	864	866	666	893	817	626
ENSG00000114026	838	1269	1109	806	937	830	985	1043	882	1228	935	801
ENSG00000114030	5465	8168	5915	5996	6359	5421	4786	4532	4172	4919	4693	4908
ENSG00000114054	2904	4672	3432	3023	3335	2827	2607	2418	2233	2682	2503	2548
ENSG00000114062	9305	14791	10644	10528	11298	9863	8822	8723	7913	9615	8930	8587
ENSG00000114098	2325	3674	2554	2872	3165	2726	2392	2470	2289	2594	2414	2347
ENSG00000114107	1887	3151	2082	1713	1951	1576	2023	1925	1785	2033	1886	2029
ENSG00000114115	2	4	2	5	6	0	3	7	6	3	2	3
ENSG00000114120	4608	8303	5529	5043	5505	4955	5197	5366	4378	5804	5532	4425
ENSG00000114124	2	7	1	5	4	2	5	9	3	12	3	3
ENSG00000114125	2032	3462	2488	2412	2523	2308	2164	2067	1822	2251	2071	1988
ENSG00000114126	1380	2292	1617	1436	1613	1505	1688	1789	1412	1883	1707	1557
ENSG00000114127	5388	9478	6218	5692	6193	5532	5437	5841	4990	6372	5821	5239
ENSG00000114166	342	528	330	265	295	276	341	393	342	404	336	303
ENSG00000114204	182	337	186	222	247	150	219	323	235	314	279	237
ENSG00000114209	1469	2454	1715	1590	1624	1528	1370	1353	1170	1317	1395	1217
ENSG00000114248	6	13	8	0	3	0	6	9	4	15	10	7
ENSG00000114268	2622	6605	5170	3170	3377	3716	3817	4678	3456	4955	4606	2579
ENSG00000114270	131	314	288	223	204	257	173	200	134	178	217	136
ENSG00000114302	4955	7517	5785	5377	5965	5073	5001	4505	3999	5032	4903	4727
ENSG00000114315	4	15	14	7	6	3	5	2	3	8	3	6
ENSG00000114316	4347	7225	5274	5808	5893	5358	5108	4933	4325	5407	4655	4568
ENSG00000114331	7566	12671	8955	8823	9771	8886	7627	7842	6967	8282	8390	7189
ENSG00000114346	3406	5227	3707	3923	3866	3428	3248	3218	2887	3332	3164	3284
ENSG00000114349	0	0	0	0	3	2	0	2	0	3	0	0
ENSG00000114353	12022	20459	15519	14660	16466	14527	13461	13008	11158	14470	12826	12234
ENSG00000114354	2614	4419	3169	2612	2868	2489	2396	2628	2129	2850	2533	2431
ENSG00000114374	24	42	8	8	16	19	26	35	25	46	35	29
ENSG00000114378	14	16	15	16	16	16	15	20	15	12	21	8
ENSG00000114383	548	997	700	603	634	561	569	513	487	617	552	496
ENSG00000114388	595	1021	733	602	641	584	719	675	561	844	692	636
ENSG00000114391	7143	12855	10005	8802	9360	8687	8552	7575	6879	8947	8827	7397
ENSG00000114395	643	1027	801	759	834	721	585	560	484	662	555	467
ENSG00000114405	440	764	550	533	607	527	492	444	412	574	508	475
ENSG00000114416	4971	8167	5867	5321	5767	4979	4950	4910	4364	5374	4828	4374
ENSG00000114423	488	871	572	908	864	831	681	779	669	832	679	574
ENSG00000114439	9022	14154	9401	9454	10086	8724	8679	8504	7611	9386	7982	8741
ENSG00000114446	235	367	328	220	234	193	228	208	210	207	227	251
ENSG00000114450	4695	6891	5156	5278	5886	4972	4058	3673	3398	4055	3780	3764
ENSG00000114455	57	110	84	43	54	32	49	70	54	93	65	64
ENSG00000114473	214	423	310	288	265	232	309	394	251	330	293	267
ENSG00000114480	8483	19047	13342	7717	8478	9196	10545	12724	8825	13193	12719	9518
ENSG00000114487	21	43	25	7	3	3	19	14	19	23	13	10
ENSG00000114491	2323	3324	2773	2105	2266	1907	2027	2098	1860	2132	1998	2117
ENSG00000114503	4057	6583	4706	4020	4321	3853	3636	3673	3353	3999	3715	3606
ENSG00000114520	1629	2631	1805	1811	1924	1713	1490	1402	1339	1503	1547	1465
ENSG00000114529	6	4	7	6	3	4	7	0	4	5	1	2
ENSG00000114541	114	199	109	122	131	103	141	144	112	117	121	98
ENSG00000114544	1195	1907	1406	1338	1602	1407	1312	1087	1056	1274	1104	1017
ENSG00000114547	1	3	0	2	2	2	0	6	2	0	0	2
ENSG00000114554	1950	3157	2395	2693	3000	2456	2033	1704	1672	1991	1808	1763
ENSG00000114573	5334	8384	6220	5779	6118	5465	4802	5073	4383	5432	5477	4939
ENSG00000114626	686	1192	960	899	1060	907	915	975	920	1110	956	787
ENSG00000114631	1368	2079	1735	1012	1069	906	1134	1009	916	1197	1040	1063
ENSG00000114638	145	258	152	196	169	182	192	220	194	218	203	243
ENSG00000114646	105	191	174	82	84	93	77	91	61	90	96	75
ENSG00000114648	1264	1735	1316	1486	1615	1245	973	946	898	1072	946	1088
ENSG00000114650	4153	6660	5132	4645	4938	4310	3940	3547	3579	4088	3754	3539
ENSG00000114656	241	467	183	388	393	299	409	443	370	458	300	359
ENSG00000114670	40	68	86	43	49	22	35	44	32	48	44	43
ENSG00000114686	5888	9061	6706	5537	5975	4882	5346	4726	4428	5043	4819	5168
ENSG00000114735	1826	3147	2335	2207	2207	2153	2143	2527	2117	2704	2261	2046
ENSG00000114737	2131	4187	3083	2139	2223	2258	2398	2464	1892	2840	2490	2258
ENSG00000114738	5433	8975	7018	4827	5393	4600	4920	5038	4232	5678	4906	4856
ENSG00000114739	1440	2528	1851	1694	1734	1575	1740	2027	1693	2268	1948	1497
ENSG00000114742	2068	3408	2356	1991	2197	1915	1992	1922	1639	2152	1859	1748
ENSG00000114744	1206	2012	1373	1431	1624	1408	1097	1039	915	1043	1078	974
ENSG00000114745	817	1447	1032	1366	1371	1207	903	820	709	934	784	752
ENSG00000114757	10	13	18	25	13	15	27	14	8	13	22	17
ENSG00000114767	1303	1955	49	1417	1526	1268	1265	1083	1144	1277	1170	1179
ENSG00000114770	1608	2485	1827	1723	1852	1480	1508	1531	1265	1639	1406	1334
ENSG00000114779	1535	2615	1944	1883	1900	1706	1488	1570	1279	1731	1544	1436
ENSG00000114784	1214	2347	1619	1210	1378	1198	1324	1287	1133	1386	1391	1274
ENSG00000114786	76	246	236	199	125	120	82	107	84	123	104	122
ENSG00000114790	2	2	1	3	4	3	0	0	1	1	1	0
ENSG00000114796	2469	4190	3082	3051	3419	3280	2917	3103	2574	3278	3145	2514
ENSG00000114805	1	1	0	0	3	1	0	0	3	0	1	2
ENSG00000114812	8	18	6	5	4	1	11	9	11	16	5	19
ENSG00000114841	1307	2079	1571	1893	1891	1656	1857	2025	1765	2225	1850	1761
ENSG00000114850	11158	18524	13528	11974	13192	11724	9156	9196	8253	10133	10080	8923
ENSG00000114853	1132	1630	1264	996	1074	996	1030	1059	853	1152	1115	1011
ENSG00000114854	0	5	2	2	1	0	2	3	1	0	1	1
ENSG00000114857	7184	12211	7105	8957	9169	7726	9252	10108	8483	10406	8219	8418
ENSG00000114859	401	646	517	525	494	480	502	595	501	572	566	503
ENSG00000114861	8311	13807	8699	8700	9081	7970	8140	8362	6857	9073	7326	7668
ENSG00000114867	25382	37489	28571	24960	26596	22870	22351	19954	18567	22950	20674	21508
ENSG00000114902	1775	2857	2283	1764	1870	1563	1651	1591	1300	1830	1898	1564
ENSG00000114904	1863	2973	1982	1694	1802	1580	1692	1641	1456	1822	1669	1491
ENSG00000114923	51	95	85	184	200	195	136	123	126	135	129	122
ENSG00000114933	8340	13922	9176	7551	7864	6971	8497	9140	7641	10136	8902	8088
ENSG00000114942	18562	32437	23755	21458	23151	20886	19807	18357	16320	20435	19647	17304
ENSG00000114948	40	56	61	76	93	79	75	38	63	64	52	66
ENSG00000114956	969	1686	1178	969	1142	987	999	945	850	1041	1007	879
ENSG00000114978	18626	30639	20123	22298	24704	21334	18100	17262	15405	19076	17381	16987
ENSG00000114982	2297	4023	2882	2904	3005	2732	3016	3077	2704	3274	2831	2605
ENSG00000114988	460	831	656	470	494	532	532	589	518	680	628	436
ENSG00000114993	411	672	580	393	436	417	451	440	362	479	446	417
ENSG00000114999	1673	2315	1739	1846	1990	1752	1307	1229	1143	1364	1257	1380
ENSG00000115008	1	0	0	3	1	0	0	0	0	0	0	0
ENSG00000115009	13	35	24	17	27	16	18	29	23	46	35	25
ENSG00000115020	12538	20655	14191	13337	14177	12770	12703	12513	11128	13592	12383	11511
ENSG00000115041	4	2	0	1	0	3	0	0	0	0	0	0
ENSG00000115042	579	947	746	574	634	529	473	480	445	558	500	476
ENSG00000115053	28624	42919	32613	27224	28516	24726	24714	21395	20407	22877	23864	22964
ENSG00000115073	2621	4357	3316	2879	3008	2668	2508	2492	2295	2887	2555	2172
ENSG00000115084	4985	8409	6052	5571	5985	5320	5199	5612	4639	6038	5640	5074
ENSG00000115085	9	4	5	6	2	2	4	2	4	3	1	3
ENSG00000115091	14350	23589	16949	15181	16345	14367	14179	13590	12305	15420	14626	13109
ENSG00000115107	793	1097	801	795	811	650	635	568	479	629	569	583
ENSG00000115109	28	69	65	50	58	36	38	61	23	43	30	40
ENSG00000115112	0	1	4	0	0	2	1	2	4	0	2	2
ENSG00000115128	1850	3045	2308	1856	1899	1696	1890	1645	1485	1813	1782	1684
ENSG00000115129	95	174	130	206	276	215	115	118	96	103	105	96
ENSG00000115137	253	405	299	285	289	285	320	239	243	324	234	288
ENSG00000115145	1504	2636	1728	1795	1925	1678	1474	1444	1312	1628	1523	1472
ENSG00000115155	54	85	79	62	59	68	83	77	64	93	97	64
ENSG00000115159	2855	4205	3079	2388	2727	2196	2558	2502	2213	2806	2664	2580
ENSG00000115163	1706	2352	1768	1649	1643	1458	1398	1321	1136	1446	1363	1428
ENSG00000115165	2227	4898	3776	3142	3154	2928	2858	3145	2278	3263	3029	1852
ENSG00000115170	288	485	329	638	641	577	346	255	287	322	263	298
ENSG00000115183	197	313	208	127	156	160	219	203	176	252	180	203
ENSG00000115194	76	152	82	115	116	77	50	44	43	57	53	51
ENSG00000115204	1143	1975	1442	1344	1414	1162	1355	1388	1093	1568	1333	1215
ENSG00000115207	3428	5371	3880	3814	4035	3634	3615	3459	3114	3928	3455	3217
ENSG00000115211	954	1521	1153	1239	1238	1102	1117	935	873	1072	1006	881
ENSG00000115216	2744	4648	3413	3373	3478	3129	3007	2738	2458	3079	2615	2701
ENSG00000115221	0	0	2	0	0	3	0	0	0	0	0	0
ENSG00000115232	25541	41578	28071	44003	48150	41535	28780	27084	25211	29263	27846	26272
ENSG00000115233	3075	4684	3560	3326	3719	3025	2787	2454	2506	2775	2741	2775
ENSG00000115234	6136	9264	7654	7262	7762	7125	5911	5384	5044	5902	6013	5493
ENSG00000115239	1693	2971	1350	2087	2244	1925	2079	2602	1967	2436	2100	2021
ENSG00000115241	6163	9358	7165	5700	6332	5184	5617	4924	4455	5359	5175	4909
ENSG00000115255	592	1055	839	727	787	733	739	674	544	770	637	547
ENSG00000115257	407	718	644	479	520	527	545	604	421	618	532	435
ENSG00000115266	99	158	129	132	98	106	82	96	87	110	85	91
ENSG00000115267	292	438	358	302	295	274	264	295	233	307	271	245
ENSG00000115268	13767	25881	21303	19293	20333	18354	16266	15169	14176	17550	16425	14889
ENSG00000115271	1172	1909	1455	1181	1312	1123	1294	1388	1005	1433	1414	1188
ENSG00000115274	452	775	606	550	517	473	478	444	347	498	425	429
ENSG00000115275	2287	3800	2783	2301	2500	2179	2019	2025	1691	2203	1898	1846
ENSG00000115282	1384	2253	1759	1591	1789	1558	1428	1599	1312	1711	1532	1402
ENSG00000115286	2124	3543	3028	2757	2770	2575	2302	2152	1988	2390	2290	2020
ENSG00000115289	271	492	377	342	359	316	386	330	292	344	324	343
ENSG00000115295	28	30	35	17	15	13	12	17	17	19	16	19
ENSG00000115297	0	1	2	1	0	0	1	1	0	0	2	1
ENSG00000115306	371	692	555	722	729	671	388	447	370	453	443	320
ENSG00000115307	3681	5647	4127	3698	3814	3342	4198	3890	3610	4166	3727	3663
ENSG00000115310	4565	7969	5489	4406	4501	4039	4070	4175	3398	4541	4095	3705
ENSG00000115317	721	1112	995	705	697	634	572	572	502	631	606	615
ENSG00000115318	139	286	248	153	191	145	182	187	163	193	179	127
ENSG00000115325	1113	1951	1573	1159	1149	1124	1224	1228	1010	1346	1343	1089
ENSG00000115339	219	297	255	150	174	195	203	247	183	252	196	197
ENSG00000115350	607	925	719	608	642	538	521	536	426	544	535	519
ENSG00000115353	0	0	3	0	1	0	0	1	0	0	2	1
ENSG00000115355	8849	14457	9705	16111	17155	14784	10458	10345	9387	10886	9378	9665
ENSG00000115361	20	70	37	71	59	62	61	79	54	61	47	68
ENSG00000115364	3945	6175	4155	3981	4388	3747	3598	3292	3170	3725	3305	3431
ENSG00000115365	3647	5866	3938	4135	4353	3681	3646	3525	3160	3860	3449	3508
ENSG00000115368	2559	3711	2757	2550	2605	2295	2356	2190	2032	2340	2363	2159
ENSG00000115392	686	1065	789	632	723	586	632	637	608	768	707	610
ENSG00000115414	60	114	66	116	100	80	95	108	101	88	85	74
ENSG00000115415	4680	6833	4995	5157	5444	4478	4152	3798	3462	4291	3975	3823
ENSG00000115419	4949	7419	5699	5175	5794	4811	4301	4044	3741	4714	4489	3968
ENSG00000115421	1509	2243	1591	1593	1625	1453	1530	1441	1340	1559	1490	1410
ENSG00000115423	7	15	13	4	6	4	13	8	8	8	14	11
ENSG00000115425	183	329	250	229	242	209	202	260	177	223	191	151
ENSG00000115446	811	1294	1050	958	1027	869	757	717	636	803	740	715
ENSG00000115457	3496	5441	4590	2636	2572	2403	2288	2441	1909	2731	2429	2348
ENSG00000115459	352	566	457	414	421	392	467	444	320	432	340	400
ENSG00000115461	9	12	11	78	82	90	12	2	11	7	2	10
ENSG00000115464	12949	21121	13888	15291	15843	14443	13583	13797	11812	15258	13170	12554
ENSG00000115468	3	1	1	1	5	1	0	0	0	1	1	0
ENSG00000115474	4	10	5	5	12	2	2	4	14	4	7	6
ENSG00000115484	13716	20857	16166	13462	14235	12413	11485	10511	9943	11649	11980	10788
ENSG00000115486	839	1393	965	924	1067	882	708	751	639	817	705	693
ENSG00000115504	1748	2986	2110	1845	1921	1640	1788	1759	1588	1908	1819	1754
ENSG00000115507	4	2	6	1	8	0	4	0	0	3	0	2
ENSG00000115514	1411	2214	1654	1412	1587	1312	1272	1151	1055	1196	1245	1239
ENSG00000115520	1050	1746	1245	1242	1346	1131	989	877	860	936	930	955
ENSG00000115523	1	1	0	9	12	7	0	0	0	0	1	0
ENSG00000115524	22883	38842	29018	26748	29732	25409	24748	23377	20871	24814	24935	22067
ENSG00000115525	470	989	711	912	978	841	814	836	692	875	847	698
ENSG00000115526	827	1212	814	674	715	680	650	490	530	614	536	633
ENSG00000115539	628	1158	970	856	949	784	777	689	682	742	728	684
ENSG00000115540	2135	3394	2171	2199	2595	2050	1799	1706	1623	1753	1676	1647
ENSG00000115541	2483	3513	2471	2081	2185	1666	1855	1532	1552	1660	1761	1767
ENSG00000115548	5287	11210	8285	6728	7092	6678	7294	8296	6686	9132	8389	5151
ENSG00000115556	10	26	14	15	16	25	12	15	19	30	9	13
ENSG00000115561	3033	5171	3469	3622	3905	3510	3298	3280	3000	3426	3158	3099
ENSG00000115568	1194	1811	1414	1384	1345	1216	1202	1117	1011	1296	1015	1169
ENSG00000115593	4	1	0	0	0	4	2	1	0	1	0	0
ENSG00000115594	1	3	9	9	6	6	6	7	3	6	5	7
ENSG00000115596	181	327	186	181	208	218	176	205	163	197	238	150
ENSG00000115602	0	1	0	1	0	0	0	1	1	0	2	0
ENSG00000115604	0	0	0	0	0	2	0	0	0	1	0	0
ENSG00000115641	148	277	172	224	248	212	217	184	214	203	233	189
ENSG00000115648	9	17	25	11	4	3	8	12	15	10	8	4
ENSG00000115649	2244	3563	2734	2301	2643	2115	2251	2087	1813	2471	2054	1989
ENSG00000115652	1270	2008	1346	1046	1164	1013	1147	1074	969	1198	1023	1107
ENSG00000115657	144	214	166	140	165	145	150	171	163	223	155	133
ENSG00000115661	877	1655	1205	954	1017	926	949	986	762	986	960	881
ENSG00000115677	21016	34510	23885	22430	23485	21001	19822	18714	16839	21038	17928	18338
ENSG00000115685	2142	3571	2823	2007	2170	1886	2052	1882	1697	2259	2110	1997
ENSG00000115687	2781	4106	3166	2565	2599	2376	2629	2486	2284	2782	2398	2388
ENSG00000115694	3288	5212	4042	3397	3481	3169	3318	3096	2834	3591	3188	3109
ENSG00000115718	1	4	1	3	5	4	0	4	0	1	0	5
ENSG00000115738	1524	2952	2269	2186	2453	2316	1854	1676	1587	1906	1768	1392
ENSG00000115750	1517	2683	1767	1910	2143	1808	1430	1291	1263	1654	1512	1355
ENSG00000115756	3225	6665	5200	3667	3843	4089	4741	5202	4022	5701	4981	3789
ENSG00000115758	5203	8646	6552	5702	6503	5356	5427	4931	4655	5477	5109	4474
ENSG00000115760	19156	30247	20781	22326	23879	20277	20076	20193	18128	22123	19560	19305
ENSG00000115761	2883	4355	3087	2677	2786	2314	2710	2607	2407	2841	2805	2589
ENSG00000115762	8454	13129	9896	9729	10558	9462	8240	7904	7210	8609	8329	7298
ENSG00000115806	3037	4730	3466	3318	3597	2997	2626	2414	2108	2686	2437	2545
ENSG00000115808	4060	6284	4217	4028	4372	3802	3449	3614	3078	3927	3435	3447
ENSG00000115816	4010	6089	4536	3730	3928	3431	3498	3250	3254	3525	3590	3418
ENSG00000115825	1711	2648	1654	1802	1846	1697	1643	1638	1452	1694	1580	1538
ENSG00000115827	1665	2577	1591	1947	2092	1797	1728	1525	1482	1663	1475	1528
ENSG00000115839	1788	2779	2102	2272	2506	2170	1907	1801	1646	1943	1862	1673
ENSG00000115840	692	978	717	723	758	639	597	668	554	700	635	565
ENSG00000115841	86	141	103	118	176	125	112	128	116	138	102	127
ENSG00000115844	414	735	613	584	597	564	375	282	275	379	313	297
ENSG00000115850	25	31	11	16	14	17	17	15	13	34	17	17
ENSG00000115866	5480	10069	6952	6454	6886	6299	6062	6106	5222	6550	6409	5338
ENSG00000115875	8377	12903	9708	8309	9087	7750	8111	7365	7005	8007	7899	7124
ENSG00000115884	14	20	9	9	6	9	1	9	3	6	11	6
ENSG00000115896	9	11	8	5	1	5	2	6	6	10	4	6
ENSG00000115902	8408	14091	10170	11353	12711	11423	8673	7920	7486	8674	7607	7466
ENSG00000115904	2791	4400	2856	2851	2974	2680	2700	2811	2264	2917	2563	2575
ENSG00000115919	2816	4339	2610	4245	4337	3915	3732	3972	3417	4335	3660	3411
ENSG00000115935	4408	7540	5088	3982	4465	3704	4462	4532	3698	5336	4411	4405
ENSG00000115942	1691	2754	1982	1656	1846	1533	1767	1809	1489	1888	1920	1659
ENSG00000115944	2027	3596	2714	2820	2969	2596	2106	2140	1830	2237	2220	1909
ENSG00000115946	1081	1624	1071	1180	1262	1040	950	814	756	890	894	904
ENSG00000115947	3741	6258	1926	4655	4458	4291	4395	5125	4293	5519	4619	4231
ENSG00000115956	7390	13553	9969	5672	5982	5380	8032	8285	6754	8811	7873	7106
ENSG00000115966	4012	7085	4677	4052	4513	3996	3857	4166	3368	4618	4076	3570
ENSG00000115970	4757	7166	5102	5073	5369	4724	4857	4774	4400	5235	4652	4707
ENSG00000115977	7048	10852	7780	6447	6405	5753	6727	7241	5908	7853	7069	6658
ENSG00000115993	1827	2932	2010	1173	1212	1099	1131	1207	943	1324	1143	1276
ENSG00000115998	438	738	496	475	540	456	417	432	429	525	417	429
ENSG00000116001	5074	8391	5882	6530	7163	6255	5223	5625	4693	5746	5317	5030
ENSG00000116005	3778	6686	4699	3943	4300	4058	3715	3979	3381	4262	4009	3845
ENSG00000116014	2	1	1	5	7	2	4	6	7	2	14	4
ENSG00000116016	75	131	100	56	76	82	69	87	57	99	80	70
ENSG00000116017	6874	11646	9189	6812	7294	6821	7149	7273	6063	8196	6887	6614
ENSG00000116030	3134	5386	3583	3094	3507	2955	3030	2747	2576	3033	2610	2836
ENSG00000116032	18	24	19	20	22	15	20	20	12	14	20	16
ENSG00000116035	2	0	0	0	1	0	0	1	3	2	1	1
ENSG00000116039	0	2	4	4	0	4	3	3	4	1	0	1
ENSG00000116044	4421	7772	5474	5475	5832	4947	4772	4658	3984	5042	4561	4395
ENSG00000116062	6288	9710	7514	5848	6215	5344	5538	5334	4675	5682	5764	5292
ENSG00000116095	2804	4314	2861	2839	3147	2654	2542	2667	2262	2817	2503	2454
ENSG00000116096	469	760	481	317	380	301	279	232	232	294	312	268
ENSG00000116117	0	5	0	0	0	0	0	0	0	2	0	0
ENSG00000116120	3806	5670	4020	3692	3984	3266	3563	3306	3155	3577	3353	3260
ENSG00000116127	4683	7696	4850	5485	5806	4968	5132	4967	4605	5573	4445	4748
ENSG00000116128	397	609	416	558	575	525	454	368	400	474	371	390
ENSG00000116133	21586	34413	23260	13555	14342	13286	16121	16376	13256	19424	16359	16603
ENSG00000116138	1508	2417	1683	1701	1919	1616	1758	1651	1546	1849	1605	1569
ENSG00000116147	6	15	5	3	4	8	12	20	11	19	18	12
ENSG00000116151	435	742	485	451	428	374	460	447	378	514	464	444
ENSG00000116157	35	57	69	57	82	60	66	62	64	57	43	54
ENSG00000116161	3976	6016	4600	3614	4096	3359	3349	2966	2756	3300	3249	3285
ENSG00000116171	2618	4543	3100	3269	3556	3061	2891	2692	2424	3064	2722	2598
ENSG00000116183	14	28	30	24	27	11	11	11	4	22	15	5
ENSG00000116191	7	20	4	10	9	2	8	8	8	5	4	8
ENSG00000116198	1507	2565	1861	1753	1866	1762	1824	1753	1565	1864	1693	1617
ENSG00000116199	5241	8361	5997	4896	5434	4725	5076	5007	4405	5403	5037	4835
ENSG00000116205	1428	2203	1656	1544	1560	1336	1548	1591	1339	1790	1524	1375
ENSG00000116209	4292	7482	5711	5084	5364	5096	4588	4983	3895	5149	5104	4096
ENSG00000116212	643	1184	838	563	715	609	598	619	524	708	648	562
ENSG00000116213	1045	1598	1279	1045	1156	968	1038	977	868	1019	956	947
ENSG00000116221	3266	5358	4375	3423	3569	3086	3260	3008	2571	3273	3300	2986
ENSG00000116237	4183	5956	4154	4407	4809	3872	3224	2757	2874	3215	2598	3274
ENSG00000116251	10889	17957	12887	13259	14236	13167	12338	11631	10412	12319	12010	10428
ENSG00000116254	5	16	5	11	7	9	6	7	9	6	6	2
ENSG00000116260	3884	6522	5293	3981	4533	3990	4392	4625	3938	5390	5005	3940
ENSG00000116266	2177	3640	2561	2838	3162	2742	2324	2329	2071	2529	2338	2266
ENSG00000116273	1294	2208	1766	1209	1284	1263	1379	1389	1061	1585	1464	1327
ENSG00000116285	86	138	79	98	128	107	67	81	52	90	57	89
ENSG00000116288	4734	7170	5361	4980	5390	4384	4704	4223	3898	4575	4161	4207
ENSG00000116299	136	239	153	230	230	196	251	233	219	231	250	205
ENSG00000116329	27	88	62	60	51	58	56	73	62	73	75	73
ENSG00000116337	2356	3924	2995	2472	2541	2378	2558	2775	2355	3176	2760	2346
ENSG00000116350	3830	6225	4243	4532	4531	3931	4006	4084	3620	4358	3911	3733
ENSG00000116353	718	1087	835	668	752	632	691	595	600	701	640	561
ENSG00000116396	705	1049	771	638	673	534	715	836	609	865	763	630
ENSG00000116406	8859	13413	9278	7247	7928	6421	7306	7248	6077	8085	7434	7644
ENSG00000116455	1728	2352	1944	1689	1911	1458	1243	1114	1068	1215	1296	1260
ENSG00000116459	7523	12616	9476	7893	8562	7425	7220	6856	6139	7330	7763	6784
ENSG00000116473	2786	4906	3358	2971	3166	2824	2685	2681	2374	2804	2866	2578
ENSG00000116478	7016	11366	8620	7430	7888	7152	6715	6472	5712	7047	6717	6237
ENSG00000116489	17924	28908	20077	18951	20543	17979	17136	16744	14933	18315	16489	16086
ENSG00000116497	2611	4115	2904	2864	2840	2616	2852	2936	2530	3358	2841	2625
ENSG00000116514	1305	2434	1980	1553	1707	1631	1230	1329	1041	1403	1307	999
ENSG00000116521	446	690	344	622	582	577	663	350	335	524	437	555
ENSG00000116525	347	629	464	453	462	432	390	374	283	420	405	338
ENSG00000116539	5195	8855	5953	6402	6567	6047	6464	6540	5643	7335	6122	5940
ENSG00000116544	25	44	31	17	10	12	34	24	35	27	32	23
ENSG00000116560	19135	30425	21574	20485	21457	18712	18051	17311	15217	18770	16991	16501
ENSG00000116574	1254	2047	1430	1784	2038	1734	1349	1305	1171	1458	1359	1326
ENSG00000116580	3307	5158	4008	4031	4265	3879	3641	3581	3222	3779	3417	3333
ENSG00000116584	8008	13920	10465	10123	10876	9919	8189	7779	6841	8798	7552	7323
ENSG00000116586	1272	1985	1700	1433	1674	1348	1261	1067	997	1185	1144	1076
ENSG00000116604	17717	29605	21960	20960	21590	19569	18690	17170	15269	19038	17297	16359
ENSG00000116641	1855	3104	2117	2080	2173	1941	1868	2083	1640	2185	2034	1806
ENSG00000116649	3210	4887	3920	3679	3799	3114	3056	2296	2410	2644	2536	2634
ENSG00000116661	3	14	8	4	3	4	1	9	13	14	14	12
ENSG00000116663	382	584	520	379	372	341	359	351	347	383	316	335
ENSG00000116667	29	48	36	27	43	23	43	42	20	50	29	29
ENSG00000116668	218	436	321	243	260	198	271	250	207	309	219	213
ENSG00000116670	2168	3345	2553	1692	1924	1610	1845	1758	1615	1948	1800	1838
ENSG00000116675	6	6	12	11	7	5	7	6	9	5	7	2
ENSG00000116678	154	272	197	225	214	168	156	171	132	161	148	125
ENSG00000116679	4848	7475	5433	5273	5711	4924	4409	4354	3753	4661	4520	4087
ENSG00000116685	2830	4614	3715	3204	3114	2949	2789	2790	2509	3307	2961	2318
ENSG00000116688	3997	5873	4371	4389	4624	3903	3637	3233	3077	3833	3411	3322
ENSG00000116690	0	2	1	5	0	1	1	0	0	1	2	0
ENSG00000116691	1185	1826	1469	1691	1659	1341	1065	1035	956	1186	1070	1114
ENSG00000116698	4894	7674	5111	4677	4787	4126	4333	4214	3880	4754	3934	4236
ENSG00000116701	1141	2390	1762	905	955	878	1730	1828	1325	1988	1825	1409
ENSG00000116704	1218	1875	1323	1293	1327	1183	1233	1197	1126	1272	1166	1153
ENSG00000116711	1052	1652	1184	782	784	706	907	1081	861	1223	1122	947
ENSG00000116717	299	543	412	232	223	241	227	263	194	214	242	202
ENSG00000116731	2961	4752	3055	3667	3734	3261	3134	3021	2743	3296	2709	2800
ENSG00000116741	34	111	47	62	62	54	44	23	27	27	43	18
ENSG00000116747	7570	11980	8235	7018	7589	6588	6986	6893	6019	7313	7028	6719
ENSG00000116750	4018	6179	4046	3305	3767	3098	3226	3076	2847	3384	3057	3095
ENSG00000116752	862	1584	1112	928	989	862	900	872	792	921	931	937
ENSG00000116754	8504	13398	9655	9264	9386	8326	8591	9020	7679	9197	8516	7635
ENSG00000116761	255	422	348	255	257	225	180	192	120	172	166	192
ENSG00000116771	361	502	311	427	484	357	326	307	337	275	302	267
ENSG00000116774	19	14	13	20	15	9	16	4	16	15	5	19
ENSG00000116783	2	2	10	1	3	0	2	3	0	0	1	3
ENSG00000116786	3182	5002	4037	3857	4007	3577	3017	2776	2498	3170	3039	2565
ENSG00000116791	455	650	522	322	341	294	314	335	300	343	359	357
ENSG00000116793	788	1360	969	1003	990	893	714	757	696	757	727	757
ENSG00000116809	825	1499	1135	1061	1077	968	860	895	787	964	849	701
ENSG00000116815	353	637	408	532	509	540	434	415	344	456	394	407
ENSG00000116819	67	126	83	53	32	50	36	36	30	44	52	51
ENSG00000116830	4585	6723	4646	4628	4785	3997	3884	3748	3582	4243	3687	4226
ENSG00000116833	29	107	57	29	37	22	43	64	39	61	46	35
ENSG00000116852	4179	6700	5370	4485	4629	4271	4653	4343	3852	4893	4126	4223
ENSG00000116857	696	1314	1090	877	925	857	845	800	709	883	783	705
ENSG00000116863	836	1321	1069	912	930	899	752	814	631	942	898	673
ENSG00000116871	3627	6204	4819	4803	5096	4765	3816	3449	3131	3797	3521	3539
ENSG00000116874	699	1070	731	728	774	676	627	642	519	763	650	602
ENSG00000116885	7	7	5	6	15	10	7	12	6	2	10	23
ENSG00000116898	1102	1747	1246	1145	1241	1056	975	983	869	1063	898	1002
ENSG00000116903	1572	2494	1917	1720	1832	1627	1536	1643	1340	1665	1586	1532
ENSG00000116906	3213	5047	3857	2899	3118	2795	2944	2874	2681	3294	3201	2967
ENSG00000116918	3019	5286	3503	3801	4273	3778	3233	3056	2728	3426	3250	2843
ENSG00000116922	694	1071	721	717	841	704	632	580	569	658	582	732
ENSG00000116954	1157	1999	1492	1213	1237	1106	1173	1264	1007	1343	1266	1227
ENSG00000116962	16	58	49	10	18	19	39	41	21	68	41	34
ENSG00000116977	2802	5586	3494	3535	3721	3416	3504	3730	3016	4143	3391	2811
ENSG00000116983	3	3	5	5	7	7	1	4	0	2	4	1
ENSG00000116984	5784	8599	6467	5788	6131	5315	5150	5068	4755	5691	5055	4878
ENSG00000116985	972	1482	1050	914	956	997	771	736	598	926	843	692
ENSG00000116990	180	335	228	436	418	341	205	193	160	205	182	166
ENSG00000116991	847	1298	882	925	957	697	687	576	594	674	572	690
ENSG00000117000	3207	5735	3907	3430	3652	3282	3711	4191	3228	4347	3976	2770
ENSG00000117009	163	242	161	254	272	264	136	178	129	162	155	123
ENSG00000117010	178	260	135	144	163	151	145	144	136	166	157	173
ENSG00000117013	19	20	16	31	27	19	12	9	18	15	9	9
ENSG00000117016	199	311	222	305	322	352	214	180	141	180	171	140
ENSG00000117020	1391	2597	652	1941	1731	1537	1627	2167	1521	2262	1492	2017
ENSG00000117036	1725	2772	1950	1847	1927	1902	1791	1760	1477	1932	1634	1751
ENSG00000117054	2309	3893	2520	1709	1938	1718	1955	2063	1645	2479	2229	1863
ENSG00000117090	18	34	25	29	24	23	27	30	19	25	27	19
ENSG00000117091	13	14	8	12	15	7	10	10	12	14	11	10
ENSG00000117114	40	44	34	129	168	117	54	44	37	63	44	61
ENSG00000117115	63	75	55	27	29	32	112	105	85	122	96	66
ENSG00000117118	1851	3051	2543	1896	1964	1778	1740	1637	1491	1898	1815	1720
ENSG00000117122	4	5	3	2	0	1	0	1	1	0	0	1
ENSG00000117133	1127	1744	1160	1207	1258	1022	1067	910	930	1033	937	1030
ENSG00000117139	7908	13998	9884	10114	10473	9787	9354	9839	8365	10594	9701	7940
ENSG00000117143	1733	2770	2019	1285	1398	1256	1383	1441	1226	1596	1542	1383
ENSG00000117148	12	11	15	11	21	13	19	18	26	17	18	4
ENSG00000117151	1828	3351	2352	2182	2360	2196	2273	2688	2055	2750	2736	2016
ENSG00000117153	1639	2700	2021	1793	1869	1691	1852	1753	1463	1985	1857	1571
ENSG00000117155	779	1222	839	782	832	718	809	795	648	852	753	742
ENSG00000117174	1908	2997	2107	1961	2077	1675	1737	1793	1551	1920	1755	1853
ENSG00000117215	9	15	19	8	18	13	19	9	16	25	12	16
ENSG00000117222	2428	3694	2635	2733	2960	2501	2519	2351	2139	2505	2239	2271
ENSG00000117226	108	181	125	172	173	177	116	157	139	163	139	125
ENSG00000117228	1	2	0	19	22	16	0	2	1	4	5	1
ENSG00000117245	316	496	346	405	357	333	562	477	465	580	510	484
ENSG00000117262	730	1285	815	804	797	824	792	729	640	799	733	638
ENSG00000117266	591	1022	778	951	910	900	933	907	821	1033	803	746
ENSG00000117280	1386	2188	1714	914	1038	897	1170	1239	1031	1377	1339	1160
ENSG00000117281	2	4	3	4	6	3	6	9	1	6	1	2
ENSG00000117298	629	1064	758	648	778	617	586	523	460	640	539	532
ENSG00000117305	933	1782	1414	1354	1373	1297	1007	1083	862	1330	1226	880
ENSG00000117308	539	765	585	518	515	493	438	420	419	515	474	389
ENSG00000117318	16	30	32	68	75	111	36	14	38	27	29	22
ENSG00000117335	6048	10867	7444	6424	6550	6322	6988	7647	6007	8019	7516	6188
ENSG00000117360	2027	3129	2225	2009	2126	1853	2618	2399	2277	2543	2144	2240
ENSG00000117362	3605	6304	4696	4373	4639	4242	3708	3440	3201	4121	3681	3413
ENSG00000117385	2139	3494	2778	2602	2660	2255	2295	2118	1970	2420	2424	2071
ENSG00000117394	5257	10255	7327	5971	6318	5659	6515	6783	5582	7765	6490	4750
ENSG00000117395	1765	2684	2212	1673	1863	1561	1432	1300	1183	1349	1506	1450
ENSG00000117399	3578	5106	3898	3784	4553	3448	2835	2449	2486	2828	2522	2742
ENSG00000117400	7	7	2	0	9	6	7	0	4	5	0	4
ENSG00000117407	119	245	198	272	326	293	240	181	195	192	153	184
ENSG00000117408	1255	1749	1533	1380	1513	1240	1013	912	762	1040	831	918
ENSG00000117410	3652	5940	4560	4403	4905	4037	3413	3190	2941	3364	3086	3107
ENSG00000117411	1460	2294	1717	1237	1357	1124	1199	1024	923	1210	1075	977
ENSG00000117419	1523	2284	1752	1271	1523	1215	1444	1345	1314	1457	1456	1386
ENSG00000117425	14	18	27	27	27	34	27	19	22	24	19	23
ENSG00000117448	2305	3686	3019	3613	3856	3569	2237	2221	1911	2578	2299	2158
ENSG00000117450	8116	12320	9420	18485	20198	17168	8522	7209	7100	8050	7960	7490
ENSG00000117461	782	1102	870	1189	1381	868	800	768	731	760	686	824
ENSG00000117475	712	1255	941	666	730	705	731	788	660	890	818	718
ENSG00000117479	243	437	248	273	279	226	239	214	221	261	279	248
ENSG00000117480	267	471	368	259	327	257	288	283	234	322	279	268
ENSG00000117481	2179	3475	2507	2328	2273	1986	1964	2092	1846	2303	2014	1995
ENSG00000117500	5264	8515	5558	5938	6518	5599	4492	4455	3714	4640	4566	4190
ENSG00000117505	9356	14801	10389	9265	10096	8929	8507	8404	7452	9173	8438	8058
ENSG00000117519	1	0	1	1	2	1	0	1	0	0	0	0
ENSG00000117523	18760	29522	18772	22770	22554	19365	19362	17907	16465	19963	15913	17726
ENSG00000117525	1713	3560	2371	1023	1062	993	1838	2282	1478	2419	1977	1565
ENSG00000117528	2413	3603	2782	2690	2895	2424	1992	1970	1797	2144	2149	2073
ENSG00000117533	647	1267	777	960	1067	871	688	689	587	771	686	615
ENSG00000117543	419	690	555	465	647	522	387	345	361	399	412	355
ENSG00000117569	1273	2045	1144	1475	1471	1300	1436	1556	1342	1638	1343	1383
ENSG00000117586	39	81	64	84	115	71	81	84	59	71	67	65
ENSG00000117592	3658	5669	4264	3670	3930	3382	3577	3175	2813	3476	3451	3099
ENSG00000117593	4712	6947	4831	3832	4217	3656	3549	3325	3059	3780	3360	3499
ENSG00000117594	17	42	38	2	0	3	5	18	8	16	17	19
ENSG00000117595	2	24	7	8	7	7	11	17	4	15	11	9
ENSG00000117597	1332	2037	1280	1363	1344	1147	1277	1239	1186	1355	1320	1252
ENSG00000117601	1	1	4	2	0	0	0	2	4	1	0	0
ENSG00000117602	427	770	554	440	541	474	518	497	381	513	490	472
ENSG00000117614	528	955	683	728	690	670	651	632	593	593	655	545
ENSG00000117616	1990	3607	2841	3121	3184	3026	2896	3246	2592	3284	3022	2484
ENSG00000117620	2144	3469	2331	2553	2701	2291	2474	2474	2187	2767	2414	2248
ENSG00000117625	1993	3377	2208	2333	2311	2111	2344	2687	2144	2893	2357	1996
ENSG00000117632	14941	24014	17218	15631	16735	14235	14214	13414	11520	13865	13429	13081
ENSG00000117640	1452	2595	1898	1552	1701	1508	1625	1752	1504	1919	1711	1486
ENSG00000117643	242	483	269	333	335	244	387	395	330	314	342	290
ENSG00000117650	1034	1724	1271	1124	1226	975	890	1011	846	1001	973	907
ENSG00000117676	13036	21422	16527	12021	12910	11514	11697	11497	10398	13679	12145	11259
ENSG00000117682	1088	1740	1276	1023	1106	1046	1025	944	862	1036	892	962
ENSG00000117691	569	910	789	703	788	643	616	601	533	695	682	558
ENSG00000117697	1591	2390	1822	1586	1672	1487	1583	1731	1448	1805	1643	1577
ENSG00000117707	20	24	15	38	30	24	24	35	16	25	25	28
ENSG00000117713	14218	23386	16102	18858	19648	17251	16397	15152	13657	17272	13637	14724
ENSG00000117724	12640	19002	13204	13888	14728	12440	12314	10623	10497	11763	11151	11805
ENSG00000117748	3019	4836	3510	3076	3354	2840	3217	2979	2669	3289	3123	2848
ENSG00000117751	2538	3898	2644	2654	2915	2312	2393	2133	2015	2306	1818	2181
ENSG00000117758	1730	2912	2188	2554	2780	2539	1986	2012	1698	2180	2147	1763
ENSG00000117859	1337	2429	1553	1514	1503	1478	1844	1688	1539	2042	1740	1514
ENSG00000117862	2544	4000	3025	2494	2656	2099	2120	2018	1756	2344	2050	1945
ENSG00000117868	25642	43639	30872	28013	30046	27677	25851	25421	22044	28051	25709	23292
ENSG00000117877	1103	1737	1209	1112	1207	895	1115	1050	892	1110	988	1085
ENSG00000117899	1472	2261	1837	1539	1576	1471	1432	1460	1187	1495	1472	1343
ENSG00000117906	1579	2560	1914	1835	2005	1748	1712	1699	1527	1704	1742	1671
ENSG00000117971	6	0	3	6	0	10	4	2	4	4	4	7
ENSG00000117983	3	18	6	2	3	3	5	8	13	12	2	6
ENSG00000117984	5101	9085	7349	6645	6834	6258	6139	6468	5139	7160	6368	5180
ENSG00000118004	0	0	0	1	0	0	0	0	0	0	2	0
ENSG00000118007	2530	4161	2995	3043	3295	2804	2619	2500	2200	2747	2608	2392
ENSG00000118046	5291	8160	7265	5753	5981	5304	5099	4826	4584	5513	5251	4661
ENSG00000118058	13554	22898	14571	15231	15869	14372	16455	16901	14400	18870	15415	14325
ENSG00000118094	11	13	9	4	5	3	4	7	5	2	7	2
ENSG00000118096	272	575	390	281	313	261	261	251	253	302	256	274
ENSG00000118137	12	22	15	15	5	8	16	16	7	22	11	12
ENSG00000118156	15	8	13	25	15	13	15	8	10	7	17	13
ENSG00000118160	6	20	25	10	9	7	11	10	5	13	6	4
ENSG00000118162	352	529	459	374	444	350	322	318	295	337	353	295
ENSG00000118181	10677	19247	15010	12202	13304	12314	11614	11230	9267	11757	11598	9633
ENSG00000118193	3568	5271	3814	3470	3546	3103	2918	2754	2557	2947	2793	2997
ENSG00000118194	4	3	5	5	3	3	6	5	5	4	9	8
ENSG00000118197	663	1178	833	928	907	800	785	746	683	810	733	644
ENSG00000118200	118	228	137	810	810	665	172	189	154	187	184	158
ENSG00000118217	3706	5566	3924	3967	4314	3710	3481	3276	2949	3602	3270	3142
ENSG00000118242	163	271	204	200	212	171	227	229	248	237	265	233
ENSG00000118246	2600	3848	2939	2702	3099	2573	2648	2451	2239	2642	2520	2419
ENSG00000118257	34	60	32	54	72	59	63	54	55	79	67	36
ENSG00000118260	4955	7943	5177	5771	6170	5468	4862	4696	4334	5131	4563	4436
ENSG00000118263	957	1887	1236	1259	1334	1227	1117	1360	974	1455	1259	1091
ENSG00000118276	279	446	319	262	308	260	273	229	224	286	256	223
ENSG00000118292	171	346	289	336	332	306	225	231	180	210	217	185
ENSG00000118298	100	188	108	150	180	154	161	203	174	181	167	170
ENSG00000118307	1	6	6	0	2	0	0	0	2	0	4	2
ENSG00000118308	3152	5331	3695	3871	4276	3533	2832	2617	2321	2854	2545	2750
ENSG00000118322	89	184	62	138	150	117	124	186	142	174	129	153
ENSG00000118363	3501	6040	4201	3606	3744	3383	3022	3096	2619	3418	3290	2917
ENSG00000118369	428	909	659	571	674	573	412	462	385	532	439	398
ENSG00000118407	0	7	4	0	6	2	1	4	3	1	2	2
ENSG00000118412	4609	7174	4541	4121	4391	3734	4351	4364	3732	4810	4281	4178
ENSG00000118418	506	807	610	641	672	643	580	480	483	514	558	431
ENSG00000118420	244	368	280	261	260	209	259	263	220	271	216	232
ENSG00000118454	1359	2236	1552	1972	2351	1924	1404	1248	1191	1505	1378	1291
ENSG00000118473	0	1	2	0	0	0	0	1	3	4	2	2
ENSG00000118482	4931	8107	5536	4861	5014	4456	4949	5283	4293	5585	5198	4725
ENSG00000118491	0	1	0	0	0	0	0	0	0	0	1	0
ENSG00000118492	11	26	13	17	13	18	19	26	23	21	33	18
ENSG00000118495	628	1058	730	475	534	564	708	875	676	853	793	687
ENSG00000118496	1331	2145	1558	1441	1450	1376	1196	1232	1034	1366	1298	1246
ENSG00000118503	2144	3957	2773	2859	2828	2662	2412	2480	2126	2720	2371	2221
ENSG00000118507	328	507	377	418	458	383	407	443	333	470	394	422
ENSG00000118508	578	993	739	494	542	495	643	598	480	656	671	579
ENSG00000118513	25894	42652	29552	25361	26466	23754	24075	24165	20643	26706	23480	22973
ENSG00000118514	23	34	29	31	40	26	38	33	48	44	27	29
ENSG00000118515	62	102	85	108	115	111	64	69	45	75	72	49
ENSG00000118518	751	1327	1001	880	1067	892	756	857	733	997	807	797
ENSG00000118523	0	4	11	32	32	22	8	8	1	5	1	5
ENSG00000118557	124	259	151	153	140	110	123	190	134	163	132	158
ENSG00000118564	2435	3982	2861	2521	2748	2336	2384	2639	2036	2669	2516	2475
ENSG00000118579	3924	6333	4726	4841	5091	4453	4063	4203	3619	4458	3998	3886
ENSG00000118596	98	189	92	145	116	127	148	159	144	168	137	129
ENSG00000118600	400	645	450	543	566	449	450	419	371	439	402	364
ENSG00000118620	1754	2935	1841	2261	2139	1957	2058	2099	1807	2176	1828	1722
ENSG00000118640	2939	4984	4000	3294	3346	2984	3229	2839	2665	3098	2901	3016
ENSG00000118655	801	1222	832	745	794	645	759	742	551	699	687	644
ENSG00000118680	4330	7430	5656	5092	5711	4847	4567	4259	3868	4876	4799	4291
ENSG00000118689	2194	3988	2824	1793	1764	1767	2068	2347	1655	2600	2254	1842
ENSG00000118690	32	51	44	18	25	19	41	33	32	50	33	35
ENSG00000118702	0	1	0	0	1	3	2	0	0	0	0	3
ENSG00000118705	10035	15758	11593	11314	11942	10630	8055	7835	6956	8754	8148	7707
ENSG00000118707	3105	5053	3715	3329	3589	3214	3271	3098	2762	3620	3145	3045
ENSG00000118762	2312	4221	2981	2267	2489	2262	2826	3096	2444	3253	2973	2544
ENSG00000118777	0	6	0	0	6	2	0	0	0	0	1	3
ENSG00000118785	29	159	127	139	164	158	173	219	140	264	184	65
ENSG00000118804	89	219	161	100	131	92	138	142	53	102	141	158
ENSG00000118816	22417	39322	29426	25183	27335	25448	23101	24105	20583	27527	26108	21637
ENSG00000118849	5	4	7	5	3	6	6	9	5	8	4	3
ENSG00000118855	8279	13314	9419	8892	9471	8287	8044	7940	6748	8582	8301	7631
ENSG00000118873	4552	7341	5331	4347	4868	4140	4386	4396	3794	4995	4419	4032
ENSG00000118894	615	907	687	642	638	503	440	365	424	463	389	400
ENSG00000118898	7	3	4	2	5	6	2	8	4	4	1	4
ENSG00000118900	4157	6681	4866	4765	5116	4353	4277	3834	3684	4326	3774	4001
ENSG00000118922	339	688	404	423	415	392	463	495	429	483	370	373
ENSG00000118939	838	1425	1009	1069	1033	981	836	742	669	798	755	759
ENSG00000118960	493	930	783	634	613	577	599	721	506	746	624	507
ENSG00000118961	2207	3536	2280	2187	2297	2083	2014	1820	1684	1983	1947	1904
ENSG00000118965	1122	1927	1276	1047	1185	1038	1113	1138	1040	1333	1174	1138
ENSG00000118971	6876	11209	8049	6491	6970	6524	7632	7546	6538	8506	7286	6948
ENSG00000118985	574	1091	746	738	800	736	620	694	476	730	616	542
ENSG00000118997	21	29	17	22	13	13	20	21	21	23	17	26
ENSG00000119004	2795	4689	3525	3922	4236	3733	3379	3174	2908	3545	3238	3250
ENSG00000119013	1044	1609	1380	974	1166	995	935	870	748	916	902	821
ENSG00000119041	2588	4089	2942	2670	2931	2340	2256	2177	2077	2524	2085	2216
ENSG00000119042	2093	3377	2292	1978	2040	1766	1847	1817	1641	1937	1686	1647
ENSG00000119048	1823	3150	2257	1976	2049	1951	1744	1682	1426	1854	1728	1424
ENSG00000119121	103	155	145	140	125	128	173	156	153	147	173	124
ENSG00000119125	10	20	7	17	17	12	18	17	11	19	19	25
ENSG00000119138	1140	1986	1480	1165	1202	1116	797	839	635	896	854	805
ENSG00000119139	701	1073	803	678	718	682	715	755	623	814	699	651
ENSG00000119185	1028	1545	1266	1025	1048	892	920	924	736	978	918	907
ENSG00000119203	4302	6805	4913	4337	4830	4117	3872	3648	3471	3838	3719	3837
ENSG00000119227	43	119	81	76	89	79	55	64	68	94	67	49
ENSG00000119231	4119	6589	4554	4477	4691	4082	3938	3898	3625	4179	3870	3760
ENSG00000119242	57	146	134	182	130	138	159	190	138	150	114	120
ENSG00000119280	528	894	629	513	579	455	447	404	409	511	442	456
ENSG00000119285	8486	13003	8749	8367	9024	7563	7770	7108	6758	8008	7307	7404
ENSG00000119314	44220	71665	45321	47358	50690	44650	38688	38842	33345	43915	37198	37201
ENSG00000119318	6514	10552	7360	6183	6680	5765	5592	5308	4714	5820	4840	5094
ENSG00000119321	2314	3982	2635	4528	4828	4135	2886	2826	2461	3112	2737	2530
ENSG00000119326	493	740	554	568	597	509	402	427	347	464	500	385
ENSG00000119328	714	1137	774	616	710	640	662	687	540	806	572	604
ENSG00000119333	1218	1757	1401	1041	1112	958	938	821	787	938	905	799
ENSG00000119335	30021	46416	35091	29729	32520	27953	26696	23701	22538	26093	25119	24801
ENSG00000119383	4419	6940	5560	5659	6281	5463	4259	3972	3657	4665	4075	3913
ENSG00000119392	3948	6297	4531	4212	4566	3792	3856	3623	3309	4060	3614	3446
ENSG00000119396	7303	12386	9250	10256	11244	9757	7495	6999	6440	7913	7797	6863
ENSG00000119397	9196	14755	10664	11318	11786	10375	11104	10907	10136	11636	10964	10346
ENSG00000119402	5778	8675	6140	6706	6922	6072	5211	5137	4608	5715	4916	4830
ENSG00000119403	3842	6357	4896	4130	4175	3818	3991	4082	3406	4609	4132	3571
ENSG00000119408	4964	8690	6374	6121	6481	5967	5551	5788	4683	6235	5708	5134
ENSG00000119411	40	55	68	28	43	42	53	57	44	56	56	41
ENSG00000119414	4100	6527	4357	4679	5012	4268	4025	3615	3247	3869	3700	3584
ENSG00000119421	1095	1750	1399	1130	1263	1029	1140	1104	995	1278	1204	1055
ENSG00000119431	68	90	80	84	94	86	72	51	43	82	52	66
ENSG00000119446	1453	2344	1845	1733	1768	1520	1508	1403	1317	1559	1445	1422
ENSG00000119457	2	5	2	7	6	5	10	6	0	0	3	1
ENSG00000119471	1839	3238	2479	2343	2535	2311	2116	2038	1771	2132	2218	1916
ENSG00000119487	2382	3667	2648	2577	2907	2437	2126	1879	1866	2076	1832	2039
ENSG00000119508	11	13	14	16	16	12	9	15	16	9	17	8
ENSG00000119509	1282	2132	1365	1387	1477	1300	1200	1326	1022	1341	1109	1055
ENSG00000119514	11	9	18	7	11	19	6	8	11	6	8	3
ENSG00000119522	2036	3351	2251	2266	2406	2068	2235	2279	1946	2484	2089	2022
ENSG00000119523	1131	1844	1416	1210	1187	1099	1007	1076	875	1205	1134	1034
ENSG00000119535	2164	3684	2622	1565	1508	1537	2316	2756	2024	3160	2528	2176
ENSG00000119537	1618	2634	1774	1668	1717	1617	1451	1457	1245	1680	1441	1456
ENSG00000119541	3350	5686	4114	3950	4323	3983	3704	3589	3217	3764	3470	3400
ENSG00000119547	7272	10970	6734	14577	15377	13210	9313	7730	8352	8455	6499	8072
ENSG00000119559	1611	2657	2241	1786	1908	1720	1733	1829	1519	1935	1745	1582
ENSG00000119574	630	1095	945	817	787	717	742	695	568	740	658	621
ENSG00000119596	5564	8884	5936	6049	6263	5444	5633	5273	4826	5931	5138	5305
ENSG00000119599	573	845	607	679	751	612	547	487	435	546	463	524
ENSG00000119608	8	19	12	5	7	4	11	17	10	13	9	7
ENSG00000119616	2694	4430	3660	2688	3058	2531	2992	2767	2689	2964	2917	2723
ENSG00000119630	220	317	257	288	344	292	323	361	337	360	344	332
ENSG00000119632	230	377	347	252	316	244	245	233	198	260	180	186
ENSG00000119636	21	46	20	29	18	21	29	33	17	23	19	14
ENSG00000119638	8689	13269	9548	10022	10416	9465	9306	8991	8028	9881	8695	8578
ENSG00000119640	144	195	129	120	136	100	134	141	102	131	111	105
ENSG00000119650	94	200	173	127	158	139	117	132	99	134	131	111
ENSG00000119655	1063	2124	1649	1237	1296	1241	1168	1271	924	1584	1460	1080
ENSG00000119661	559	1055	742	639	722	704	685	671	606	719	624	645
ENSG00000119669	879	1636	1271	1704	1800	1789	876	773	676	939	811	713
ENSG00000119673	534	811	684	520	632	498	501	461	431	503	476	415
ENSG00000119681	3	2	1	2	0	4	2	6	3	1	2	3
ENSG00000119682	2695	3949	2832	2889	3047	2770	2694	2452	2304	2840	2508	2428
ENSG00000119684	1756	2443	1789	1769	1846	1533	1651	1555	1633	1730	1738	1515
ENSG00000119685	2081	3320	2028	1898	1892	1522	1970	1968	1687	2154	1701	1892
ENSG00000119686	328	496	423	196	208	246	312	365	260	389	335	310
ENSG00000119688	1162	1944	1441	1427	1475	1371	1457	1358	1137	1547	1365	1135
ENSG00000119689	4277	7067	4933	4412	4832	4244	4343	4142	3748	4803	4190	3952
ENSG00000119698	0	2	1	0	0	3	2	1	3	0	0	0
ENSG00000119699	53	56	44	36	44	47	41	38	27	43	40	33
ENSG00000119703	16	18	14	23	10	15	20	9	6	9	19	20
ENSG00000119705	767	1149	836	742	767	630	756	689	619	666	640	619
ENSG00000119707	7246	11367	8258	8224	8914	7472	6708	6808	5942	6962	6681	6261
ENSG00000119711	3287	5995	4181	5348	5693	5197	4798	5066	4289	5435	4736	4312
ENSG00000119714	37	93	70	296	328	301	63	78	72	68	47	53
ENSG00000119715	30	48	41	19	36	31	13	15	15	22	12	15
ENSG00000119718	705	1066	779	741	737	634	691	639	519	699	647	616
ENSG00000119720	1768	2657	1965	2113	2247	1975	1884	1889	1690	1921	1792	1659
ENSG00000119723	849	1343	1012	1011	1011	869	1062	1036	1000	1236	1036	1002
ENSG00000119725	2589	4235	3239	2461	2571	2385	2386	2330	1984	2498	2426	2210
ENSG00000119729	1440	2399	1676	1568	1748	1395	1180	1114	1088	1243	1118	1124
ENSG00000119737	92	125	57	91	105	84	109	93	86	96	46	90
ENSG00000119760	1257	2056	1673	1449	1412	1320	1338	1286	1109	1330	1237	1180
ENSG00000119771	34	47	35	51	63	36	32	28	32	37	38	21
ENSG00000119772	1599	2706	1958	1493	1601	1487	1925	1932	1685	2201	1837	1597
ENSG00000119777	2308	3721	2787	2557	2575	2248	2008	1875	1668	2140	1897	1816
ENSG00000119778	3579	5645	3818	4841	4908	4217	4304	4082	3959	4315	3835	3857
ENSG00000119782	12	10	7	13	22	8	11	15	4	10	3	6
ENSG00000119787	3300	5228	3841	3394	3624	3213	2932	2992	2766	3202	3021	2872
ENSG00000119801	1447	2812	2097	1716	1798	1730	1653	1700	1278	1752	1813	1360
ENSG00000119812	1341	1858	1396	1416	1480	1241	942	931	928	1002	932	1021
ENSG00000119820	2911	5205	3477	4009	4057	3660	3549	3926	3300	4036	3795	3486
ENSG00000119844	3692	6292	4244	4201	4539	3904	3502	3434	3129	3770	3633	3340
ENSG00000119862	0	8	0	0	3	0	1	0	0	0	0	1
ENSG00000119865	0	3	2	1	2	3	2	0	1	1	0	1
ENSG00000119866	6669	9548	6799	8467	8821	7293	5821	5607	5304	6397	5250	5976
ENSG00000119878	1054	1859	1324	1282	1311	1198	1204	1237	1049	1329	1175	1115
ENSG00000119899	316	569	414	304	316	270	333	343	275	366	304	281
ENSG00000119900	4009	6669	4329	4052	4103	3826	4298	4558	3862	4773	4679	4126
ENSG00000119906	3993	6182	4007	4652	4903	4170	3739	3707	3180	4096	3643	3361
ENSG00000119912	2599	3653	2680	2686	2909	2339	2076	1875	1848	2227	1947	2017
ENSG00000119915	94	151	109	27	20	37	76	77	87	114	97	85
ENSG00000119917	32	90	103	70	52	62	33	71	46	57	84	49
ENSG00000119922	29	83	145	27	23	24	35	58	43	74	105	18
ENSG00000119927	509	799	598	602	547	550	497	433	454	504	495	484
ENSG00000119929	776	1290	969	814	912	758	726	717	595	758	702	682
ENSG00000119938	0	4	2	0	0	0	0	0	1	2	1	1
ENSG00000119943	77	120	73	110	80	79	88	102	90	108	71	71
ENSG00000119946	0	0	0	0	1	0	0	1	2	4	1	1
ENSG00000119950	4413	9356	6326	3497	3800	3752	5172	6176	4403	6433	5598	3900
ENSG00000119953	2313	3695	2623	2641	2779	2265	2405	2288	2051	2427	2500	2155
ENSG00000119965	292	472	322	322	339	268	302	308	275	354	256	310
ENSG00000119969	7279	10780	7128	8327	8952	7402	7219	7133	6708	7486	6873	6636
ENSG00000119973	40	87	56	51	48	57	38	62	48	80	40	63
ENSG00000119977	1174	1944	1332	1125	1219	1020	1216	1026	1045	1323	1117	1054
ENSG00000119979	5598	9439	6710	4990	5301	4760	5680	6096	5026	6805	6221	5701
ENSG00000119986	34	101	78	54	58	43	62	52	56	65	47	59
ENSG00000120008	3459	5786	4122	4203	4596	4022	3757	4005	3430	4096	3984	3486
ENSG00000120029	2204	3496	2437	2179	2313	2047	1973	2089	1768	2303	1900	1801
ENSG00000120049	80	143	70	95	105	86	121	132	101	159	109	99
ENSG00000120051	21	47	26	25	34	20	37	30	45	37	59	40
ENSG00000120053	322	480	438	264	313	266	270	208	189	238	246	237
ENSG00000120055	8	23	11	10	20	15	22	17	13	30	23	13
ENSG00000120063	8490	13802	9837	9144	9997	8675	7567	7757	6552	8407	7925	7175
ENSG00000120071	3472	5626	3702	4058	4210	3627	3423	3760	3089	3995	3161	3092
ENSG00000120093	110	213	129	179	173	153	233	214	186	246	210	192
ENSG00000120129	624	1285	1127	848	883	914	339	410	246	408	496	165
ENSG00000120137	21916	36777	24303	19532	21194	19377	18474	19408	15953	20754	19265	18161
ENSG00000120149	62	140	80	124	170	115	75	53	65	117	60	75
ENSG00000120158	996	1482	1140	1032	1128	977	975	854	836	1026	968	851
ENSG00000120159	1144	1918	1376	1161	1302	1036	1162	1201	1072	1200	1276	1051
ENSG00000120160	1	0	1	5	2	3	3	1	2	0	1	2
ENSG00000120162	390	566	423	1024	1095	926	609	476	531	589	465	451
ENSG00000120210	7	8	4	8	9	7	3	11	12	9	14	13
ENSG00000120215	41	64	39	48	50	62	59	49	60	56	59	59
ENSG00000120217	2	5	1	1	8	0	1	1	2	1	5	2
ENSG00000120253	4786	7559	6029	5114	5528	4706	4977	4650	4317	5297	5277	4645
ENSG00000120254	4047	5748	4447	3923	4241	3406	2938	2677	2611	2856	2745	2808
ENSG00000120256	1567	2447	1797	1143	1351	1142	1349	1205	1143	1414	1373	1269
ENSG00000120262	169	240	207	170	198	138	112	140	98	150	141	143
ENSG00000120265	2132	3428	2620	2101	2225	1950	2062	2007	1764	2213	2098	1957
ENSG00000120278	7	18	19	18	23	16	23	14	27	21	20	10
ENSG00000120280	7422	12322	9046	9132	9961	8313	7684	7642	7043	8198	8109	7596
ENSG00000120306	157	257	223	137	178	142	133	171	125	162	184	145
ENSG00000120314	2267	3635	2758	2803	2867	2355	2447	2434	2139	2481	2424	2166
ENSG00000120318	259	354	331	159	149	130	290	359	263	372	320	204
ENSG00000120324	0	5	12	11	8	4	9	4	5	7	9	3
ENSG00000120327	13	14	10	19	28	18	14	11	19	15	15	16
ENSG00000120328	1	4	6	3	3	11	2	3	2	5	0	6
ENSG00000120329	11	26	25	20	46	30	28	18	37	28	27	23
ENSG00000120332	34	47	33	22	31	12	24	29	11	34	25	23
ENSG00000120333	551	857	681	553	566	556	512	516	446	474	477	489
ENSG00000120334	1064	1723	1185	1060	1084	980	899	940	882	978	996	974
ENSG00000120341	55	135	90	120	167	157	100	115	110	145	91	75
ENSG00000120370	224	426	291	319	333	324	313	262	254	294	266	263
ENSG00000120437	8014	14777	10932	5265	5616	5197	5993	6167	4594	6583	6710	6423
ENSG00000120438	16654	24615	19890	16958	18301	15236	14196	12787	12322	13912	14504	13450
ENSG00000120451	3952	5823	4020	4797	5191	4313	3698	3364	3166	3718	3400	3466
ENSG00000120457	38	99	43	70	61	54	80	84	69	106	70	59
ENSG00000120458	170	282	178	417	432	375	272	263	295	280	250	261
ENSG00000120509	181	286	208	248	279	206	194	208	171	187	174	210
ENSG00000120519	586	907	571	479	481	432	461	548	375	616	456	412
ENSG00000120526	3702	5495	4244	3654	3977	3521	3214	2986	2881	3073	3119	2947
ENSG00000120533	1305	2179	1510	1741	1726	1660	1442	1439	1297	1588	1363	1242
ENSG00000120539	2066	3377	2079	1960	2046	1717	1990	1927	1654	2122	1857	1818
ENSG00000120549	0	2	0	0	0	0	1	0	1	0	0	0
ENSG00000120594	520	1035	727	2116	2274	2317	1332	1250	1114	1420	1163	802
ENSG00000120616	2275	3951	2733	2926	2913	2634	2592	2491	2219	2758	2359	2355
ENSG00000120645	28	68	69	8	7	5	23	53	18	42	48	30
ENSG00000120647	412	640	415	466	476	409	427	395	375	434	349	403
ENSG00000120656	564	1029	613	754	844	761	653	630	590	686	576	571
ENSG00000120658	0	0	3	1	2	1	1	2	8	3	8	4
ENSG00000120659	1	1	1	0	0	0	1	1	0	1	0	0
ENSG00000120662	533	897	653	588	536	531	562	584	555	635	568	563
ENSG00000120669	21	32	15	14	7	13	12	5	6	17	21	7
ENSG00000120675	761	1298	860	938	952	802	853	796	773	891	800	771
ENSG00000120685	1944	3010	2050	2543	2646	2262	1843	1787	1602	2029	1690	1771
ENSG00000120686	1819	3154	2189	1815	1889	1717	1770	1825	1534	1942	1841	1568
ENSG00000120688	250	504	334	293	285	280	313	299	253	301	280	263
ENSG00000120690	22428	35889	24060	25885	27692	23879	20347	19194	17660	21021	19370	18382
ENSG00000120693	34	57	42	181	228	194	128	78	83	79	35	56
ENSG00000120694	9105	12397	9363	8182	8977	6813	5977	4847	4982	5461	5322	5819
ENSG00000120696	562	1004	649	561	575	566	546	577	508	680	623	558
ENSG00000120697	1329	2312	1617	1484	1647	1467	1266	1150	1026	1255	1177	1104
ENSG00000120699	1814	2950	2348	2045	2116	1836	1954	1892	1656	2086	1956	1865
ENSG00000120705	11326	16924	12561	11066	12441	10363	8807	8158	8031	9092	8897	9070
ENSG00000120708	1207	2311	1537	1560	1528	1431	1818	1844	1563	2103	1751	1654
ENSG00000120709	3175	5546	3874	3288	3383	3158	3123	3165	2627	3589	3034	2801
ENSG00000120725	597	938	789	578	615	521	493	488	395	596	557	509
ENSG00000120727	5429	8930	6970	5635	6309	5366	4660	4744	4042	5018	5172	4642
ENSG00000120729	1	5	1	1	1	1	1	1	5	7	4	2
ENSG00000120733	11128	17380	12375	12188	12934	11620	11629	11089	9905	12527	11095	10662
ENSG00000120738	2354	5333	3849	2036	2087	1909	1693	1796	1307	1958	2050	1295
ENSG00000120742	7251	12034	8389	7069	7714	6970	6510	6639	5485	7131	6693	6189
ENSG00000120756	18	16	9	7	4	4	4	4	4	5	14	4
ENSG00000120784	17	27	15	18	13	26	35	23	18	22	29	21
ENSG00000120798	999	1469	917	1248	1362	1173	1163	1176	1071	1308	1108	1019
ENSG00000120800	3438	5267	3674	3573	3887	3097	3298	2879	2757	3206	3022	3096
ENSG00000120802	20135	29758	22090	20141	22227	19065	16670	15723	14570	16798	16303	15624
ENSG00000120805	1650	2840	1975	1764	1851	1689	1540	1539	1279	1604	1550	1488
ENSG00000120820	2	1	0	1	0	0	1	2	4	3	0	2
ENSG00000120832	206	347	231	192	237	200	214	263	203	240	207	182
ENSG00000120833	1380	2259	1751	1247	1366	1149	1212	1093	1076	1285	1245	1201
ENSG00000120837	1094	1796	1186	1098	1259	1131	953	961	805	1035	962	872
ENSG00000120860	309	586	439	468	491	453	372	365	319	381	305	317
ENSG00000120868	7449	12380	8839	7255	7706	7282	8049	8702	7341	9615	9040	7617
ENSG00000120875	114	238	186	1021	1012	996	290	210	249	220	210	186
ENSG00000120885	102	152	143	59	82	65	129	145	102	126	123	101
ENSG00000120889	7475	12028	8939	8723	9450	8450	7071	6931	5957	7584	6945	6451
ENSG00000120896	1243	2043	1707	1494	1602	1544	1324	1209	1103	1342	1320	1116
ENSG00000120899	13756	23501	17441	18451	19885	17916	17464	16506	14832	18389	15646	14535
ENSG00000120903	3	1	2	6	10	5	8	9	2	6	0	3
ENSG00000120907	52	107	94	99	86	72	76	91	80	98	99	87
ENSG00000120910	910	1618	1119	948	985	889	786	784	764	933	828	817
ENSG00000120913	1204	2060	1635	1466	1571	1473	1396	1506	1204	1597	1399	1198
ENSG00000120915	35	52	24	44	42	30	43	59	35	49	37	30
ENSG00000120925	1660	2988	2101	2399	2517	2435	2263	2290	1888	2475	2164	2046
ENSG00000120942	1390	2075	1544	1474	1644	1326	1314	1221	1125	1252	1167	1327
ENSG00000120948	7513	11923	9078	8351	8711	7456	6944	6254	5959	7168	6778	6406
ENSG00000120949	12	15	17	18	12	9	18	28	13	13	10	14
ENSG00000120963	3014	4920	3460	4712	4853	4298	3129	2880	2595	3249	2787	2702
ENSG00000120992	6947	11050	7533	7271	8205	7153	5678	5516	4929	5985	5788	5337
ENSG00000121022	3126	5011	3796	3463	3807	3162	3377	3457	2948	3671	3342	3032
ENSG00000121039	1051	1491	1029	762	814	702	671	591	537	629	536	613
ENSG00000121053	8	12	5	3	1	4	14	9	4	11	10	13
ENSG00000121057	3040	4580	3068	3077	3225	2651	3047	2755	2526	3241	2609	2792
ENSG00000121058	1470	2320	1612	1346	1419	1164	1331	1233	1157	1309	1232	1259
ENSG00000121060	6639	11482	8576	7244	7749	7080	7900	7848	6580	8551	7657	6862
ENSG00000121064	1756	2970	2131	4780	5350	4581	2364	2228	2083	2371	2033	2016
ENSG00000121067	2326	3649	2940	2480	2737	2373	2435	2097	1974	2290	2265	2064
ENSG00000121068	0	1	0	0	2	0	2	0	0	0	0	0
ENSG00000121073	1317	2019	1587	1552	1671	1470	1239	1164	1129	1262	1133	1148
ENSG00000121101	1	3	7	2	2	3	3	5	3	1	1	2
ENSG00000121104	1402	2412	1761	1897	1929	1802	1599	1574	1202	1774	1559	1321
ENSG00000121152	2902	4187	2910	2692	2862	2463	2478	2208	2006	2498	2126	2342
ENSG00000121207	0	0	0	5	7	0	0	1	2	0	6	0
ENSG00000121210	2012	3234	2122	1999	2130	1704	2129	2011	1814	2238	1870	1985
ENSG00000121211	479	641	513	360	427	377	376	365	286	396	369	304
ENSG00000121236	14	9	17	58	64	65	17	25	20	25	21	20
ENSG00000121270	13	41	28	25	15	13	12	19	14	25	15	10
ENSG00000121274	1556	2387	1650	1612	1783	1553	1520	1398	1293	1552	1403	1345
ENSG00000121281	8189	13427	9712	12665	13589	12723	9883	10181	8932	11689	9779	9151
ENSG00000121289	1282	2269	1560	1611	1657	1417	1610	1660	1491	1858	1559	1485
ENSG00000121297	553	1011	741	731	724	673	757	697	625	771	643	594
ENSG00000121310	443	872	573	761	718	637	672	727	679	785	642	634
ENSG00000121314	4	4	0	3	9	3	3	4	1	6	1	4
ENSG00000121316	0	1	0	0	0	1	1	2	0	1	0	1
ENSG00000121318	11	26	11	19	27	17	22	42	24	27	27	19
ENSG00000121335	1	0	0	1	0	2	0	0	0	3	0	0
ENSG00000121350	2180	3872	2546	2294	2422	2220	1967	2108	1714	2126	2042	1972
ENSG00000121351	104	191	149	217	166	167	241	210	177	245	196	192
ENSG00000121377	0	2	0	6	6	0	2	0	3	1	0	2
ENSG00000121380	18	46	25	32	39	48	23	46	32	37	36	28
ENSG00000121381	0	0	0	4	4	0	0	0	0	0	0	0
ENSG00000121390	3433	5400	4001	3944	4066	3401	3299	3132	2807	3402	3125	3107
ENSG00000121406	1019	1687	1112	1314	1399	1241	1280	1113	1078	1420	1130	1164
ENSG00000121410	40	97	73	78	85	69	103	127	76	104	91	85
ENSG00000121413	0	1	1	2	2	0	0	2	4	1	3	2
ENSG00000121417	467	845	626	641	717	589	582	596	529	643	508	521
ENSG00000121446	2	1	2	3	6	0	0	2	2	0	0	0
ENSG00000121454	16	36	19	35	27	17	33	31	13	18	16	16
ENSG00000121481	1234	1891	1246	1217	1367	1220	1032	1098	914	1190	1007	1062
ENSG00000121486	1535	2855	2020	1530	1583	1487	1498	1563	1216	1633	1484	1277
ENSG00000121542	629	982	744	598	660	626	654	675	541	729	659	589
ENSG00000121552	930	1507	917	964	901	821	1022	955	780	1056	933	878
ENSG00000121570	158	330	217	286	282	242	295	291	235	287	274	240
ENSG00000121577	11	38	15	31	20	33	29	27	18	16	27	25
ENSG00000121578	343	509	339	420	486	412	356	350	284	337	324	303
ENSG00000121579	9588	14486	10423	9851	10684	8827	7620	7028	6415	7583	7456	7347
ENSG00000121594	5	2	2	1	3	4	1	2	4	5	5	4
ENSG00000121621	1628	2423	1691	1473	1595	1238	1360	1450	1173	1506	1318	1513
ENSG00000121644	3685	5721	3782	3882	3908	3448	3092	2767	2735	3268	3145	3094
ENSG00000121653	49	115	73	97	71	69	68	89	48	94	45	45
ENSG00000121671	766	1345	1019	976	965	850	894	854	801	984	843	748
ENSG00000121680	804	1274	1213	1031	1157	1087	887	844	833	877	858	756
ENSG00000121690	248	387	256	307	289	243	263	218	221	232	235	195
ENSG00000121691	16214	28040	19438	13031	14099	12459	14016	14586	12052	16405	14664	13753
ENSG00000121716	2625	3896	3170	3563	3506	3235	3299	3078	3023	3317	2793	2661
ENSG00000121741	5634	9586	6300	5993	6192	5628	6110	6256	5383	6635	5995	5113
ENSG00000121743	3	15	11	13	11	9	10	6	8	8	12	6
ENSG00000121749	3086	5353	3554	2980	3309	2899	3300	3378	2806	3557	3615	3176
ENSG00000121753	1	0	3	0	0	2	1	0	0	1	0	0
ENSG00000121764	1	3	1	0	0	0	3	2	2	1	2	3
ENSG00000121766	1067	1724	1498	1161	1337	1116	1068	1108	919	1039	1107	1008
ENSG00000121769	1	13	10	1	2	6	7	7	6	10	4	2
ENSG00000121774	13901	23497	17918	17329	19281	16727	13872	13194	12122	14842	13815	12670
ENSG00000121775	963	1867	1407	1294	1464	1306	1048	1078	907	1147	1024	971
ENSG00000121797	95	181	135	114	128	122	102	104	93	129	119	86
ENSG00000121807	6275	9623	6917	9239	10134	9039	7286	6906	6237	7786	7038	6895
ENSG00000121851	219	394	332	294	345	249	284	272	239	305	300	234
ENSG00000121858	228	435	320	275	300	248	208	267	173	256	232	207
ENSG00000121864	1377	2171	1501	1300	1466	1226	1291	1256	1133	1321	1283	1256
ENSG00000121879	1148	1878	1271	1461	1612	1446	1282	1263	1095	1294	1333	1175
ENSG00000121892	17890	27456	19765	20033	21722	18597	16902	15951	14495	17368	16676	15850
ENSG00000121895	67	136	90	104	101	102	145	133	126	158	97	110
ENSG00000121897	560	915	711	627	712	603	667	699	609	708	678	668
ENSG00000121900	30	47	55	55	51	61	40	31	21	49	44	31
ENSG00000121903	402	630	477	415	508	497	439	447	436	533	486	411
ENSG00000121904	25	55	28	44	32	47	36	49	48	64	28	30
ENSG00000121905	2	0	3	1	0	0	1	0	1	0	0	0
ENSG00000121931	2360	4300	2768	2387	2616	2308	2203	2513	2072	2658	2304	1966
ENSG00000121933	11	41	12	10	8	10	21	31	16	36	33	17
ENSG00000121940	647	1043	801	926	893	817	799	754	725	902	803	761
ENSG00000121957	1927	2996	2176	2219	2455	2048	1958	1997	1683	2030	1947	1861
ENSG00000121964	938	1556	1096	1202	1143	925	1136	1276	1052	1268	1089	1035
ENSG00000121966	2894	5086	3366	5274	5463	4888	4206	4146	3679	4520	3754	3218
ENSG00000121988	1069	1483	1050	1069	1043	918	1045	1065	832	1092	1014	990
ENSG00000121989	89	160	104	190	261	174	96	100	73	112	121	104
ENSG00000122008	2164	3643	2434	2514	2775	2441	2300	2266	1946	2369	2313	2011
ENSG00000122012	10	15	7	8	10	2	9	17	14	12	13	10
ENSG00000122025	25335	43146	30562	24736	26849	24536	25911	26273	22273	29011	25847	23286
ENSG00000122026	6145	10318	7455	6624	7144	6636	7159	6031	4913	6224	6470	5599
ENSG00000122033	479	714	479	463	549	408	427	385	336	417	387	440
ENSG00000122034	1626	2522	1783	1928	2116	1872	1770	1469	1428	1759	1425	1625
ENSG00000122035	50	54	38	25	31	27	28	28	26	27	34	30
ENSG00000122042	1366	2461	1674	1555	1676	1541	1264	1404	1105	1482	1415	1120
ENSG00000122068	3090	4744	3354	5029	5769	4881	3286	2930	2805	3150	2905	2997
ENSG00000122085	1143	1879	1352	1357	1393	1261	1451	1491	1264	1608	1454	1218
ENSG00000122122	1135	1886	1453	2587	2770	2526	1585	1374	1342	1568	1279	1294
ENSG00000122126	1277	1817	1211	1019	1085	931	1236	1270	1046	1373	1210	1217
ENSG00000122133	0	7	0	3	3	3	2	7	4	0	3	1
ENSG00000122140	985	1627	1114	1080	1160	881	936	855	753	944	825	762
ENSG00000122176	0	0	4	0	0	1	0	1	0	0	0	1
ENSG00000122180	0	2	0	0	0	1	0	6	0	1	0	1
ENSG00000122188	22	34	28	23	26	23	20	34	23	30	14	24
ENSG00000122194	28	36	28	35	39	26	39	33	36	32	29	30
ENSG00000122203	1977	3247	2269	2433	2483	2262	2242	2283	1994	2494	2171	2091
ENSG00000122218	11086	18830	13713	12579	13821	12318	11009	11255	9527	12328	11379	10216
ENSG00000122223	572	1044	683	459	516	455	695	764	678	860	706	634
ENSG00000122224	402	805	632	800	812	787	652	610	521	672	596	497
ENSG00000122257	4886	7967	5599	5179	5363	4757	4998	4971	4176	5205	4601	4649
ENSG00000122299	2991	4972	3678	3315	3616	3345	2831	2811	2468	2949	2818	2545
ENSG00000122335	255	409	284	371	392	325	288	337	297	355	311	320
ENSG00000122359	3139	5539	4048	3914	4141	3775	3773	3591	3134	4228	3573	3213
ENSG00000122367	8	22	22	9	27	18	12	18	13	23	17	12
ENSG00000122375	27	38	29	26	22	14	22	28	18	18	9	32
ENSG00000122376	2847	4458	3245	2894	3114	2699	2486	2527	2016	2660	2425	2531
ENSG00000122378	780	1382	986	557	690	605	763	778	608	912	878	782
ENSG00000122386	50	93	56	40	32	34	32	26	43	54	43	39
ENSG00000122390	1494	2508	1843	1616	1669	1565	1505	1418	1274	1620	1224	1363
ENSG00000122406	23172	39317	31391	27203	29337	26757	24181	23832	20894	24947	25195	21250
ENSG00000122417	1405	2270	1092	1767	1743	1573	1713	2112	1665	1927	1600	1665
ENSG00000122420	0	0	0	1	1	3	1	3	1	2	0	0
ENSG00000122432	31	70	44	41	42	34	32	22	23	37	32	21
ENSG00000122435	830	1172	814	747	824	718	745	745	608	807	630	680
ENSG00000122477	39	67	43	47	44	44	49	35	35	36	31	39
ENSG00000122481	260	462	312	277	318	277	334	265	244	298	302	281
ENSG00000122482	6179	10308	6879	6775	7319	6415	6424	6344	5820	6883	6413	6290
ENSG00000122483	1080	1777	1201	1271	1259	1018	1082	1126	998	1168	1097	1006
ENSG00000122484	4351	7049	3744	6770	7038	6003	5995	6281	5408	6168	5303	5302
ENSG00000122490	2257	3789	3227	2267	2503	2337	2487	2362	2191	2734	2417	2186
ENSG00000122507	207	398	291	227	180	196	187	233	180	237	206	170
ENSG00000122512	2531	4016	3037	3082	3294	2877	2711	2653	2555	3025	2696	2364
ENSG00000122515	1914	3302	2203	2658	2610	2339	2379	2223	2059	2529	2126	2061
ENSG00000122543	1	2	0	0	0	7	1	3	4	1	4	0
ENSG00000122545	5629	9810	6302	6671	6971	6093	5898	5894	5509	6379	5757	5484
ENSG00000122547	606	1051	864	752	845	676	713	665	627	751	672	592
ENSG00000122550	591	1009	724	628	681	618	673	584	564	648	623	567
ENSG00000122557	1118	1926	1354	1341	1427	1276	1185	1167	969	1287	1003	1114
ENSG00000122565	10946	18049	12954	10330	11575	9977	9336	9110	8003	9519	9452	9058
ENSG00000122566	35502	51895	37478	32337	33950	28455	28189	26259	24631	28125	28883	27344
ENSG00000122574	0	2	2	0	2	0	0	0	0	0	2	4
ENSG00000122591	2759	4440	2905	2975	3103	2805	2585	2518	2133	2803	2370	2387
ENSG00000122592	1	0	2	3	4	0	1	0	0	0	0	0
ENSG00000122641	5122	8209	5434	2207	2238	2179	3997	4682	3169	4955	4603	4193
ENSG00000122642	241	383	256	222	283	230	187	221	174	277	207	189
ENSG00000122643	1520	2424	1722	1543	1602	1373	1385	1325	1135	1504	1444	1207
ENSG00000122644	1276	2227	1601	1059	1186	1001	944	940	754	949	935	848
ENSG00000122674	2857	4296	2908	3123	3375	2764	2551	2293	2225	2440	2090	2537
ENSG00000122678	845	1444	1127	1207	1221	1066	1026	966	861	1136	920	818
ENSG00000122687	2152	3330	423	2184	2337	1993	2111	2056	1794	2388	2173	2004
ENSG00000122692	5094	8119	5965	6233	6653	5639	5194	4689	4280	5143	4892	4542
ENSG00000122694	434	767	565	510	549	509	410	474	362	485	431	432
ENSG00000122696	848	1337	968	915	907	857	813	858	858	954	754	823
ENSG00000122705	2958	4627	3668	3360	3305	2967	2849	2699	2262	2927	2564	2561
ENSG00000122707	458	825	580	388	453	374	437	446	399	532	463	403
ENSG00000122728	9	8	5	4	9	9	4	1	2	4	3	2
ENSG00000122729	1688	2586	1766	1586	1674	1527	1394	1406	1222	1627	1466	1359
ENSG00000122733	0	1	2	4	0	1	3	0	0	1	2	0
ENSG00000122741	4041	6218	4322	3712	4189	3560	3472	3559	3162	3845	3650	3401
ENSG00000122778	34	52	50	59	44	45	36	28	40	37	24	36
ENSG00000122779	4598	7718	5273	5252	5555	4913	4496	4552	3918	4936	4425	4208
ENSG00000122783	1766	2778	2161	1940	2174	1935	1536	1599	1367	1545	1594	1503
ENSG00000122787	4	7	4	5	16	12	6	6	7	9	13	3
ENSG00000122859	165	338	271	209	222	208	194	166	158	224	176	141
ENSG00000122861	2663	5037	4067	4593	4844	4353	3436	3114	2769	3562	3273	2701
ENSG00000122862	58063	97961	75983	46062	51377	45521	57503	63007	49001	67077	72492	55070
ENSG00000122863	6	3	3	8	7	4	3	1	2	2	2	3
ENSG00000122870	11	18	10	11	6	8	3	9	12	12	12	8
ENSG00000122873	604	974	717	706	764	616	657	595	478	605	568	514
ENSG00000122877	21	39	33	39	50	40	20	28	18	35	41	16
ENSG00000122882	1269	2193	1424	1519	1581	1350	1316	1246	1175	1382	1335	1169
ENSG00000122884	7158	16270	11230	7576	8179	9006	9704	12014	8558	13170	11957	7543
ENSG00000122912	850	1318	1009	1034	1171	968	946	926	904	995	916	851
ENSG00000122952	3937	5850	4120	3408	3481	2825	3520	3439	2857	3614	3357	3453
ENSG00000122958	5165	8523	5927	6087	6576	5735	4749	4428	4209	4773	4687	4426
ENSG00000122965	1661	2434	1777	1600	1740	1489	1335	1199	1171	1435	1253	1190
ENSG00000122966	4720	7078	5232	5039	5428	4723	4946	4915	4349	5250	4552	4696
ENSG00000122970	281	580	408	322	334	286	363	411	314	459	434	324
ENSG00000122971	642	1137	855	845	956	867	773	806	686	861	789	752
ENSG00000122986	1387	2363	1731	1263	1376	1284	1442	1465	1172	1775	1425	1358
ENSG00000123064	3128	4698	3748	3506	3756	3105	2999	2621	2389	2805	2540	2568
ENSG00000123066	27235	45950	30171	38638	40332	35970	29586	28634	26131	31668	26670	25469
ENSG00000123080	1452	2133	1645	1637	1676	1480	1331	1189	1098	1391	1214	1136
ENSG00000123091	1748	2812	2089	1915	2160	1981	1677	1727	1346	1730	1718	1553
ENSG00000123094	15	31	19	61	51	36	19	16	16	26	7	18
ENSG00000123095	0	1	0	1	0	0	0	2	0	0	0	0
ENSG00000123104	2448	3780	2599	3254	3609	3169	2630	2555	2271	2796	2442	2382
ENSG00000123106	942	1500	1071	1042	1225	1008	930	839	811	980	884	864
ENSG00000123119	3	3	3	1	4	2	2	1	3	1	2	3
ENSG00000123124	1457	2361	1521	1608	1683	1386	1321	1364	1192	1465	1342	1319
ENSG00000123130	639	1094	924	899	1022	872	777	800	749	850	713	779
ENSG00000123131	1424	2328	1852	1379	1545	1272	1307	1123	1079	1343	1279	1127
ENSG00000123136	8401	12638	10565	8771	9295	7906	7936	7018	6799	7939	7716	7667
ENSG00000123143	6384	11100	9423	8379	8951	8483	8167	7747	6710	8870	8183	6803
ENSG00000123144	3105	5129	4126	3398	3761	3279	3090	2712	2324	3031	2805	2728
ENSG00000123146	7519	14653	10495	8241	8623	8205	7557	7983	6076	8723	7367	6885
ENSG00000123154	378	706	573	509	492	432	517	431	454	465	498	458
ENSG00000123159	826	1436	1052	1103	1222	1103	868	701	768	816	720	753
ENSG00000123178	541	992	752	638	698	585	557	538	466	547	593	497
ENSG00000123179	1624	2860	1952	1820	1906	1630	1649	1634	1538	1822	1645	1566
ENSG00000123191	113	215	143	132	158	146	177	144	136	173	162	135
ENSG00000123200	3848	5836	4404	4452	4494	4055	3418	3336	3082	3594	3367	3295
ENSG00000123213	3644	5340	3713	3050	3202	2514	2815	2757	2340	3042	2704	2853
ENSG00000123219	1095	1876	1059	950	1104	889	1123	1228	1031	1235	1073	1152
ENSG00000123240	597	981	709	431	428	437	567	665	433	715	652	557
ENSG00000123243	165	333	219	253	250	207	277	292	235	312	254	268
ENSG00000123268	1389	2310	1596	1581	1731	1383	1347	1339	1197	1346	1366	1177
ENSG00000123297	1015	1663	1204	1110	1188	1057	944	930	812	957	937	857
ENSG00000123329	1399	2699	2079	1583	1637	1639	1838	1966	1654	2132	1855	1713
ENSG00000123338	15862	28015	20257	19650	20961	19926	19969	20173	17626	22426	19587	17471
ENSG00000123342	35	127	91	100	106	105	71	100	67	130	95	57
ENSG00000123349	2327	3807	2924	2616	2748	2573	2797	2554	2174	2680	2623	2154
ENSG00000123352	355	652	464	422	431	386	460	521	469	554	503	391
ENSG00000123353	718	1012	748	713	791	655	582	507	475	598	558	500
ENSG00000123358	254	434	385	301	284	276	334	396	365	398	391	278
ENSG00000123360	571	1084	802	1110	1123	1127	887	1021	814	982	739	750
ENSG00000123374	2704	3995	2871	2146	2347	1986	2176	2207	1784	2447	2277	2165
ENSG00000123384	749	1640	1491	4866	5169	5312	2120	2313	1963	2484	2037	1403
ENSG00000123388	43	41	35	50	49	39	26	18	28	33	29	26
ENSG00000123395	714	1113	970	713	868	663	691	617	544	709	640	648
ENSG00000123405	350	609	396	156	200	254	346	428	281	415	429	309
ENSG00000123411	503	844	589	567	633	499	553	542	482	638	520	451
ENSG00000123415	452	746	586	496	559	475	512	525	443	573	480	463
ENSG00000123416	51484	80676	61216	49519	52645	45564	46792	43081	37672	49939	45276	43198
ENSG00000123427	422	723	534	427	460	417	482	600	421	549	539	465
ENSG00000123444	797	1367	989	869	911	775	759	779	643	737	761	639
ENSG00000123453	443	918	839	743	760	738	651	764	593	813	751	559
ENSG00000123454	1	14	8	4	10	13	11	3	4	5	3	12
ENSG00000123472	1786	2886	2180	1821	1939	1789	1825	1748	1615	1955	1796	1689
ENSG00000123473	4007	6348	4169	3796	4013	3440	3536	3525	3176	3797	3398	3518
ENSG00000123485	2603	3989	2778	2376	2504	2229	2283	2232	1947	2460	2109	2215
ENSG00000123500	0	1	1	0	1	0	1	0	0	2	0	0
ENSG00000123545	516	878	570	592	615	480	421	391	388	415	461	441
ENSG00000123552	585	877	616	601	630	506	484	480	430	535	464	486
ENSG00000123560	0	1	3	0	0	0	2	0	0	0	1	0
ENSG00000123562	6785	10873	7900	5703	6151	5664	5680	5985	4809	6422	5993	5360
ENSG00000123570	0	2	4	2	4	8	3	5	2	4	5	5
ENSG00000123575	2962	4647	3257	3353	3626	3062	2595	2608	2272	2852	2606	2626
ENSG00000123595	585	876	694	540	624	586	545	588	478	666	497	506
ENSG00000123600	1452	2284	1635	1446	1506	1232	1375	1390	1162	1433	1268	1268
ENSG00000123607	1344	2085	1521	1497	1544	1406	1469	1419	1274	1502	1425	1291
ENSG00000123609	2540	4283	3232	2847	2930	2456	2605	2371	2151	2520	2382	2391
ENSG00000123610	8	5	9	2	2	4	6	1	4	2	5	2
ENSG00000123612	5	11	7	8	9	15	13	11	10	14	26	9
ENSG00000123636	12786	20652	13985	15664	16166	14174	14780	15264	13086	15762	13950	13557
ENSG00000123643	2168	3350	2318	1983	1983	1870	2329	2242	1918	2612	2364	2172
ENSG00000123684	339	475	376	319	363	294	218	234	190	245	240	210
ENSG00000123685	82	96	92	39	53	49	44	34	30	42	32	41
ENSG00000123689	3	5	3	2	1	0	2	3	1	1	1	5
ENSG00000123700	11	19	18	19	10	15	3	11	2	16	26	11
ENSG00000123728	2290	3937	2866	2612	2933	2501	2090	2090	1912	2405	2261	1891
ENSG00000123737	1112	1661	1142	997	1090	951	1091	938	886	1038	988	988
ENSG00000123739	245	513	384	320	357	269	296	354	257	394	309	291
ENSG00000123810	335	591	485	424	463	386	365	388	317	479	449	339
ENSG00000123815	1005	1872	1553	1120	1229	1171	1145	1253	927	1314	1197	916
ENSG00000123836	679	1135	824	875	993	827	954	907	810	1018	902	854
ENSG00000123843	14	37	22	18	25	26	33	31	32	26	28	20
ENSG00000123892	36	69	57	19	29	28	24	28	15	40	23	21
ENSG00000123901	59	88	57	76	96	76	93	99	84	83	52	81
ENSG00000123908	13620	21177	14621	13760	14561	13163	13758	13880	12458	15629	13659	12727
ENSG00000123933	1797	3125	2521	2922	3078	2832	2146	1873	1730	2131	1834	1734
ENSG00000123975	1047	1805	1122	1103	1056	893	1036	888	849	903	801	934
ENSG00000123983	6322	9675	6754	5884	6155	5180	4248	4125	3568	4612	4370	4467
ENSG00000123989	1466	2370	2125	1212	1271	1280	1318	1425	1033	1621	1487	1207
ENSG00000123992	2271	3444	2742	2331	2461	2159	2139	1944	1890	2355	2092	2008
ENSG00000123999	4	7	4	3	1	7	1	2	0	1	3	0
ENSG00000124003	0	3	0	0	0	1	1	0	1	0	0	0
ENSG00000124006	1987	3276	2726	1790	1919	1750	1760	1839	1585	2227	1885	1690
ENSG00000124067	1307	2371	1759	1820	1860	1835	1701	1809	1587	1909	1655	1410
ENSG00000124074	372	564	484	305	334	279	303	254	231	295	280	259
ENSG00000124091	0	12	0	10	1	1	1	5	1	6	2	0
ENSG00000124092	19	35	21	30	26	27	16	27	30	46	26	31
ENSG00000124098	745	1393	1022	1217	1250	1189	995	954	860	1053	961	904
ENSG00000124103	11	20	8	11	14	12	15	17	20	13	15	22
ENSG00000124104	89	181	144	292	314	316	142	120	113	117	91	90
ENSG00000124107	7	2	4	3	5	4	2	5	4	5	0	7
ENSG00000124116	1	2	1	0	1	4	3	0	1	2	2	4
ENSG00000124120	938	1406	1114	1155	1184	1050	960	937	913	1092	903	883
ENSG00000124126	10018	16800	13059	15996	17042	16111	13713	13204	11748	14866	12755	11661
ENSG00000124134	47	92	66	17	32	28	54	36	44	46	47	50
ENSG00000124140	51	79	60	58	93	63	67	70	54	51	56	45
ENSG00000124145	163	255	217	177	194	188	123	145	117	157	143	133
ENSG00000124151	3257	5804	3819	5248	5555	4956	4455	4462	3914	4846	3935	3967
ENSG00000124155	1362	2182	1519	1642	1659	1487	1466	1445	1216	1629	1495	1290
ENSG00000124159	3	0	2	0	0	1	2	1	1	0	0	1
ENSG00000124160	2365	3605	2465	2692	2856	2485	2171	1893	1876	2270	1883	2074
ENSG00000124164	1320	2085	1509	1551	1701	1487	1303	1340	1105	1414	1258	1250
ENSG00000124171	252	486	244	311	292	344	313	340	297	347	309	315
ENSG00000124172	1380	1992	1569	1713	1809	1533	1395	1227	1005	1442	1392	1121
ENSG00000124177	3651	6190	4210	4194	4507	4165	4293	4240	3685	4734	4141	3907
ENSG00000124181	1075	1522	1293	1665	1801	1537	1657	1337	1540	1429	1272	1307
ENSG00000124191	98	241	215	271	252	273	206	182	169	199	185	150
ENSG00000124193	17239	27647	20984	18222	19843	17740	15948	15119	13845	16473	16058	14685
ENSG00000124194	3	13	4	1	1	0	0	4	2	3	7	5
ENSG00000124198	5815	8796	6255	6127	6630	5773	5276	5037	4561	5518	5359	4749
ENSG00000124201	2633	3980	2882	2908	3267	2788	2566	2564	2180	2862	2372	2486
ENSG00000124203	1	1	0	0	1	0	6	0	2	1	2	1
ENSG00000124207	12609	18706	12873	11770	12709	10302	9987	9463	9023	10409	9643	9851
ENSG00000124208	709	874	715	719	575	641	645	565	655	713	515	444
ENSG00000124209	1730	2834	2001	2460	2605	2301	2006	1935	1775	2075	1924	1815
ENSG00000124212	16	47	20	45	65	57	20	48	22	28	27	40
ENSG00000124214	3073	4867	3649	3299	3519	3036	3075	2891	2525	3268	2822	2874
ENSG00000124215	26	53	23	18	36	19	25	36	18	38	35	23
ENSG00000124216	74	155	141	46	56	47	80	112	53	93	107	63
ENSG00000124217	1039	1797	1181	1218	1282	1108	1113	1068	971	1279	1090	1047
ENSG00000124222	3582	5848	4208	4268	4447	4143	2895	3104	2527	3331	2914	2651
ENSG00000124225	160	307	227	311	247	236	194	247	214	230	213	220
ENSG00000124226	3502	6122	4762	3957	4231	3988	3982	4072	3572	4415	3901	3603
ENSG00000124228	1906	3202	2159	2116	2263	1871	2061	2091	1842	2318	1980	2028
ENSG00000124243	48	94	48	87	98	63	78	76	78	82	74	80
ENSG00000124249	0	0	1	0	5	1	2	1	0	1	1	2
ENSG00000124251	1	6	4	8	4	1	8	3	1	1	5	2
ENSG00000124256	2	4	1	7	2	5	2	4	4	6	0	1
ENSG00000124257	61	105	59	66	104	78	49	58	57	74	52	51
ENSG00000124260	22	34	19	23	24	22	34	24	33	29	40	35
ENSG00000124275	2014	2736	1975	1779	1885	1553	1630	1416	1381	1785	1727	1652
ENSG00000124279	599	912	696	543	603	541	531	534	439	567	493	528
ENSG00000124299	1587	2460	2045	2230	2466	1997	1486	1403	1303	1600	1415	1409
ENSG00000124313	383	646	574	521	565	546	593	595	503	750	594	460
ENSG00000124333	3780	6090	4513	3701	4085	3609	3517	3575	2987	3782	3701	3217
ENSG00000124334	16	27	12	34	25	38	15	29	13	17	24	17
ENSG00000124343	1	6	2	5	0	0	0	1	0	4	3	0
ENSG00000124356	1514	2723	1808	1663	1816	1608	1692	1661	1507	1892	1668	1598
ENSG00000124357	372	651	545	663	683	634	572	554	489	650	575	488
ENSG00000124370	109	238	142	144	157	141	152	159	134	145	126	135
ENSG00000124374	29	54	47	55	48	55	64	73	41	81	50	60
ENSG00000124380	887	1562	1138	1028	1089	962	922	908	827	1013	959	879
ENSG00000124383	835	1293	955	906	969	801	783	678	669	752	797	765
ENSG00000124391	5	9	10	17	11	13	8	10	8	5	2	5
ENSG00000124406	98	136	83	189	175	179	83	108	68	87	68	96
ENSG00000124422	17284	27822	21292	20897	22258	20045	15999	14791	13551	16693	15002	14697
ENSG00000124440	7	14	1	8	5	4	7	8	6	11	10	2
ENSG00000124444	761	1337	914	903	1197	882	1020	1013	900	1056	961	956
ENSG00000124449	4	3	4	1	5	5	3	5	2	2	4	0
ENSG00000124459	1395	2352	1662	1530	1524	1398	1523	1519	1270	1623	1485	1428
ENSG00000124466	17	53	27	36	50	56	26	25	40	41	46	22
ENSG00000124469	86	150	114	133	140	102	154	140	114	156	127	109
ENSG00000124486	10648	17460	12248	13975	14869	13336	11194	10783	9942	11972	10841	10368
ENSG00000124491	713	1048	720	1044	1128	932	1041	1057	933	1211	1018	931
ENSG00000124493	3	10	5	1	1	2	6	1	5	7	8	7
ENSG00000124496	3749	6048	3952	2524	2558	2358	3246	3552	2662	3969	3295	3144
ENSG00000124507	5	13	7	17	21	17	22	10	18	16	20	16
ENSG00000124508	395	635	427	468	481	481	358	378	318	488	375	354
ENSG00000124523	609	1115	758	704	660	669	792	801	704	868	803	678
ENSG00000124532	1898	3262	2440	1944	2255	1824	2030	2021	1771	2181	2042	1985
ENSG00000124535	2151	3472	2689	2482	2536	2209	2173	2084	1944	2320	2322	1844
ENSG00000124541	1126	1636	152	1259	1304	1064	941	868	775	944	840	933
ENSG00000124562	1048	1839	1407	1268	1378	1140	1215	983	926	1175	1095	991
ENSG00000124570	1910	3259	2481	2208	2427	2106	2244	2158	1955	2355	2111	2024
ENSG00000124571	6132	8712	6151	5816	6530	5106	4878	4367	4335	5078	4541	4830
ENSG00000124574	3147	4917	3580	4201	4279	3890	4118	4155	3699	4235	3821	3674
ENSG00000124575	9739	18095	14704	12196	13648	12701	10801	9389	8989	10953	10642	9038
ENSG00000124587	3247	4930	3973	3075	3530	3308	2805	2820	2451	3192	3096	2568
ENSG00000124588	567	920	815	1120	1261	1109	674	756	623	740	717	628
ENSG00000124593	254	451	342	272	244	242	248	258	198	268	236	213
ENSG00000124596	739	1334	988	802	868	783	819	806	700	929	876	721
ENSG00000124602	13	24	25	20	25	31	15	19	16	30	25	15
ENSG00000124608	1808	3051	2312	1762	2123	1821	1685	1821	1477	1909	1768	1647
ENSG00000124610	171	291	257	199	169	178	181	146	134	164	153	179
ENSG00000124613	37	51	40	46	37	28	22	39	44	42	40	45
ENSG00000124614	17852	30142	25240	22310	23885	21515	18824	18000	16453	20072	20902	17235
ENSG00000124635	4808	12454	8182	6123	6584	5993	5918	5715	4625	6415	5488	5957
ENSG00000124641	1051	1719	1409	1107	1154	1087	1066	1131	937	1149	1151	994
ENSG00000124657	0	0	0	1	0	3	4	3	1	1	0	0
ENSG00000124659	927	1588	1142	1074	1120	1075	878	969	871	1041	958	852
ENSG00000124688	751	1190	908	876	873	834	750	735	660	895	768	680
ENSG00000124701	3	2	2	0	1	4	1	7	2	0	1	1
ENSG00000124702	4049	6453	4811	3939	4385	3712	3841	3717	3208	4058	3572	3558
ENSG00000124713	17	28	29	36	34	29	19	16	22	22	9	21
ENSG00000124721	2	2	3	2	0	2	0	3	3	5	4	3
ENSG00000124731	177	603	494	311	279	326	285	398	234	376	378	192
ENSG00000124733	797	1312	999	810	859	825	844	765	576	786	755	830
ENSG00000124762	3297	6363	4988	2887	2903	2862	2978	3084	2156	3378	3040	2747
ENSG00000124766	9765	16524	12330	18900	20575	18423	11122	9737	9817	10941	9865	9172
ENSG00000124767	6244	10601	7114	5880	6011	5426	5459	5543	4710	5900	5756	5453
ENSG00000124772	68	137	89	60	53	43	69	109	50	113	93	56
ENSG00000124780	83	150	108	110	115	103	175	128	115	158	123	95
ENSG00000124782	16181	26296	17596	17137	17449	15342	17551	17786	15224	20013	15801	16032
ENSG00000124783	16555	27911	19771	15953	17037	15440	13457	13871	11494	15117	14525	13498
ENSG00000124784	1058	1523	1264	974	1042	874	996	821	867	1005	966	901
ENSG00000124785	21	33	18	96	99	108	19	23	28	30	17	16
ENSG00000124786	1003	1644	1100	1133	1213	1126	975	997	933	1041	970	1042
ENSG00000124787	661	1020	750	654	685	566	589	524	505	563	518	664
ENSG00000124788	1833	2893	2080	1975	2023	1960	1999	2258	1705	2570	2223	1994
ENSG00000124789	8280	12773	8233	8199	8774	7694	7526	6987	6368	7843	6596	7063
ENSG00000124795	10301	15831	10507	10690	12195	10272	8637	8157	7729	8918	8273	8396
ENSG00000124802	875	1409	932	713	769	645	773	671	648	746	705	772
ENSG00000124813	5819	9897	6344	7522	7709	6904	6648	6635	5803	7144	5566	6103
ENSG00000124831	6521	11640	7953	9722	10094	9560	7454	7356	6370	7968	7469	6351
ENSG00000124839	93	228	184	803	917	963	182	176	177	176	183	149
ENSG00000124882	41	66	42	30	40	43	25	40	38	48	28	38
ENSG00000124920	223	479	359	309	368	373	359	333	324	366	317	309
ENSG00000124942	69425	126260	93864	113501	120503	111718	88137	92656	78803	104169	97657	86861
ENSG00000125037	1256	2231	1483	1406	1488	1359	1399	1437	1193	1476	1221	1276
ENSG00000125046	6	4	6	8	4	4	7	3	10	9	2	2
ENSG00000125084	6	4	3	4	8	1	11	4	3	1	2	0
ENSG00000125089	337	700	657	572	609	617	593	589	478	653	657	460
ENSG00000125107	26194	40571	28409	27996	30173	26363	25329	25103	22062	27764	24754	23994
ENSG00000125122	74	99	100	130	101	115	76	88	56	101	92	51
ENSG00000125124	1118	2121	1594	1156	1250	1127	1441	1735	1181	1739	1687	1310
ENSG00000125144	613	1047	801	693	649	612	926	848	842	1009	946	676
ENSG00000125148	345	628	475	717	753	772	995	927	747	1082	1013	519
ENSG00000125149	788	1360	957	1078	943	953	1072	1082	936	1096	986	866
ENSG00000125166	2190	3214	2353	2700	2804	2384	1813	1592	1443	1820	1525	1759
ENSG00000125170	149	245	230	198	219	193	126	136	98	151	128	112
ENSG00000125245	22	78	56	79	62	52	31	52	52	64	74	40
ENSG00000125246	184	314	267	221	200	179	155	148	138	188	185	158
ENSG00000125247	1819	2752	1899	2362	2486	1998	1730	1548	1525	1740	1694	1576
ENSG00000125249	2442	3854	2592	8596	9712	8331	2365	2132	2150	2245	2059	2057
ENSG00000125255	12	34	16	17	12	14	37	31	20	41	23	46
ENSG00000125257	3975	5653	3965	3690	3988	3523	3361	3298	2893	3534	3250	3136
ENSG00000125266	0	0	2	2	3	1	0	1	0	0	0	0
ENSG00000125304	9842	15450	10798	11890	12613	11186	9283	8708	7780	9618	8660	8824
ENSG00000125319	457	664	459	363	382	367	358	381	318	395	444	329
ENSG00000125347	1956	3673	2610	3045	3187	2867	2593	2728	2146	2775	2444	2171
ENSG00000125351	417	557	415	354	369	308	360	358	311	370	367	352
ENSG00000125352	459	726	513	440	485	490	434	404	375	471	447	389
ENSG00000125354	3573	6228	4010	3904	4221	3721	4010	3657	3155	4176	3247	3523
ENSG00000125355	301	542	360	442	515	396	326	322	340	436	300	323
ENSG00000125356	545	808	597	502	472	457	413	402	359	408	502	423
ENSG00000125375	953	1585	1112	1065	1259	1110	877	982	834	947	877	742
ENSG00000125378	0	0	0	0	1	2	0	0	0	0	0	2
ENSG00000125384	354	622	445	87	105	112	252	350	226	439	341	270
ENSG00000125386	2459	4138	3060	2987	3121	2857	2860	2681	2576	2953	2542	2494
ENSG00000125388	228	350	253	319	256	250	321	278	285	287	305	314
ENSG00000125409	2	1	0	1	0	2	1	1	1	3	0	2
ENSG00000125430	992	1456	1028	1185	1212	1112	1049	974	880	1040	892	963
ENSG00000125434	260	402	270	367	332	264	258	192	215	266	203	190
ENSG00000125445	1187	1708	1450	1137	1167	1002	975	880	818	1040	979	945
ENSG00000125447	1972	3120	2270	2259	2479	2107	2246	2203	1957	2398	1926	1973
ENSG00000125449	270	378	304	279	318	288	224	235	210	243	220	214
ENSG00000125450	2186	3139	2318	2157	2189	1932	2024	1891	1726	2221	1934	1893
ENSG00000125454	2045	2942	2409	2052	2060	1722	1671	1560	1407	1650	1643	1632
ENSG00000125457	766	1111	943	789	990	819	764	694	664	823	707	674
ENSG00000125458	544	852	601	646	631	597	457	378	372	450	400	374
ENSG00000125459	1220	1725	1247	1166	1230	1026	1239	1130	1048	1256	1049	1101
ENSG00000125462	368	643	508	548	559	486	595	629	577	641	602	501
ENSG00000125482	682	1249	866	699	800	766	644	649	623	728	697	609
ENSG00000125484	4105	6174	4458	3999	4331	4054	3769	3344	3268	3817	3698	3577
ENSG00000125485	981	1524	951	1051	1100	906	869	731	763	902	667	823
ENSG00000125492	0	1	0	1	2	0	0	0	1	3	0	0
ENSG00000125503	3947	6085	5119	4474	4448	4320	3655	3724	2932	4015	3607	3118
ENSG00000125505	2673	4363	3441	3431	4097	3612	2899	2685	2330	3107	2442	2464
ENSG00000125508	1	2	4	0	1	5	4	4	0	1	2	2
ENSG00000125520	2795	4600	4074	2679	2775	2678	2971	2733	2404	3184	3040	2569
ENSG00000125522	0	0	0	0	0	1	0	0	0	2	0	0
ENSG00000125531	49	135	101	73	46	85	61	79	58	89	91	53
ENSG00000125534	985	1790	1280	1519	1444	1386	1164	1041	924	1211	1067	887
ENSG00000125538	124	285	201	197	160	198	205	239	191	229	212	197
ENSG00000125551	155	260	136	299	279	225	282	249	285	302	194	216
ENSG00000125571	0	3	0	2	0	1	0	1	1	0	0	1
ENSG00000125611	568	1036	759	760	746	702	755	816	771	769	737	722
ENSG00000125618	2	10	7	5	4	4	6	10	2	3	8	2
ENSG00000125629	836	1587	1196	882	955	861	960	1066	789	1100	1183	744
ENSG00000125630	4230	6206	4286	4290	4434	3686	3607	3250	3245	3594	3235	3486
ENSG00000125633	1611	2457	1743	1480	1610	1459	1766	1863	1539	1940	1743	1631
ENSG00000125637	7589	13363	9953	8972	9265	8897	8790	8664	7366	9303	8289	7394
ENSG00000125648	1924	3569	2391	1873	1949	1875	2157	2036	1820	2530	2042	1863
ENSG00000125650	188	337	232	240	292	236	250	240	197	285	248	212
ENSG00000125651	3452	5680	4098	3764	4061	3705	3714	3328	2894	3684	3173	3223
ENSG00000125652	1210	2369	2180	2061	2296	2184	1767	1706	1564	1937	1851	1359
ENSG00000125656	2015	3178	2472	2097	2183	1970	1838	1736	1614	1995	1733	1689
ENSG00000125657	1001	1720	1330	1126	1194	1165	1232	1278	996	1387	1170	844
ENSG00000125676	7382	11512	7817	7240	7464	6556	7366	7202	6336	7700	6760	6712
ENSG00000125686	7883	12332	7561	7971	8577	7269	7661	6745	6373	7533	6049	7110
ENSG00000125691	11954	20740	16921	14561	16020	14145	12833	11182	10682	12814	12653	11156
ENSG00000125695	0	6	9	0	0	0	0	0	3	0	0	0
ENSG00000125703	982	1612	1212	1339	1489	1310	1126	1152	957	1160	1122	1047
ENSG00000125726	471	877	752	422	426	428	606	737	547	807	775	544
ENSG00000125730	146	371	260	209	178	241	299	351	221	340	364	281
ENSG00000125731	132	273	166	191	206	210	201	231	191	217	212	167
ENSG00000125733	791	1324	1049	909	1002	987	795	806	633	873	765	681
ENSG00000125734	2321	4114	3084	2918	2912	2666	2506	2638	2220	3077	2290	2237
ENSG00000125735	188	285	221	185	198	223	309	266	283	311	308	249
ENSG00000125740	1444	3001	2361	1386	1523	1351	760	1155	709	1130	1194	415
ENSG00000125741	2845	4640	3440	3530	3767	3260	2922	2817	2598	3154	2790	2722
ENSG00000125743	4017	7139	5284	4597	4905	4196	4211	3588	3488	3970	3743	3709
ENSG00000125744	252	545	404	326	295	339	357	388	326	461	345	328
ENSG00000125746	1439	2405	1834	1532	1581	1361	1399	1307	1186	1524	1303	1252
ENSG00000125753	10182	17817	13945	11172	12077	11438	10792	10593	8767	12081	10726	9938
ENSG00000125755	10654	16011	11987	11546	12009	10691	10922	10233	9575	11606	9988	10050
ENSG00000125772	4553	8552	6317	6135	6385	6374	6439	7176	5732	7436	6923	5494
ENSG00000125775	21	58	21	25	29	28	19	35	20	27	27	14
ENSG00000125779	1652	2780	2062	2020	2096	1794	1589	1500	1475	1781	1692	1418
ENSG00000125787	3	7	3	9	5	3	4	7	3	4	4	1
ENSG00000125810	287	512	374	505	500	474	462	384	366	436	343	363
ENSG00000125812	1031	1684	1183	1090	1194	1138	948	941	828	1020	928	1001
ENSG00000125814	677	1267	881	897	858	844	865	971	755	964	865	872
ENSG00000125817	6356	9699	8524	6725	7570	6466	5881	5150	5025	5817	5492	5435
ENSG00000125818	2601	3947	2829	2812	2959	2613	2780	2649	2228	2898	2441	2459
ENSG00000125821	1002	1550	1117	1004	1031	1004	920	851	654	958	855	758
ENSG00000125826	1943	3271	2665	2066	2127	1880	1866	1981	1552	2127	1932	1701
ENSG00000125827	3001	4873	3373	2560	2801	2242	2569	2503	2221	2852	2586	2588
ENSG00000125834	1652	2704	1827	1830	1861	1693	1893	1779	1498	1977	1525	1630
ENSG00000125835	7605	13451	10873	8471	9479	8512	7844	7372	6557	8065	7666	6905
ENSG00000125841	5	14	3	8	3	8	4	4	3	2	3	8
ENSG00000125843	690	1232	990	959	939	859	873	852	720	829	773	785
ENSG00000125844	3246	4973	4014	3676	3799	3501	2926	2886	2531	3197	2900	2902
ENSG00000125845	110	117	98	301	369	277	96	58	67	66	51	83
ENSG00000125846	309	574	412	330	341	321	389	417	304	455	370	311
ENSG00000125851	5	12	5	16	21	14	21	23	10	23	14	19
ENSG00000125863	1556	2409	1544	1201	1339	1082	1223	1173	1080	1384	1256	1205
ENSG00000125864	30	38	21	20	52	31	28	19	27	25	16	23
ENSG00000125868	2020	3492	2430	1688	1788	1608	1975	1847	1575	2118	1959	1722
ENSG00000125869	8988	14425	10650	12530	13221	11197	9149	8561	7848	9600	8287	8523
ENSG00000125870	1868	3123	2221	1908	2015	1821	1930	1764	1563	1891	1686	1624
ENSG00000125871	1099	1794	1271	1109	1174	1081	974	1035	865	1152	1001	972
ENSG00000125872	2	1	9	3	2	0	0	7	2	2	1	1
ENSG00000125875	1378	2283	1579	1409	1511	1463	1407	1405	1195	1552	1436	1369
ENSG00000125877	1200	1879	1476	1231	1350	1066	1066	1036	949	1066	1128	1023
ENSG00000125878	1	3	0	0	1	2	1	0	0	0	1	0
ENSG00000125885	2401	3638	2813	2468	2668	2344	2039	1965	1910	2127	2014	2001
ENSG00000125895	0	0	1	1	2	1	0	0	2	1	0	0
ENSG00000125898	546	1038	863	602	668	652	596	605	530	717	683	564
ENSG00000125900	19	32	21	20	32	18	25	28	25	31	28	29
ENSG00000125901	883	1359	1026	889	975	823	682	614	604	758	709	687
ENSG00000125910	17	24	16	28	29	32	12	21	12	19	16	11
ENSG00000125912	6460	9495	7609	6624	6930	6060	5437	4900	4647	5572	5301	4842
ENSG00000125931	2	2	5	5	0	6	0	11	0	6	0	12
ENSG00000125944	10368	16099	11371	11252	12186	10164	8881	7881	7769	8792	8116	8167
ENSG00000125945	420	769	626	505	568	483	493	572	442	631	638	421
ENSG00000125952	3110	5067	3933	2894	2972	2719	3196	3198	2553	3451	3033	2933
ENSG00000125954	24	59	23	27	37	10	20	45	68	67	22	14
ENSG00000125962	609	989	715	655	668	590	660	602	542	656	652	584
ENSG00000125965	1	1	1	0	0	1	0	0	0	0	3	1
ENSG00000125966	36	81	54	41	60	45	50	50	51	56	52	28
ENSG00000125967	601	1034	866	854	934	765	592	596	499	678	559	594
ENSG00000125968	89	167	118	204	240	225	90	84	87	75	95	75
ENSG00000125970	4497	7715	5657	5222	5543	5050	4627	4499	3670	4912	4162	3986
ENSG00000125971	375	552	458	406	421	349	384	330	291	417	441	337
ENSG00000125977	5603	8863	6756	5399	5923	4816	4962	4436	4221	4786	4545	4816
ENSG00000125991	4127	7443	5381	5015	5523	4824	4656	4472	3863	5025	4452	4041
ENSG00000125995	430	773	574	504	484	488	420	362	324	480	449	366
ENSG00000125999	4	3	8	10	9	3	15	8	11	9	13	11
ENSG00000126001	1994	2991	2362	2450	2487	2220	2357	2270	2053	2519	2279	2199
ENSG00000126003	3540	5724	3723	2896	3075	2500	3287	2995	2536	3445	2893	3318
ENSG00000126005	1002	1871	1482	1114	1362	1231	1246	1329	1009	1410	1319	1033
ENSG00000126010	2	7	3	4	3	7	11	5	3	11	2	2
ENSG00000126012	6419	10905	8363	7422	7858	7223	7032	6873	5924	7459	6839	6245
ENSG00000126016	77	141	99	56	67	74	72	100	76	88	76	67
ENSG00000126062	828	1394	1157	1017	1025	1008	903	825	722	940	825	711
ENSG00000126067	4455	6816	5502	4795	5347	4477	4349	3915	3493	4384	4246	3948
ENSG00000126070	3463	5611	3857	4355	4349	4029	4450	4747	4170	4975	4398	4070
ENSG00000126088	1003	1754	1386	1006	1096	968	1021	1101	835	1083	1056	1021
ENSG00000126091	7203	11622	8348	9662	9672	8863	8698	9838	8130	10135	8295	7973
ENSG00000126106	474	791	653	643	644	598	493	438	411	541	474	451
ENSG00000126107	1320	2226	1681	1587	1711	1509	1315	1239	1096	1316	1271	1235
ENSG00000126214	3114	4697	3739	4135	3974	3826	3196	3116	2759	3206	2994	2839
ENSG00000126215	2349	3108	2471	2085	2126	1730	1863	1628	1576	1991	1765	1655
ENSG00000126216	3916	6104	4203	4208	4470	3784	4382	4199	3439	4553	3883	3865
ENSG00000126217	27	96	58	41	44	53	53	68	54	72	72	43
ENSG00000126226	2272	3291	2420	1997	2065	1825	2019	2067	1929	2333	2031	2010
ENSG00000126231	0	1	3	0	1	2	0	4	1	0	4	2
ENSG00000126243	523	923	665	559	605	564	485	513	442	554	491	479
ENSG00000126246	352	589	509	565	621	546	407	421	385	479	405	394
ENSG00000126247	9968	16223	11952	12048	13200	11565	10112	9066	8204	10184	8836	8771
ENSG00000126249	254	380	350	219	266	247	218	249	216	232	254	209
ENSG00000126254	2740	4646	4166	3188	3489	3023	3006	2570	2350	2971	2854	2685
ENSG00000126259	311	628	510	287	265	310	421	392	364	531	459	350
ENSG00000126261	13644	21831	15969	12962	14295	12225	12231	11510	10484	12562	12508	11297
ENSG00000126262	6	12	12	3	8	6	4	7	6	8	5	11
ENSG00000126264	555	945	711	612	498	548	708	642	523	777	666	560
ENSG00000126267	1986	3341	2875	2590	2542	2260	2315	1912	1548	2252	2273	1845
ENSG00000126351	1051	1653	1359	780	774	625	934	880	750	1014	856	900
ENSG00000126353	12	7	8	121	108	88	29	16	20	18	19	12
ENSG00000126368	148	240	130	182	166	141	149	114	131	156	126	118
ENSG00000126391	1604	2509	2102	1709	1834	1673	1584	1556	1409	1807	1745	1527
ENSG00000126432	663	1245	1001	721	834	756	714	607	528	683	644	603
ENSG00000126453	1534	2525	2171	1607	1716	1554	1329	1227	1159	1496	1388	1345
ENSG00000126456	3990	6784	5237	4386	4568	4075	3820	3824	3319	4298	4033	3340
ENSG00000126457	13682	21898	16558	14770	15624	13644	11668	10277	10150	11670	10623	11071
ENSG00000126458	111	235	209	161	168	176	162	190	122	182	151	111
ENSG00000126460	33	86	40	47	55	41	48	39	41	52	48	32
ENSG00000126461	4821	8083	6713	5665	6018	5574	5013	4629	3991	5531	4704	4538
ENSG00000126464	3246	5664	4170	4634	4626	4272	3983	3541	3282	4288	3448	3416
ENSG00000126467	164	341	290	163	189	193	184	225	177	234	222	187
ENSG00000126500	86	206	129	89	72	64	74	65	71	86	72	75
ENSG00000126522	739	1182	992	857	916	863	748	744	633	872	744	680
ENSG00000126524	1112	1723	1286	991	987	952	1026	895	794	958	1047	935
ENSG00000126550	121	207	77	186	160	174	177	214	168	198	175	119
ENSG00000126561	1859	2861	2435	2439	2653	2446	2086	2090	1876	2393	2280	2113
ENSG00000126562	81	130	98	87	83	72	85	100	109	107	109	83
ENSG00000126581	2508	4008	2925	3083	3348	2948	2692	2582	2222	2820	2552	2558
ENSG00000126583	2	5	1	3	0	1	1	5	1	0	1	5
ENSG00000126602	4712	7325	5854	4529	4717	4021	4046	3707	3363	4196	3846	3810
ENSG00000126603	0	0	40	7	0	27	55	20	12	4	0	44
ENSG00000126653	804	1460	1062	1028	963	921	970	1033	904	1063	1030	913
ENSG00000126698	3290	5032	3769	3402	3674	3098	3051	2767	2535	2914	2875	2761
ENSG00000126705	1753	2974	2241	1769	1953	1630	1833	1752	1559	2006	1675	1610
ENSG00000126709	87	177	179	128	145	128	160	163	136	182	175	101
ENSG00000126746	1942	3460	2423	2217	2433	2190	2470	2315	1986	2658	2139	2073
ENSG00000126749	2156	3271	938	2154	2351	1905	1810	1727	1591	1891	1826	1740
ENSG00000126756	1687	2896	2094	2120	2232	1997	1930	1739	1588	1949	1640	1560
ENSG00000126759	208	513	316	796	885	911	814	594	591	671	562	458
ENSG00000126767	1124	2035	1357	1428	1487	1405	1252	1148	1011	1224	1094	1095
ENSG00000126768	714	1168	983	824	874	826	643	633	537	876	716	627
ENSG00000126773	3765	6024	4091	3939	4014	3678	4323	4663	3888	4896	4358	3971
ENSG00000126775	774	1519	1020	941	1006	939	1047	1070	883	1051	981	834
ENSG00000126777	5504	8338	5799	5524	5737	5094	5095	4816	4388	5085	4794	4564
ENSG00000126778	2	7	16	1	8	8	9	8	8	6	8	8
ENSG00000126787	3102	4684	3338	2701	3057	2494	2739	2540	2362	2633	2614	2737
ENSG00000126790	418	710	582	422	477	381	437	476	439	491	470	382
ENSG00000126803	589	955	742	684	668	591	611	590	527	641	610	578
ENSG00000126804	2653	4614	3333	3740	3916	3672	3004	2928	2557	3121	2933	2707
ENSG00000126814	1115	1787	1249	998	1105	935	1026	1085	974	1124	1000	1021
ENSG00000126821	14	26	14	54	53	35	15	15	12	11	19	11
ENSG00000126822	1773	2878	2119	1121	1280	1114	1807	1959	1655	2390	2040	1907
ENSG00000126856	9	13	10	25	21	21	20	14	10	7	13	12
ENSG00000126858	2249	3736	2542	2337	2664	2425	2369	2369	1989	2578	2156	2111
ENSG00000126860	1818	3441	2537	2695	2858	2724	2404	2708	1986	2653	2452	1907
ENSG00000126861	9	37	10	26	18	13	25	21	17	24	10	20
ENSG00000126870	396	761	495	515	487	525	578	550	529	628	531	450
ENSG00000126878	17	45	45	10	10	6	17	35	31	37	25	23
ENSG00000126882	11307	17696	13048	12955	13729	12589	11101	10020	9422	11900	9980	10082
ENSG00000126883	4309	6670	4343	4710	4709	4117	4184	4021	3680	4625	3752	3869
ENSG00000126895	43	83	56	78	49	49	53	59	38	47	26	38
ENSG00000126903	407	808	537	466	509	442	525	477	375	500	389	402
ENSG00000126934	6172	10539	8403	7803	8067	7346	6346	5839	5471	7047	6176	5577
ENSG00000126945	3810	5965	4270	4002	4332	3659	3445	3257	2955	3558	3459	3239
ENSG00000126947	4	4	2	8	10	2	4	1	3	1	1	3
ENSG00000126952	2	1	2	2	0	0	1	1	3	2	3	1
ENSG00000126953	633	1003	820	717	764	654	707	629	657	698	669	671
ENSG00000127022	2980	7191	7968	4502	3225	3679	4799	3642	3754	3834	6163	4976
ENSG00000127054	2989	4703	3652	3355	3513	3149	3216	3104	2738	3408	2916	2939
ENSG00000127074	4	12	3	8	1	4	3	1	3	7	5	2
ENSG00000127080	601	931	734	699	682	572	508	557	493	597	528	550
ENSG00000127081	289	595	363	472	463	423	437	479	352	454	332	377
ENSG00000127083	3	1	2	0	2	3	5	0	4	3	1	2
ENSG00000127084	1125	2281	1736	1517	1711	1589	1676	1543	1389	1764	1579	1245
ENSG00000127124	1607	2541	1833	1988	1935	1759	1798	1793	1505	1965	1619	1725
ENSG00000127125	1401	2536	1817	1661	1710	1601	1588	1529	1363	1544	1584	1393
ENSG00000127152	69	162	98	91	92	103	122	164	117	170	147	101
ENSG00000127184	2955	4632	3292	3203	3590	3007	2786	2677	2328	2947	2719	2551
ENSG00000127191	1224	1921	1323	1063	1211	967	1093	1069	907	1131	1080	1036
ENSG00000127220	203	381	360	390	351	329	269	324	276	355	246	229
ENSG00000127241	6	7	5	2	3	5	6	6	5	4	8	7
ENSG00000127249	21	78	66	53	43	57	70	86	58	91	67	68
ENSG00000127311	4632	7558	4939	4398	4544	4197	5258	5770	4746	6085	5333	5036
ENSG00000127314	6661	10783	7915	6969	7486	6508	6533	6731	5666	6776	6362	5879
ENSG00000127325	1	7	4	6	8	1	2	2	4	4	4	6
ENSG00000127328	218	281	188	197	173	157	138	112	129	151	112	158
ENSG00000127329	30	22	25	33	39	38	26	32	40	43	39	27
ENSG00000127334	2699	4455	3072	3727	3819	3466	2410	2481	2229	2757	2412	2380
ENSG00000127337	1201	2015	1464	1153	1326	1140	998	944	861	1037	1175	884
ENSG00000127362	14	23	16	28	15	24	35	47	27	47	27	29
ENSG00000127364	64	104	50	115	83	76	126	143	159	174	166	112
ENSG00000127366	10	29	16	16	15	19	18	47	22	22	17	20
ENSG00000127377	0	3	2	0	0	0	2	1	1	1	0	1
ENSG00000127399	25	39	46	40	34	42	52	40	35	56	64	33
ENSG00000127412	1	0	1	1	0	1	1	0	2	1	1	2
ENSG00000127415	537	830	674	769	854	647	589	528	444	573	507	446
ENSG00000127418	1528	2573	1887	1596	1526	1420	1553	1481	1471	1618	1426	1261
ENSG00000127419	445	628	550	489	489	472	493	468	486	563	504	461
ENSG00000127423	546	733	524	371	422	324	379	314	297	367	361	367
ENSG00000127445	2125	3559	2989	2612	2693	2426	2518	2353	2082	2545	2387	2226
ENSG00000127452	1169	2014	1562	1382	1455	1342	1213	1226	951	1376	1278	996
ENSG00000127463	5646	8713	6549	5464	5882	5243	5839	5664	5159	6602	5822	5409
ENSG00000127472	0	2	4	1	6	2	3	2	0	1	0	0
ENSG00000127481	16469	25643	18029	18765	19599	17185	18088	18293	16061	20490	17224	17318
ENSG00000127483	11911	19192	12906	13467	14069	12705	12524	12016	10706	13318	11588	11261
ENSG00000127507	2707	4534	3047	2323	2432	2152	2990	2994	2476	3368	2558	2781
ENSG00000127511	2040	3086	2473	2786	2822	2584	2646	2346	2138	2593	2251	2210
ENSG00000127526	4147	7104	5023	4948	5179	4749	4591	4561	3911	4928	4254	3645
ENSG00000127527	2136	3393	2399	2417	2614	2240	2323	2218	1916	2502	2051	1947
ENSG00000127528	399	764	717	296	300	235	179	189	97	185	231	89
ENSG00000127530	175	391	227	269	272	241	296	320	328	339	305	263
ENSG00000127533	448	855	707	992	1026	1009	773	698	787	832	709	583
ENSG00000127540	1126	1844	1349	1473	1536	1240	1226	968	954	1245	1207	1085
ENSG00000127554	484	788	612	567	632	559	465	412	406	457	430	403
ENSG00000127561	117	254	170	106	113	107	174	199	127	177	156	145
ENSG00000127564	2006	2950	2370	1900	1977	1720	1579	1560	1280	1635	1520	1484
ENSG00000127578	29	58	31	32	23	36	38	43	27	43	22	31
ENSG00000127580	757	1340	1022	936	999	953	712	691	576	737	706	696
ENSG00000127585	15	34	19	20	11	27	15	17	10	21	14	11
ENSG00000127586	2709	3791	2990	2453	2363	2183	2712	2499	2284	2744	2473	2366
ENSG00000127588	0	1	1	2	1	0	1	0	0	0	0	1
ENSG00000127603	21139	36616	24606	29749	31047	27480	28743	29771	25722	32268	28002	26300
ENSG00000127616	14531	22960	16162	16472	16647	14749	14034	12604	11911	14273	11985	12872
ENSG00000127663	6054	11310	8912	7877	8298	8316	7596	8123	6623	9022	7935	6012
ENSG00000127666	492	889	690	705	753	702	585	545	487	672	593	516
ENSG00000127720	434	684	495	529	579	547	463	395	354	467	434	382
ENSG00000127774	496	920	617	638	638	464	517	419	405	537	461	506
ENSG00000127804	2749	4204	2989	2553	2683	2339	2513	2453	2226	2700	2433	2484
ENSG00000127824	1396	2267	1894	911	1030	981	1458	1587	1288	1795	1714	1331
ENSG00000127831	24	47	27	9	17	18	19	12	20	23	30	12
ENSG00000127837	3027	4866	3873	3032	3252	2996	2914	2694	2501	2977	2792	2567
ENSG00000127838	1534	2429	1983	1440	1659	1370	1419	1301	1141	1469	1313	1347
ENSG00000127863	2	2	3	3	1	0	2	1	4	7	10	0
ENSG00000127870	3124	5048	3491	3095	3428	3176	2828	2805	2428	2853	2672	2739
ENSG00000127884	4598	6900	5974	4467	5014	4593	4411	4214	3789	4705	4667	4151
ENSG00000127903	18	17	19	16	11	19	14	21	20	18	17	15
ENSG00000127914	2369	4121	2780	3132	2982	2675	3151	3109	2583	3179	2857	2744
ENSG00000127920	5	4	6	25	30	24	5	3	2	7	3	8
ENSG00000127922	707	1000	749	704	721	602	683	586	495	602	652	593
ENSG00000127928	7	16	6	11	11	10	4	16	8	15	12	16
ENSG00000127946	2937	5437	3921	5177	5364	5091	4503	4819	3942	5278	4439	4162
ENSG00000127947	2774	4976	3416	2563	2744	2416	2707	2754	2169	2963	2658	2418
ENSG00000127948	1412	2254	1631	1758	1903	1741	1472	1339	1260	1506	1313	1343
ENSG00000127951	9635	16816	10694	13188	14364	12836	12236	12167	10881	13051	11675	11150
ENSG00000127952	708	1335	1116	867	989	846	830	791	673	882	827	726
ENSG00000127954	219	388	259	322	333	285	320	377	333	354	370	292
ENSG00000127955	149	334	224	146	165	165	270	246	230	285	288	271
ENSG00000127980	959	1582	1147	944	1139	969	995	1075	959	1195	1101	919
ENSG00000127989	838	1418	1028	874	880	767	922	856	745	951	862	808
ENSG00000127990	54	70	54	75	68	68	85	80	69	87	53	65
ENSG00000127993	625	1084	676	696	742	628	645	676	574	664	651	605
ENSG00000127995	967	1727	1052	1199	1258	1132	1107	1098	1037	1349	1110	1071
ENSG00000128000	1731	3014	2143	2381	2480	2228	2290	2572	2097	2692	2290	2176
ENSG00000128011	237	469	334	285	312	293	265	241	178	280	263	184
ENSG00000128016	979	2014	1376	1415	1344	1389	1310	1361	998	1405	1357	902
ENSG00000128039	1362	2173	1549	1395	1508	1184	1131	1125	1109	1285	1171	1170
ENSG00000128045	27	66	42	27	20	18	20	38	15	19	33	27
ENSG00000128050	21696	32768	24240	19970	21298	17918	18392	16940	15612	19441	18539	17136
ENSG00000128059	4011	6082	4024	3375	3553	3145	3104	3068	2717	3226	3270	2901
ENSG00000128159	3602	5844	4723	4272	4452	4158	4169	4115	3685	4600	3997	3751
ENSG00000128165	461	971	688	434	426	429	418	341	261	324	306	445
ENSG00000128185	754	1238	1015	702	763	699	660	569	596	731	745	663
ENSG00000128191	2268	3549	2672	2544	2686	2281	2196	2005	1740	2220	1906	2126
ENSG00000128203	291	485	361	354	364	339	322	266	225	305	291	334
ENSG00000128218	4	4	0	1	2	1	0	1	0	0	0	0
ENSG00000128228	692	832	852	579	604	490	422	399	345	430	419	386
ENSG00000128242	0	2	1	0	1	1	2	0	5	2	0	0
ENSG00000128245	4989	7578	5807	6051	6687	5396	4706	4179	3841	4632	4283	4481
ENSG00000128250	2	7	6	5	10	8	8	6	4	4	8	4
ENSG00000128253	1	5	1	1	0	1	1	1	0	2	0	2
ENSG00000128266	91	156	95	107	108	93	76	58	72	101	60	50
ENSG00000128268	12	60	36	26	19	32	36	23	24	27	28	30
ENSG00000128271	73	11	70	86	68	107	68	87	61	116	77	92
ENSG00000128272	13508	23438	19307	13868	14754	13701	11954	10692	9461	11719	12004	11200
ENSG00000128274	11	24	25	44	45	39	26	26	40	32	45	20
ENSG00000128276	0	1	0	2	1	0	0	0	0	0	2	0
ENSG00000128283	33	59	40	20	29	26	20	39	16	43	34	27
ENSG00000128284	16	24	17	49	46	60	13	18	17	28	19	9
ENSG00000128285	1	0	1	1	0	3	3	1	0	3	0	1
ENSG00000128294	2175	3913	3235	2894	3107	2813	3044	3105	2566	3240	3243	2614
ENSG00000128298	3	4	4	10	10	3	4	10	3	15	4	3
ENSG00000128309	2184	3694	2943	2536	2627	2467	2426	2308	2096	2489	2453	2112
ENSG00000128310	14	9	7	6	7	10	7	11	11	9	14	7
ENSG00000128311	1237	1957	1731	1414	1505	1290	918	912	810	1009	965	949
ENSG00000128322	190	358	266	35	26	28	97	127	93	170	134	165
ENSG00000128335	191	341	280	278	284	237	202	212	149	234	167	170
ENSG00000128340	5877	10574	7862	8036	7942	7413	7629	6912	5912	8096	6724	6428
ENSG00000128342	4	11	2	12	3	11	8	4	6	7	1	8
ENSG00000128346	13	27	28	25	25	19	19	10	11	26	18	13
ENSG00000128383	97	179	100	166	135	149	181	185	174	208	191	173
ENSG00000128394	206	459	396	367	380	337	351	382	291	409	336	252
ENSG00000128408	39	46	38	54	42	37	58	37	46	64	33	42
ENSG00000128422	1	0	8	0	0	4	0	4	1	0	3	2
ENSG00000128463	1836	2900	2103	1950	2135	1867	1816	1733	1478	1834	1636	1606
ENSG00000128482	2	6	8	6	8	1	4	8	3	7	5	7
ENSG00000128487	2646	4414	2977	3327	3445	3155	3266	3316	2924	3519	3005	2884
ENSG00000128510	6	14	12	20	15	16	17	16	22	26	28	13
ENSG00000128512	47	81	77	183	211	157	59	56	66	52	51	52
ENSG00000128513	1992	3442	2160	2054	2293	1999	2028	2125	1846	2333	2087	2051
ENSG00000128524	1760	2878	2002	1887	2030	1677	1787	1535	1432	1950	1649	1677
ENSG00000128534	2617	4297	2879	3083	3307	2876	3057	2861	2609	3037	2939	2645
ENSG00000128536	35	52	23	33	52	39	48	48	63	54	46	43
ENSG00000128563	1147	2054	1521	1317	1484	1407	1399	1314	1190	1462	1267	1052
ENSG00000128564	21	56	36	25	31	21	35	26	23	26	40	36
ENSG00000128567	467	692	434	491	478	423	394	307	339	381	310	335
ENSG00000128573	3693	6226	3954	5420	5779	4915	4704	4666	4275	5022	4246	4010
ENSG00000128578	871	1393	1051	881	995	807	994	1027	855	1072	942	935
ENSG00000128581	344	560	383	534	496	427	462	494	432	466	406	439
ENSG00000128585	6320	10415	6821	8248	8615	7467	6884	7003	6156	7448	6913	6222
ENSG00000128590	719	1473	1129	738	818	708	674	773	606	815	897	666
ENSG00000128591	0	1	2	0	0	3	5	1	4	5	5	6
ENSG00000128594	12	30	24	25	29	34	12	17	13	13	16	7
ENSG00000128595	5258	8882	6143	4851	5150	4398	4336	4202	3539	4496	4368	4441
ENSG00000128596	137	186	127	127	125	76	78	92	66	85	80	70
ENSG00000128602	0	1	0	2	1	1	0	0	0	0	0	0
ENSG00000128604	2437	3983	2986	2603	2774	2663	2924	2871	2533	3388	2849	2780
ENSG00000128606	64	124	86	54	58	49	59	69	53	85	65	64
ENSG00000128607	2436	3715	2668	2366	2657	2222	2469	2441	2123	2667	2564	2216
ENSG00000128609	1917	3195	2242	1822	2058	1719	1810	1774	1575	1905	1795	1686
ENSG00000128626	1645	2779	2160	1855	1943	1764	1715	1685	1442	1727	1561	1462
ENSG00000128641	42	98	55	86	61	112	73	57	61	83	76	39
ENSG00000128654	518	818	605	576	590	510	487	488	410	567	468	491
ENSG00000128655	1	1	1	2	0	1	4	2	2	1	2	4
ENSG00000128656	8	6	2	6	12	6	18	6	14	16	11	13
ENSG00000128683	50	80	59	82	85	88	47	53	47	50	47	41
ENSG00000128694	409	617	373	364	396	345	362	386	273	362	332	321
ENSG00000128699	1955	3145	2224	1986	2258	1895	1944	2088	1685	2220	2072	1769
ENSG00000128708	4463	7475	5464	4475	4742	3992	3934	3807	3479	4074	4081	3788
ENSG00000128731	7310	10581	7847	8835	9417	7972	7747	7425	6853	8348	7465	7721
ENSG00000128739	3441	5602	4541	2697	2919	2769	3250	3129	2534	3464	3358	3050
ENSG00000128789	2125	3342	2271	2293	2490	2087	1928	1703	1677	2013	1844	1810
ENSG00000128791	1784	2969	2201	1534	1816	1533	1379	1485	1171	1719	1604	1261
ENSG00000128805	48	86	25	86	79	76	74	89	73	77	78	45
ENSG00000128815	8019	12623	9057	9509	10457	9034	8659	8180	7347	9405	8046	7930
ENSG00000128829	3268	5385	3979	4060	4236	3798	3421	3250	2880	3347	3126	3201
ENSG00000128833	58	82	60	56	45	47	56	64	44	66	64	56
ENSG00000128849	87	132	87	60	61	70	92	72	106	112	80	87
ENSG00000128872	31	74	69	62	78	62	63	48	48	53	52	62
ENSG00000128881	4760	7828	5091	6169	6501	5633	5143	4927	4486	5225	4796	4737
ENSG00000128886	44	70	33	31	51	19	36	34	23	38	42	19
ENSG00000128891	1061	1933	1400	1215	1440	1181	1260	1349	1163	1437	1389	1266
ENSG00000128908	3329	4990	3612	3250	3473	3186	3108	3051	2790	3269	2986	2938
ENSG00000128915	3719	6207	4326	3498	3996	3321	3776	3967	3393	4149	4022	3700
ENSG00000128917	8	15	4	8	8	1	10	10	6	11	11	15
ENSG00000128918	1	9	4	6	3	1	0	4	0	3	2	0
ENSG00000128923	1878	3776	2549	2449	2554	2377	2242	2757	2025	2763	2421	1938
ENSG00000128928	3635	6023	4295	4429	4718	4095	3669	3418	3371	4049	3462	3411
ENSG00000128944	1033	1614	907	1064	1038	954	933	762	752	976	710	907
ENSG00000128951	6033	9638	7484	5292	5665	5102	5388	5316	4444	5994	5634	4732
ENSG00000128965	326	567	398	324	319	416	311	193	181	242	170	425
ENSG00000128973	3659	5686	3947	3568	3610	3184	2979	2918	2541	3114	2543	2702
ENSG00000128989	12705	19735	13063	12966	13592	11938	11557	11044	10050	12069	11273	11182
ENSG00000129003	17325	27822	18874	19785	21541	18835	19044	19831	17334	21565	19937	17837
ENSG00000129007	339	618	425	408	429	394	368	407	318	350	313	387
ENSG00000129009	3	8	1	0	0	1	5	0	0	12	3	7
ENSG00000129028	107	199	126	121	200	136	69	87	100	127	88	89
ENSG00000129038	16	17	38	22	12	16	21	39	13	25	23	17
ENSG00000129048	6	3	7	1	4	1	2	4	2	3	2	0
ENSG00000129055	1123	1886	1359	1197	1304	1088	1046	981	940	1153	1002	1023
ENSG00000129071	2063	3295	2396	2004	2143	2035	1900	1879	1663	2087	1874	1848
ENSG00000129083	7643	13205	9568	8357	8549	8020	7373	7649	6444	8066	7727	7183
ENSG00000129084	6274	10272	7259	6268	6966	5901	5575	5635	4939	6242	5752	5513
ENSG00000129103	3426	5818	4370	4255	4326	3844	3371	3042	2796	3593	3321	3016
ENSG00000129116	1	2	4	0	6	0	7	5	2	2	0	2
ENSG00000129128	17959	27781	19130	17666	19186	16392	12869	12671	11335	14067	13138	12801
ENSG00000129158	598	967	783	561	619	592	635	625	527	642	660	546
ENSG00000129159	2	6	4	3	3	4	4	3	0	8	2	5
ENSG00000129167	57	112	79	67	67	94	47	53	45	56	41	42
ENSG00000129170	17	17	17	6	19	13	15	17	16	4	9	12
ENSG00000129173	1203	1740	1173	1195	1287	1121	1202	1186	980	1216	1059	1144
ENSG00000129187	2949	4331	3338	2942	3202	2625	2602	2345	2262	2640	2439	2511
ENSG00000129194	10	14	8	11	6	6	11	13	9	6	7	4
ENSG00000129195	530	827	720	625	770	685	624	584	502	669	604	538
ENSG00000129197	1450	2387	1809	1886	1985	1665	1828	1821	1592	1776	1670	1577
ENSG00000129204	161	270	171	189	177	201	187	225	146	236	204	147
ENSG00000129214	0	0	0	0	0	1	0	0	3	1	1	0
ENSG00000129219	142	230	192	406	414	423	203	172	162	220	167	160
ENSG00000129221	67	128	86	100	107	100	123	120	132	154	121	113
ENSG00000129226	969	1975	1517	1587	1560	1529	1678	1680	1307	1880	1484	1120
ENSG00000129235	503	778	558	532	553	539	481	480	451	449	480	498
ENSG00000129244	0	0	6	2	2	5	3	3	7	4	4	4
ENSG00000129245	1411	2568	1983	1613	1747	1524	1435	1368	1213	1612	1449	1305
ENSG00000129250	1556	2441	1879	2599	2692	2345	1479	1253	1194	1489	1287	1373
ENSG00000129255	2097	3280	2400	2212	2334	2035	2100	1867	1725	2223	1904	1984
ENSG00000129292	4567	7066	4664	5628	5759	5179	4972	4697	4349	5112	4464	4468
ENSG00000129295	17	28	34	22	35	17	26	38	21	30	17	25
ENSG00000129315	4742	7626	5142	5006	5267	4785	4839	4878	4479	5649	4712	4727
ENSG00000129317	3499	5757	4013	3730	3947	3432	3436	3616	3090	3793	3833	3460
ENSG00000129347	1897	2940	2235	1994	2070	1950	1820	1776	1499	1849	1621	1617
ENSG00000129351	29201	44031	32675	31442	32828	28605	26953	24415	22988	27445	24265	24970
ENSG00000129353	183	418	392	281	223	270	341	366	306	467	366	221
ENSG00000129355	609	1029	748	598	642	707	626	647	458	726	631	587
ENSG00000129422	8	17	13	14	14	16	8	13	10	5	14	10
ENSG00000129437	2	0	0	3	3	2	1	1	0	0	0	0
ENSG00000129450	93	261	180	621	784	657	178	140	163	165	148	128
ENSG00000129451	48	86	95	79	86	80	81	83	80	80	62	57
ENSG00000129460	586	1016	783	719	712	668	613	602	566	681	673	563
ENSG00000129465	331	585	388	570	586	528	369	397	334	428	357	365
ENSG00000129467	102	206	137	269	205	249	169	209	183	216	192	183
ENSG00000129472	813	1559	978	1098	1213	1142	1069	1045	899	1190	986	941
ENSG00000129473	931	1608	1147	915	969	935	904	971	805	1082	951	829
ENSG00000129474	317	505	410	371	389	342	237	225	206	249	246	184
ENSG00000129480	1034	1500	1196	1179	1243	1099	976	976	942	1119	1000	981
ENSG00000129484	539	833	679	665	751	686	548	534	437	604	601	503
ENSG00000129493	859	1521	1012	1468	1493	1321	895	974	843	1030	904	992
ENSG00000129514	113	149	115	16	21	22	55	55	64	65	50	47
ENSG00000129515	3068	5251	3771	3719	3956	3473	3114	3120	2602	3169	3115	2898
ENSG00000129518	1368	2376	1682	1462	1565	1449	1491	1324	1174	1423	1281	1407
ENSG00000129521	4	19	7	6	5	7	14	29	13	16	14	3
ENSG00000129534	7415	11767	7855	6765	7391	6375	7080	7051	6290	7605	7080	6886
ENSG00000129535	59	75	63	80	93	66	60	59	79	45	49	48
ENSG00000129538	8	5	1	32	32	24	8	2	5	4	3	4
ENSG00000129559	1595	2657	1902	1753	1832	1619	1699	1451	1273	1747	1462	1421
ENSG00000129562	2619	4154	2778	2498	2558	2343	2337	2154	1949	2501	2000	2020
ENSG00000129566	3496	5538	4314	4910	5370	4726	3938	4010	3548	4150	3885	3790
ENSG00000129595	43	83	43	49	45	59	51	50	44	67	71	55
ENSG00000129596	6	14	10	9	13	7	14	7	7	9	14	10
ENSG00000129625	959	1561	1221	1546	1733	1433	802	778	768	883	965	804
ENSG00000129636	1570	2595	1809	1749	1941	1577	1501	1458	1214	1633	1503	1349
ENSG00000129646	51	98	90	51	68	40	61	65	66	61	67	47
ENSG00000129654	2	8	4	5	5	5	1	5	3	0	2	0
ENSG00000129657	2549	4165	3219	2882	3152	2779	2764	2733	2468	3017	2825	2491
ENSG00000129667	1176	2115	1572	1930	1894	1566	1881	1928	1639	2044	1880	1586
ENSG00000129673	1	3	1	1	0	0	5	0	0	1	1	0
ENSG00000129675	10703	17816	11860	9893	10848	9551	10763	10975	9071	11971	10550	10118
ENSG00000129680	1260	2020	1319	1207	1269	1107	1245	1152	1115	1273	1162	1145
ENSG00000129682	105	131	113	129	121	129	115	177	133	152	107	117
ENSG00000129691	4732	7770	5803	4916	5489	4750	5050	4718	4252	5361	5037	4675
ENSG00000129696	682	1138	877	692	729	689	708	679	551	711	628	635
ENSG00000129744	1	3	0	0	0	0	0	1	1	1	0	0
ENSG00000129749	31	41	37	28	48	38	44	42	32	37	28	29
ENSG00000129757	59	146	167	87	84	102	130	180	105	158	116	77
ENSG00000129810	943	1720	1116	974	1031	799	906	924	700	964	807	838
ENSG00000129824	6038	10018	7673	7234	7814	6945	6524	6228	5336	6847	6135	5545
ENSG00000129910	60	119	98	83	70	64	53	83	69	79	79	40
ENSG00000129911	3839	6316	5129	3889	4351	3951	4052	3760	3170	4335	3773	3476
ENSG00000129925	1974	2785	2260	2255	2385	2005	1702	1543	1363	1797	1600	1609
ENSG00000129932	708	1128	896	659	707	617	596	637	501	706	668	616
ENSG00000129933	4330	7896	5713	5434	5551	5213	4866	4915	3979	5347	4687	4356
ENSG00000129946	4	1	1	1	0	0	2	0	1	0	4	2
ENSG00000129951	11934	18993	16304	10211	11053	10123	9527	9536	8299	11144	9647	9202
ENSG00000129968	6273	10872	9164	7687	7883	7459	6517	6075	5118	6995	6259	5652
ENSG00000129988	4	2	0	5	3	5	3	4	2	3	5	3
ENSG00000129990	30	70	53	46	64	57	48	46	42	51	32	38
ENSG00000129991	16	14	19	10	6	14	16	25	15	25	14	12
ENSG00000129993	4276	7116	5354	4487	4819	4300	4462	4303	3885	4730	4225	4232
ENSG00000130005	1553	2346	2027	1691	1789	1684	1341	1295	1150	1360	1380	1175
ENSG00000130021	1030	1493	1067	1166	1302	1133	881	829	720	943	929	854
ENSG00000130023	226	330	0	320	135	173	287	40	0	90	86	323
ENSG00000130024	10419	16836	11975	14353	14942	13432	10729	10172	9353	10759	10095	9575
ENSG00000130035	8	4	12	13	23	12	5	21	14	19	5	5
ENSG00000130037	100	167	113	75	85	76	63	61	63	80	91	77
ENSG00000130038	1894	2840	2019	1719	1813	1531	1822	1703	1521	2033	1580	1617
ENSG00000130045	12	23	17	14	14	26	28	31	12	36	21	31
ENSG00000130052	3021	5097	3746	3020	2834	2737	2642	2546	2269	3021	2667	2464
ENSG00000130055	2	8	2	6	6	4	0	2	5	2	2	3
ENSG00000130066	427	919	750	502	544	575	445	521	308	507	496	357
ENSG00000130119	9499	15276	11027	11161	11784	10102	9740	8692	8565	9743	8829	8677
ENSG00000130147	1	0	0	7	8	13	3	0	0	2	1	0
ENSG00000130150	1026	1616	1140	986	981	949	963	1002	795	1028	915	832
ENSG00000130158	3172	5810	4512	4312	4500	4566	3822	3897	3185	4335	3821	3256
ENSG00000130159	1334	2295	1724	1359	1478	1280	1293	1272	1060	1395	1153	1174
ENSG00000130164	13858	25805	17992	13871	14404	14100	14118	14683	11774	16301	14094	11535
ENSG00000130165	723	1344	1090	903	997	913	844	807	701	799	801	714
ENSG00000130167	7	4	6	1	3	6	2	3	1	3	0	3
ENSG00000130173	0	0	0	1	2	0	2	0	0	3	0	1
ENSG00000130175	10135	17549	15225	11731	12402	11526	11597	10849	9761	12372	11311	10188
ENSG00000130176	0	3	0	0	1	1	0	0	0	0	0	1
ENSG00000130177	3068	4935	3779	3075	3398	2971	3255	3122	2738	3511	3099	2885
ENSG00000130182	7	10	9	6	6	1	4	7	10	18	11	19
ENSG00000130193	2292	3558	2828	2401	2578	2320	1958	2017	1733	2261	2121	1757
ENSG00000130202	2555	4682	3756	2777	2916	2799	2437	2614	2056	2889	2770	2416
ENSG00000130203	53	88	48	43	54	62	63	74	44	64	57	43
ENSG00000130204	7124	10793	8202	7241	7748	6543	6371	5430	5166	6091	5310	5691
ENSG00000130208	35	90	55	69	55	60	72	78	56	76	82	50
ENSG00000130222	4	10	3	8	2	3	3	1	4	11	6	0
ENSG00000130227	7451	10935	7771	7829	8328	6955	6938	6408	5892	7154	6130	6303
ENSG00000130244	671	1152	993	913	888	775	914	1093	785	1071	903	762
ENSG00000130254	3090	4579	3615	3159	3138	2877	3188	3201	2878	3338	3098	3062
ENSG00000130255	3428	6137	4647	4265	4351	3999	4103	3481	2969	4136	3565	3041
ENSG00000130270	2107	3813	2819	2455	2612	2373	1981	2215	1752	2313	2160	1773
ENSG00000130283	15	0	0	0	0	11	27	0	26	26	0	0
ENSG00000130287	2	0	7	3	4	5	4	5	1	1	2	1
ENSG00000130294	103	174	126	96	109	99	138	110	89	103	104	75
ENSG00000130299	1538	2333	1876	1801	1898	1686	1556	1606	1402	1673	1501	1412
ENSG00000130300	1	5	4	50	54	28	10	8	8	10	9	9
ENSG00000130303	4638	6752	5937	5300	5778	5194	4064	4004	3413	4348	4295	3749
ENSG00000130304	2497	4516	3328	4021	4113	3715	3142	3438	2811	3762	3222	2906
ENSG00000130305	1024	1594	1331	1408	1480	1368	1092	1022	960	1033	1019	950
ENSG00000130307	47	77	51	84	72	60	63	76	77	68	69	75
ENSG00000130309	19530	29503	22967	18209	19382	16820	17407	15615	14920	18759	16809	16465
ENSG00000130311	1228	2028	1505	1469	1522	1400	1395	1268	1101	1363	1216	1218
ENSG00000130312	692	1091	768	912	880	803	738	622	533	737	612	612
ENSG00000130313	3956	6907	5532	5258	5374	4843	4527	4069	3839	5073	4419	4245
ENSG00000130332	502	845	692	632	658	505	626	564	482	559	574	538
ENSG00000130338	2647	4025	2864	4513	4841	4056	2749	2358	2514	2695	2389	2517
ENSG00000130340	149	286	192	169	176	153	125	130	105	174	107	129
ENSG00000130347	474	630	531	518	495	436	376	272	327	376	388	377
ENSG00000130348	1221	1809	1267	1401	1527	1201	1101	979	918	1072	989	986
ENSG00000130349	317	523	384	339	397	284	356	341	298	375	374	328
ENSG00000130363	843	1579	1122	1016	1020	991	950	1013	777	1063	1009	794
ENSG00000130368	293	460	329	378	445	349	427	499	431	454	461	418
ENSG00000130377	16	23	26	8	20	12	17	6	12	23	25	9
ENSG00000130382	5453	9049	6366	6072	6432	5717	5566	5044	4423	5812	4591	4850
ENSG00000130383	0	0	2	0	0	0	1	0	2	1	0	0
ENSG00000130396	6330	10512	7432	9469	10268	8845	5575	5393	4700	5871	5182	5087
ENSG00000130402	16825	28062	19465	19551	20197	18149	18351	16568	15061	19482	16083	16607
ENSG00000130413	295	536	330	466	377	391	457	571	416	523	448	396
ENSG00000130414	3389	5256	3817	3731	3985	3486	3662	3731	3329	4006	3406	3335
ENSG00000130427	8	0	9	2	0	1	5	2	1	2	2	1
ENSG00000130429	6425	10235	8611	8004	8508	7528	6269	5935	5268	6536	6405	5672
ENSG00000130449	616	955	720	773	786	686	619	625	510	712	654	576
ENSG00000130475	2120	3581	2802	2664	2780	2637	2260	2427	2024	2687	2335	2035
ENSG00000130477	8	26	22	25	15	15	18	27	29	33	28	15
ENSG00000130479	2491	4368	3530	3565	3726	3514	2802	2623	2373	3173	2731	2472
ENSG00000130487	35	183	230	28	19	39	29	64	20	45	55	31
ENSG00000130511	3070	4976	4039	3589	3808	3431	2926	2761	2351	3056	2586	2565
ENSG00000130513	1	13	12	9	11	11	2	2	3	6	2	3
ENSG00000130517	4836	9247	7210	7104	7573	7398	6237	6423	5129	6870	6202	5532
ENSG00000130518	251	426	270	489	464	453	413	391	371	369	263	367
ENSG00000130520	3332	4890	4179	3684	3968	3186	2637	2365	2264	2644	2550	2413
ENSG00000130522	14675	26960	25579	15085	15519	14932	14380	14369	10857	14452	13070	11190
ENSG00000130528	12	17	6	4	14	13	10	11	12	7	9	11
ENSG00000130529	2473	5080	3969	4287	4520	4439	3450	3304	2936	3847	3599	2834
ENSG00000130540	35	42	33	37	28	34	43	35	37	30	38	20
ENSG00000130544	2112	3680	2678	2513	2686	2569	2669	2639	2395	2826	2629	2495
ENSG00000130545	3	10	10	8	10	11	7	13	5	15	6	3
ENSG00000130559	2376	4034	2825	2651	2969	2410	2646	2546	2225	2829	2567	2405
ENSG00000130560	710	1002	791	552	609	518	691	570	490	650	611	576
ENSG00000130561	149	312	210	268	250	220	234	325	232	290	295	227
ENSG00000130584	259	523	380	473	548	500	434	422	416	502	418	394
ENSG00000130589	3025	6319	5230	4252	4537	4520	3663	3839	3156	4365	4041	3197
ENSG00000130590	606	947	726	576	601	491	541	547	421	645	521	485
ENSG00000130592	913	2840	2250	3193	3223	3987	4165	3871	3709	4544	3920	2175
ENSG00000130595	1	3	5	0	2	0	1	2	2	2	1	0
ENSG00000130598	19	59	33	45	52	54	46	52	36	47	48	30
ENSG00000130635	28	54	39	63	56	55	54	61	67	63	59	34
ENSG00000130638	5764	8931	6551	6687	7360	6353	5693	4961	5159	5709	5526	5141
ENSG00000130640	3914	6410	4682	4749	5108	4561	4752	4530	4014	4966	4364	4117
ENSG00000130643	0	1	1	1	1	2	3	0	0	0	4	0
ENSG00000130649	43	72	58	41	47	48	37	42	41	33	46	49
ENSG00000130653	314	836	636	385	385	385	483	633	482	668	562	414
ENSG00000130669	1078	1798	1409	1183	1289	1279	1210	1127	1004	1238	1079	1015
ENSG00000130684	931	1630	1164	986	939	980	1181	1194	1033	1319	1155	1058
ENSG00000130695	3233	5201	3698	3258	3352	2969	3261	3089	2839	3677	3067	2963
ENSG00000130699	959	1642	1194	1184	1260	1126	1004	938	815	956	875	892
ENSG00000130702	119	226	217	216	199	227	182	181	149	187	159	135
ENSG00000130703	1727	2774	2093	2005	2092	1972	2012	2196	1920	2278	1976	1906
ENSG00000130706	2191	3364	2903	2431	2753	2224	2037	1668	1634	1966	1755	1872
ENSG00000130707	4620	7052	5051	2644	2967	2325	2740	2911	2254	3276	2936	3191
ENSG00000130711	20	26	40	21	26	20	23	22	20	30	21	19
ENSG00000130713	3691	5861	4303	4317	4169	3700	4120	4137	3801	4373	4096	3855
ENSG00000130714	684	1088	929	759	778	745	755	776	706	891	841	716
ENSG00000130717	857	1328	1106	956	900	784	842	787	734	936	881	775
ENSG00000130720	208	304	243	116	113	96	212	183	190	268	191	206
ENSG00000130723	11098	18127	13752	13049	13592	12433	13579	12908	11813	14774	12694	12424
ENSG00000130724	2434	3756	3113	2722	2767	2548	2431	2241	1917	2313	2357	2305
ENSG00000130725	3018	4615	3412	2757	3023	2564	2857	2438	2039	2774	2383	2322
ENSG00000130726	28429	43513	35571	30018	31976	28093	25268	23233	21866	26363	25384	23412
ENSG00000130731	957	1467	1022	1109	1110	900	959	799	825	1035	837	857
ENSG00000130733	1836	3028	2587	1863	2054	1957	1998	1991	1670	2335	2015	1701
ENSG00000130734	891	1512	1206	1044	1006	883	987	994	846	1095	986	907
ENSG00000130741	28086	47924	33653	33839	36031	32879	30751	29012	26519	32575	29158	27704
ENSG00000130748	996	1619	1383	1118	1198	1148	973	877	806	934	875	807
ENSG00000130749	7925	12650	9918	8769	9231	8138	7331	6686	6215	7600	6689	6766
ENSG00000130751	22	41	30	25	33	34	42	29	39	38	42	40
ENSG00000130755	4048	7345	5665	4976	5097	4621	4531	4524	3745	4836	4562	4216
ENSG00000130758	755	1126	974	876	887	838	552	635	496	619	540	496
ENSG00000130762	30	47	20	31	32	30	32	19	20	29	36	32
ENSG00000130764	2534	4104	3339	2807	3134	2822	2637	2302	2223	2677	2556	2401
ENSG00000130766	840	1494	1161	919	947	942	686	525	537	542	484	732
ENSG00000130768	2	2	4	2	2	1	0	0	1	1	0	2
ENSG00000130770	462	730	432	492	513	413	526	498	431	528	482	487
ENSG00000130772	975	1743	1462	1295	1395	1291	1118	1129	1011	1161	1308	1040
ENSG00000130775	427	844	640	513	562	546	559	694	498	744	616	491
ENSG00000130779	2175	3747	2625	5451	5621	4729	3154	2924	2757	3081	2795	2699
ENSG00000130783	37	60	36	59	45	46	40	55	34	55	44	60
ENSG00000130787	49	70	67	24	27	23	32	46	51	58	42	37
ENSG00000130803	2776	4756	3297	3058	3128	2940	3085	2921	2645	3086	2663	2677
ENSG00000130810	2514	3909	2769	2720	2546	2275	2443	2282	2039	2509	2092	2258
ENSG00000130811	4511	7409	5572	5619	5818	5158	4902	4196	3956	4847	3985	4263
ENSG00000130812	63	122	107	74	55	86	104	156	100	134	122	69
ENSG00000130813	815	1328	1121	1115	1198	1029	1074	1119	1027	1179	958	918
ENSG00000130816	21674	31983	23817	35601	37874	33274	20664	18964	17914	21310	18683	18680
ENSG00000130818	2636	4499	3185	3248	3405	3155	3419	3670	3234	3705	3420	2932
ENSG00000130821	1656	6617	5540	2487	2563	3005	4522	6019	3644	5976	5356	2861
ENSG00000130822	47	196	182	62	50	68	149	279	123	260	248	104
ENSG00000130826	5428	8404	6280	5087	5617	4591	4645	4010	3999	4577	4439	4452
ENSG00000130827	985	2021	1422	1145	1215	1182	1292	1496	1188	1701	1463	1180
ENSG00000130829	17	24	18	4	12	9	5	11	10	16	24	7
ENSG00000130830	1410	2371	1622	1152	1317	1200	1487	1567	1170	1752	1501	1445
ENSG00000130844	411	692	470	480	501	433	492	517	494	520	461	463
ENSG00000130856	1897	3040	1981	2096	2273	1863	2005	2045	1758	2186	1770	1916
ENSG00000130876	9	9	7	15	4	12	6	10	7	12	7	9
ENSG00000130881	3101	4579	3808	2665	2789	2427	2681	2516	2306	2903	2670	2510
ENSG00000130921	1379	2164	1544	1692	1719	1591	1949	1984	1762	1992	1822	1762
ENSG00000130935	3361	5326	3878	3389	3744	3077	3082	2828	2748	3260	3084	3065
ENSG00000130939	3046	5067	3628	3600	3811	3479	3282	3113	2639	3641	3190	2902
ENSG00000130940	135	248	184	185	221	163	116	108	121	120	108	118
ENSG00000130943	15	43	36	16	38	31	27	34	33	50	38	17
ENSG00000130956	69	113	87	93	89	116	73	49	58	84	81	70
ENSG00000130958	291	488	299	420	432	386	330	453	320	471	344	331
ENSG00000130962	539	842	483	316	318	270	355	455	311	454	437	389
ENSG00000130985	16853	27160	19893	21776	23248	20322	16214	15092	13776	17243	14986	14766
ENSG00000130988	0	5	3	1	2	6	1	0	5	2	0	2
ENSG00000130997	165	267	191	187	163	146	139	166	169	204	170	135
ENSG00000131013	1102	1814	1277	1272	1229	1192	1199	1144	1030	1277	1142	1083
ENSG00000131015	40	61	51	28	41	45	25	20	19	20	17	31
ENSG00000131016	2	3	3	2	0	1	1	1	0	4	0	2
ENSG00000131018	496	823	627	813	836	747	762	698	626	764	649	616
ENSG00000131019	272	428	362	478	448	427	304	286	276	246	258	315
ENSG00000131023	3302	5640	3685	3765	3860	3609	3551	3620	3182	3866	3378	3413
ENSG00000131037	611	1220	978	783	823	780	708	680	584	741	694	654
ENSG00000131042	0	0	0	6	0	0	0	1	0	2	0	0
ENSG00000131043	1304	2193	1548	1492	1716	1479	1330	1106	1086	1287	1120	1240
ENSG00000131044	8	12	9	4	10	5	14	8	4	9	7	6
ENSG00000131051	11029	18506	12797	12290	12746	11459	12417	12576	10937	13135	12005	10943
ENSG00000131061	549	863	674	630	618	612	690	741	661	743	694	672
ENSG00000131067	537	1073	840	717	768	690	681	655	591	744	594	601
ENSG00000131069	6001	12425	9862	5253	5544	5659	5744	6577	4634	7051	6786	6256
ENSG00000131080	168	248	171	155	153	167	191	165	195	213	171	174
ENSG00000131089	1199	2214	1565	1394	1476	1301	1277	1432	1188	1450	1276	1249
ENSG00000131094	0	1	0	0	2	2	2	0	2	0	0	0
ENSG00000131095	17	42	31	39	39	15	39	44	27	45	37	36
ENSG00000131096	1	4	0	2	6	2	1	1	2	0	0	0
ENSG00000131097	0	1	0	0	2	1	0	0	0	0	0	0
ENSG00000131100	2576	4091	3179	2874	2991	2798	2614	2377	2161	2853	2419	2428
ENSG00000131115	781	1570	1028	951	999	906	1056	971	879	1081	877	927
ENSG00000131116	662	1095	1015	844	904	857	791	710	675	822	786	651
ENSG00000131126	0	0	3	1	0	0	0	2	0	0	4	0
ENSG00000131127	1587	2924	1922	2050	2160	1887	2313	2568	2144	2671	2288	2252
ENSG00000131142	0	0	1	0	0	0	0	1	0	3	0	0
ENSG00000131143	7396	11984	9681	7456	8345	7540	7098	6545	5563	7046	6841	5994
ENSG00000131148	1455	2222	1753	1578	1680	1397	1220	1168	1068	1330	1275	1230
ENSG00000131149	6776	11170	8063	7646	8099	7167	7320	7317	6394	8006	6864	6714
ENSG00000131152	21	11	16	15	12	6	7	23	2	2	5	0
ENSG00000131153	1709	2770	2057	1599	1758	1358	1606	1493	1324	1701	1607	1562
ENSG00000131165	2754	4624	3632	3206	3361	2940	2743	2578	2360	2991	2698	2555
ENSG00000131171	4317	7756	4989	4950	5301	4823	4657	4914	4170	5272	4657	4706
ENSG00000131174	2101	3386	2833	2418	2505	2011	2254	1737	1721	2217	2042	1958
ENSG00000131183	0	0	0	0	3	0	0	1	2	0	2	0
ENSG00000131187	31	77	41	22	24	25	27	37	42	34	33	26
ENSG00000131188	225	389	336	247	256	208	225	208	169	264	239	177
ENSG00000131196	1536	2674	2104	2397	2479	2376	2174	1972	1792	2049	1831	1699
ENSG00000131203	120	192	105	162	165	141	180	182	194	188	149	175
ENSG00000131236	17146	28300	19279	18566	20246	17612	17483	16729	14432	18561	15796	16252
ENSG00000131238	7668	11584	7541	5929	6216	5419	6426	6218	5368	7028	6161	6297
ENSG00000131242	200	356	286	371	367	323	300	386	329	357	341	266
ENSG00000131263	10129	17006	11792	10992	11765	10217	9488	9877	8808	10932	10017	9244
ENSG00000131269	1793	2866	2002	1759	1806	1660	1828	1740	1470	1923	1742	1545
ENSG00000131323	2857	4439	3364	2922	2938	2580	2574	2426	2221	2779	2527	2583
ENSG00000131351	689	1012	731	623	659	605	649	598	526	644	594	588
ENSG00000131368	2793	4145	2821	2642	2811	2385	2395	2576	2194	2642	2365	2290
ENSG00000131370	162	350	204	238	277	264	173	168	133	180	157	140
ENSG00000131373	907	1393	994	969	1054	1002	739	787	658	804	805	775
ENSG00000131374	10521	16954	11513	11039	11821	10586	10133	9879	8738	10999	9793	9376
ENSG00000131375	1597	2558	1920	1699	1843	1672	1542	1587	1418	1678	1613	1470
ENSG00000131378	1850	2989	2282	3648	3786	3290	2214	1666	1683	2090	1815	1790
ENSG00000131379	4	4	2	1	4	6	1	0	4	3	0	0
ENSG00000131381	997	1695	1301	1090	1104	1004	1098	1087	983	1141	1204	1085
ENSG00000131386	103	130	84	117	110	91	114	142	97	140	108	104
ENSG00000131389	5990	9356	6419	5527	5749	5010	4372	4439	3665	4620	3962	3992
ENSG00000131398	599	1027	743	875	871	884	817	781	672	776	603	573
ENSG00000131400	24	59	36	39	51	52	47	60	30	67	48	29
ENSG00000131408	2316	3941	3057	2750	2857	2537	2611	2507	2082	2789	2530	2251
ENSG00000131409	11	31	24	24	11	18	14	13	30	11	18	13
ENSG00000131435	3	4	1	0	4	2	2	1	1	2	0	1
ENSG00000131437	394	648	385	410	428	391	475	386	414	438	415	401
ENSG00000131446	4650	7979	6487	5616	5874	5577	5110	5073	4347	5699	5199	4349
ENSG00000131459	0	3	0	1	3	3	3	0	0	1	1	1
ENSG00000131462	1405	2050	1501	1387	1543	1246	1175	952	927	1076	984	1048
ENSG00000131467	6224	8953	6718	6652	7160	5827	5170	4323	4327	4844	4535	4979
ENSG00000131469	1273	2128	1562	1625	1736	1547	1492	1275	1206	1512	1340	1183
ENSG00000131470	223	319	213	216	219	161	201	188	134	194	163	198
ENSG00000131471	18	5	10	14	12	8	7	7	6	4	3	8
ENSG00000131473	38716	64642	44015	29671	30854	28097	28536	27025	22789	31141	27318	29796
ENSG00000131475	1422	2471	1629	1626	1707	1363	1603	1484	1297	1625	1352	1426
ENSG00000131480	34	49	23	43	29	42	37	38	30	37	30	36
ENSG00000131495	633	1033	884	837	886	807	840	654	609	724	748	652
ENSG00000131503	8619	13685	8541	8966	9583	8939	10228	10028	9025	10834	9535	9062
ENSG00000131504	35513	57260	43415	34973	38927	34288	33130	33506	28120	37188	35093	32363
ENSG00000131507	2397	4144	2834	2353	2554	2219	2536	2608	2243	2823	2556	2391
ENSG00000131508	3127	5260	3687	3921	4327	3719	3036	3059	2657	3325	3063	2819
ENSG00000131558	4247	7281	4939	4508	4514	4052	4446	4365	3869	5037	4503	4059
ENSG00000131584	3248	4999	4200	3844	3706	3272	3266	3122	2900	3530	3327	2790
ENSG00000131591	764	1158	937	722	767	700	696	710	589	716	650	693
ENSG00000131626	1460	2253	1569	1732	1834	1570	1524	1508	1284	1562	1376	1313
ENSG00000131634	100	188	165	202	217	167	112	108	104	153	147	101
ENSG00000131650	220	340	300	174	178	175	221	263	166	268	278	195
ENSG00000131652	1554	2535	2071	1633	1677	1600	1410	1329	1115	1473	1527	1328
ENSG00000131653	5029	7557	5831	5184	5577	4756	4168	3798	3552	4451	3762	3969
ENSG00000131668	109	170	141	57	45	37	83	93	92	138	106	76
ENSG00000131669	380	735	560	457	493	424	468	404	375	492	389	371
ENSG00000131686	6	5	5	0	6	3	4	5	4	4	3	5
ENSG00000131697	2244	3489	2824	2355	2486	2228	2192	2236	1970	2405	2308	2143
ENSG00000131711	4	13	5	1	8	2	2	4	1	3	0	1
ENSG00000131721	7	3	16	12	5	7	11	8	12	8	9	5
ENSG00000131724	1461	2183	1535	1520	1557	1371	1544	1485	1243	1750	1537	1437
ENSG00000131725	787	1271	825	866	877	773	755	793	635	867	672	754
ENSG00000131730	1	6	1	0	0	0	3	4	3	2	0	1
ENSG00000131732	627	1076	775	645	720	600	710	615	567	711	712	621
ENSG00000131746	3	3	4	3	3	6	10	2	2	7	0	4
ENSG00000131747	28827	43780	31013	29965	32357	27355	23858	21436	20166	23411	22973	22941
ENSG00000131748	1293	2215	1658	1601	1676	1476	1441	1386	1224	1570	1329	1136
ENSG00000131759	2632	4594	3501	3327	3585	3297	3229	2888	2589	3345	2861	2659
ENSG00000131771	0	1	3	0	0	0	1	0	0	2	0	0
ENSG00000131773	14	37	15	24	19	21	21	17	11	12	15	16
ENSG00000131778	3246	5310	3757	2745	2829	2627	2740	2611	2312	2829	2667	2587
ENSG00000131779	804	1275	950	1042	1063	967	868	785	669	900	828	831
ENSG00000131781	224	380	300	226	275	225	262	318	235	325	250	203
ENSG00000131788	679	1128	794	656	721	634	720	764	650	893	753	672
ENSG00000131791	639	1035	705	675	640	589	635	703	588	690	730	566
ENSG00000131828	3050	4740	3315	2568	2744	2323	2647	2436	2096	2666	2500	2461
ENSG00000131844	4310	6559	5077	5008	5409	4542	4063	3464	3572	4209	3796	3790
ENSG00000131845	605	1059	811	705	795	677	679	686	534	783	713	627
ENSG00000131848	693	1001	742	591	643	598	461	523	441	610	534	411
ENSG00000131849	232	394	325	276	271	261	293	342	260	400	307	250
ENSG00000131871	565	901	807	593	594	589	565	553	455	609	593	514
ENSG00000131873	9951	17768	12150	8201	8829	7841	8308	9156	7213	10068	8936	8125
ENSG00000131876	2026	3307	2354	2066	2127	1857	1850	1736	1531	1894	1830	1731
ENSG00000131899	1151	1969	1554	1488	1548	1497	1010	1012	953	1127	989	960
ENSG00000131914	50	87	44	53	50	60	78	65	66	66	66	62
ENSG00000131931	908	1414	903	949	997	854	763	709	661	807	773	698
ENSG00000131941	14	19	18	29	23	22	11	21	9	11	16	9
ENSG00000131943	1132	1849	1469	1418	1499	1318	1159	1190	997	1270	1217	1169
ENSG00000131944	342	479	380	313	324	283	280	319	228	325	302	238
ENSG00000131966	1187	1932	1263	1219	1507	1208	1214	1152	1060	1225	979	1056
ENSG00000131969	89	134	117	105	106	74	128	117	114	137	104	127
ENSG00000131979	274	441	366	288	301	247	254	250	197	253	251	258
ENSG00000131981	12	43	29	10	18	14	13	37	24	28	28	25
ENSG00000132000	5	21	15	5	16	7	12	9	9	17	19	8
ENSG00000132002	3351	5703	4408	3922	4035	3629	3302	2917	2727	3282	3019	2833
ENSG00000132003	1099	2021	1514	2045	2074	1916	1149	1077	954	1328	1050	1076
ENSG00000132004	714	1167	932	720	751	626	602	596	512	698	703	618
ENSG00000132005	1062	1711	1272	1339	1396	1213	1028	1012	915	1264	1071	987
ENSG00000132010	174	237	192	207	217	241	213	244	160	230	216	185
ENSG00000132016	170	235	186	176	153	152	151	144	122	159	128	140
ENSG00000132017	1716	3074	2224	2022	2229	1981	1900	1784	1632	2061	1633	1607
ENSG00000132024	2344	3914	3027	2783	2790	2528	2579	2405	2113	2550	2351	2262
ENSG00000132026	24	43	22	17	15	26	23	39	36	38	28	34
ENSG00000132109	795	1429	1115	800	854	792	905	917	751	1037	994	834
ENSG00000132122	91	149	123	157	180	145	92	111	79	141	70	100
ENSG00000132128	3362	5735	4106	3970	4276	3693	3652	3455	3021	3930	3396	3157
ENSG00000132141	184	352	277	261	275	258	277	240	255	285	269	221
ENSG00000132153	4491	6443	5188	4636	4841	4220	3945	3552	3459	3961	3579	3671
ENSG00000132155	5577	8807	6200	6140	6212	5821	5477	5456	4788	5786	5026	4902
ENSG00000132164	11	16	8	7	11	6	21	19	18	23	8	11
ENSG00000132170	6	7	13	1	7	5	5	6	7	6	14	3
ENSG00000132182	24771	39084	28038	28153	30526	26261	27172	24499	23731	29168	24470	24151
ENSG00000132185	5	22	26	2637	3068	2935	47	17	29	26	40	30
ENSG00000132196	1142	2019	1421	747	856	845	850	1109	819	1181	982	913
ENSG00000132199	3336	5570	3909	3457	3538	3067	3977	4361	3668	4705	3921	3524
ENSG00000132205	7729	12202	9403	6442	6990	6277	6880	6936	5834	7863	6970	6853
ENSG00000132207	2340	3466	3366	2597	2995	2696	2526	2178	2214	2811	2614	2019
ENSG00000132254	1566	2519	1815	1701	1760	1520	1661	1467	1261	1690	1487	1372
ENSG00000132256	1441	2503	1752	1754	1870	1724	1632	1535	1393	1724	1520	1483
ENSG00000132259	15	48	20	24	23	31	39	26	35	28	32	20
ENSG00000132274	3170	4960	3507	3893	4016	3376	3870	4040	3718	4427	3774	3770
ENSG00000132275	1282	2065	168	1429	1457	1434	1469	1573	1351	1652	1479	1302
ENSG00000132286	2047	3466	2369	2056	2162	1829	2237	2100	1836	2455	1878	2073
ENSG00000132294	8075	12660	8978	8751	9621	8202	7350	7099	6537	7878	7348	7231
ENSG00000132297	21	30	16	36	29	46	23	37	25	43	12	52
ENSG00000132300	5284	8221	5839	5207	5243	4573	5283	5322	4657	5547	5080	4881
ENSG00000132305	5420	8684	6428	5458	5892	5253	5494	4829	4364	5471	5229	4860
ENSG00000132313	1576	2315	1652	1540	1688	1416	1292	1232	1171	1346	1311	1215
ENSG00000132323	1411	2141	1579	1616	1802	1520	1239	1185	1061	1308	1101	1142
ENSG00000132326	2017	3255	2239	2022	2029	1836	2369	2131	2027	2455	1954	2123
ENSG00000132329	11	11	8	19	26	25	14	17	3	6	11	9
ENSG00000132330	1515	1959	1347	1365	1519	1276	1299	1200	1189	1439	1127	1347
ENSG00000132334	3237	5841	3979	1767	1611	1601	2938	3467	2580	3714	3219	2702
ENSG00000132341	18613	28346	22217	18065	19813	17008	16192	14192	13693	15520	15935	14777
ENSG00000132356	2817	4612	2937	2725	3055	2729	2746	2801	2374	3023	2718	2635
ENSG00000132357	936	1503	993	863	989	813	883	929	659	999	862	844
ENSG00000132359	893	1685	1278	1455	1468	1398	1409	1494	1230	1625	1319	1137
ENSG00000132361	7819	11106	8678	7318	7488	6323	6262	5410	5161	6355	5411	5825
ENSG00000132376	849	1333	1146	1169	1241	1090	874	881	802	955	850	832
ENSG00000132382	6671	9314	7347	6502	6590	5693	5682	4859	4644	5558	4851	5229
ENSG00000132383	7466	11371	8706	7416	7932	6767	7339	6700	6186	7410	7245	6506
ENSG00000132386	917	1712	1454	2536	2702	2546	1834	1534	1510	1899	1751	1327
ENSG00000132388	4821	7717	4933	5478	5684	4892	4241	3861	3690	4368	3804	4031
ENSG00000132394	18	48	36	87	41	28	36	20	14	24	22	32
ENSG00000132405	5710	9268	7146	9384	9881	9074	6813	6224	5921	6833	6267	5587
ENSG00000132406	564	922	763	637	712	647	527	556	497	562	590	553
ENSG00000132423	295	591	405	318	341	299	285	237	218	297	250	261
ENSG00000132424	4655	8176	5180	5689	5831	5249	5543	6115	4862	6293	5443	4956
ENSG00000132432	735	1250	894	792	767	744	659	630	548	714	676	556
ENSG00000132434	763	1179	838	980	975	870	745	670	647	803	736	701
ENSG00000132436	1665	2691	1755	1252	1386	1315	1542	1705	1364	1731	1652	1569
ENSG00000132463	5389	8711	6268	6209	7071	6179	5324	5135	4741	5702	5195	4845
ENSG00000132466	12855	20678	12782	12754	13683	11446	12164	11698	10282	13014	10443	11293
ENSG00000132467	993	1654	1263	1199	1264	1064	1053	923	952	958	1003	953
ENSG00000132470	22	64	35	38	29	45	51	38	42	53	36	41
ENSG00000132471	2161	4274	3122	2241	2301	2362	2551	2657	2098	3100	2555	2382
ENSG00000132475	16829	28835	22306	22907	24622	22018	15877	14764	13161	15627	15344	13695
ENSG00000132478	1473	2401	1775	1821	1773	1532	1566	1528	1382	1684	1406	1448
ENSG00000132481	16	36	24	14	13	13	22	23	10	22	23	17
ENSG00000132485	7023	10890	7432	6603	7196	6347	5210	5392	4720	5784	5600	5047
ENSG00000132507	19517	29335	22472	19202	21124	17287	16630	13622	13243	16432	14030	14705
ENSG00000132510	1845	3313	2674	2171	2322	2121	2137	2252	1836	2595	2164	1895
ENSG00000132514	214	380	303	525	537	549	759	494	528	515	473	398
ENSG00000132517	185	255	182	240	258	209	216	294	264	257	246	217
ENSG00000132518	0	3	0	2	2	1	0	3	1	1	6	0
ENSG00000132522	801	1190	791	995	989	815	781	652	656	728	602	721
ENSG00000132530	1121	2054	1413	907	956	876	925	1132	882	1093	1091	1044
ENSG00000132535	1187	2099	1703	1549	1586	1466	1456	1520	1217	1768	1461	1255
ENSG00000132541	418	652	442	420	409	347	409	391	279	386	339	313
ENSG00000132549	8021	12855	8376	9336	9552	8399	9230	9390	8532	10450	8963	8291
ENSG00000132554	2	2	1	3	5	2	5	2	1	3	1	1
ENSG00000132561	75	93	83	77	85	80	117	105	75	79	129	91
ENSG00000132563	16	38	30	21	32	28	31	30	13	23	13	17
ENSG00000132570	975	1604	1138	1271	1239	1188	1309	1395	1227	1521	1231	1274
ENSG00000132581	892	1588	1215	1050	1097	1009	1017	970	873	994	1044	877
ENSG00000132589	2324	3971	3097	3748	4060	3667	2446	2466	1984	2804	2528	2230
ENSG00000132591	1879	3013	2231	1991	2296	1957	1896	1711	1590	2012	1668	1674
ENSG00000132600	2121	3229	2624	2196	2262	1913	2236	2047	1926	2374	2101	2095
ENSG00000132603	2274	3375	2514	2192	2245	2018	2030	1872	1706	1971	1859	2056
ENSG00000132604	2280	3491	2480	2422	2685	2195	2238	2026	1792	2266	2028	2144
ENSG00000132612	2164	3430	2573	2688	2779	2529	2235	1907	1888	2247	2032	1853
ENSG00000132613	1946	3153	2354	1072	1252	1024	1763	1692	1363	1910	1672	1619
ENSG00000132622	12	12	18	8	12	14	12	18	6	13	6	11
ENSG00000132623	131	232	169	134	106	129	114	139	89	155	100	105
ENSG00000132635	842	1660	1233	915	1073	934	832	973	757	1073	932	795
ENSG00000132639	1	1	1	3	3	0	2	1	0	1	2	1
ENSG00000132640	1559	2525	1876	1266	1412	1285	1438	1479	1331	1556	1504	1387
ENSG00000132646	12070	18074	14306	11556	13039	10885	10837	10065	9401	10838	11250	9987
ENSG00000132661	762	1231	870	854	977	755	670	593	590	707	662	672
ENSG00000132664	519	846	559	509	560	486	419	463	384	524	472	425
ENSG00000132669	18	59	49	162	186	148	32	62	40	63	37	42
ENSG00000132670	2554	4248	2878	2829	2955	2666	2956	2659	2451	3017	2519	2515
ENSG00000132676	2645	4222	2977	3028	3180	2790	2392	2249	2048	2387	2076	2073
ENSG00000132677	3	1	6	3	9	0	2	2	1	0	1	6
ENSG00000132680	1901	2988	2025	2197	2285	1909	2481	2453	2165	2548	2214	2117
ENSG00000132681	17	31	11	30	24	14	37	19	18	29	25	30
ENSG00000132688	8	29	12	66	77	62	26	20	12	21	31	18
ENSG00000132692	17	37	19	16	25	20	10	17	22	25	15	12
ENSG00000132694	480	688	517	1211	1240	1139	627	603	607	633	538	558
ENSG00000132698	0	0	0	1	0	0	2	2	1	0	0	1
ENSG00000132702	2	1	0	3	0	1	0	1	1	1	1	0
ENSG00000132704	23	46	26	32	39	26	48	32	30	40	24	36
ENSG00000132716	4755	7655	5549	5252	5591	4896	4913	5036	4422	5398	4387	4370
ENSG00000132718	431	779	569	850	967	915	739	601	622	675	711	491
ENSG00000132740	726	1163	832	773	867	767	745	660	637	786	712	654
ENSG00000132744	76	67	52	69	66	54	52	54	47	61	48	55
ENSG00000132749	802	1380	1099	990	1099	970	957	983	807	1089	969	842
ENSG00000132763	873	1209	1035	886	954	783	841	740	677	760	728	754
ENSG00000132768	1961	2825	2262	1973	2114	1802	1820	1597	1547	1716	1587	1694
ENSG00000132773	1168	1640	1226	1053	1175	1002	892	834	795	923	855	835
ENSG00000132780	5654	8492	6354	6106	6320	5040	5518	5088	4653	5515	5232	5319
ENSG00000132781	431	688	574	576	619	482	494	460	434	492	505	456
ENSG00000132792	1257	2171	1657	1528	1612	1418	1332	1175	1156	1315	1290	1258
ENSG00000132793	301	628	510	549	473	536	508	519	443	597	453	430
ENSG00000132801	299	512	386	332	329	297	294	344	304	417	319	311
ENSG00000132819	2381	3944	3257	2657	2616	2609	2522	2268	2125	2656	2528	2269
ENSG00000132821	8	16	5	40	48	45	29	11	18	8	20	11
ENSG00000132823	935	1648	1138	1262	1329	1141	1092	1048	958	1168	1041	941
ENSG00000132824	6508	11674	7818	7583	8393	7449	7204	7199	6364	7890	7354	6550
ENSG00000132825	712	1210	948	782	808	703	750	820	607	818	737	760
ENSG00000132837	0	1	8	1	0	1	2	3	3	2	3	3
ENSG00000132840	60	131	100	132	134	140	140	141	116	158	121	128
ENSG00000132842	5258	8665	6046	6101	6583	5819	4988	4961	4487	5311	4816	4730
ENSG00000132846	206	337	220	542	576	420	279	216	222	261	200	260
ENSG00000132849	42	70	61	51	49	55	69	79	77	54	81	58
ENSG00000132854	6	17	6	6	10	6	7	10	12	17	11	15
ENSG00000132874	150	248	160	211	217	201	200	255	224	225	212	221
ENSG00000132879	402	674	522	417	450	419	487	454	422	521	482	460
ENSG00000132881	106	155	124	98	89	108	60	94	69	73	84	84
ENSG00000132906	569	813	666	670	686	688	595	583	537	618	566	505
ENSG00000132912	9523	16672	11139	12889	13955	12255	11224	11139	9530	11705	10650	9945
ENSG00000132915	1558	2643	1795	2190	2080	1844	2209	2535	2287	2426	2277	2209
ENSG00000132932	0	3	0	10	7	8	1	0	0	0	0	0
ENSG00000132938	6	9	11	1	4	4	19	9	19	4	8	1
ENSG00000132950	837	1666	1222	1198	1150	1152	1158	1149	1016	1208	1145	1035
ENSG00000132952	1342	2196	1440	1233	1432	1189	1484	1576	1319	1659	1506	1357
ENSG00000132953	7006	10546	7491	6972	7276	6146	5790	5276	4925	6098	5263	5613
ENSG00000132958	6	29	12	18	29	20	20	17	14	30	17	15
ENSG00000132963	3115	5020	3929	3497	3888	3151	2770	2569	2300	2816	2669	2611
ENSG00000132964	983	1430	1034	941	990	819	726	703	642	796	758	642
ENSG00000132965	254	638	472	368	365	392	465	581	385	561	530	366
ENSG00000132970	59	105	76	55	60	38	60	55	46	77	57	57
ENSG00000132975	3	1	0	1	0	2	2	1	1	3	0	2
ENSG00000133019	26	28	31	53	30	32	22	41	23	41	25	36
ENSG00000133026	85	185	134	112	89	96	131	120	116	157	140	118
ENSG00000133027	338	623	479	411	419	390	331	289	306	341	293	327
ENSG00000133028	3367	5204	3806	3411	3796	3118	3516	3256	3008	3546	3191	3325
ENSG00000133030	7063	11585	8840	10425	11010	9788	8907	8100	7873	8880	8147	7371
ENSG00000133048	203	506	363	170	167	180	671	788	538	928	748	298
ENSG00000133055	724	1447	1092	1647	1739	1746	1997	1916	1634	2100	1823	1097
ENSG00000133056	1513	2577	1884	2151	2122	1893	1807	1712	1584	1779	1529	1534
ENSG00000133059	1057	1695	1215	1344	1260	1194	1319	1272	1099	1454	1349	1157
ENSG00000133063	5	16	15	19	11	35	12	18	13	10	7	10
ENSG00000133065	593	893	637	393	415	396	476	444	369	501	459	402
ENSG00000133067	0	0	1	0	0	0	0	1	2	0	0	0
ENSG00000133069	20	29	19	17	19	16	11	16	7	12	10	17
ENSG00000133083	0	1	0	2	0	0	1	0	2	1	1	1
ENSG00000133101	2948	4885	3500	4033	4138	3526	2695	2819	2224	2818	2487	2576
ENSG00000133103	967	1727	1350	1038	1070	1037	1028	1106	931	1171	1027	1023
ENSG00000133104	7138	12035	8376	6836	7331	6434	6406	6413	5243	7167	6639	5902
ENSG00000133106	1	8	8	3	0	7	3	5	2	6	3	1
ENSG00000133111	531	698	520	775	778	691	403	406	394	390	396	397
ENSG00000133112	57951	102476	67004	73318	78331	70979	67104	62794	56688	67962	58054	56626
ENSG00000133114	1664	2831	2012	1849	2008	1869	2213	2204	1784	2120	2098	1898
ENSG00000133116	40	64	41	34	57	61	45	47	51	52	37	34
ENSG00000133119	2770	4003	2870	2476	2684	2219	2177	2066	1913	2285	2340	2153
ENSG00000133121	196	282	208	287	293	251	205	196	183	231	167	192
ENSG00000133131	2114	3693	201	3141	2830	2567	2959	3802	2940	3457	2712	2867
ENSG00000133138	1745	3129	147	2718	2461	2144	2661	3335	2690	3270	2300	2458
ENSG00000133169	2235	3710	3168	2812	2981	2392	2676	1933	2094	2185	2438	2217
ENSG00000133193	1709	3017	2119	1893	1981	1753	1856	1845	1463	2045	1871	1707
ENSG00000133195	1981	2852	2091	1650	1752	1527	1657	1636	1395	1731	1619	1551
ENSG00000133216	0	1	5	11	15	13	0	3	2	3	1	3
ENSG00000133226	7216	11533	7702	7678	8172	6900	7090	6326	5763	7212	6227	6320
ENSG00000133243	6408	11096	8685	8032	8598	7755	7391	7206	6464	8446	7084	6496
ENSG00000133246	18	97	56	66	72	89	99	125	111	122	99	80
ENSG00000133247	843	1387	1068	665	800	657	771	741	595	806	717	684
ENSG00000133250	391	818	624	602	585	499	487	455	432	497	484	430
ENSG00000133256	85	125	84	125	92	108	125	134	86	159	115	107
ENSG00000133265	2105	3232	2896	2213	2418	1985	1898	1689	1695	2062	1764	1798
ENSG00000133275	6924	10961	8548	7614	7797	7365	6608	6194	5494	7234	6260	6103
ENSG00000133302	1621	2480	1663	1518	1649	1426	1520	1575	1312	1566	1444	1370
ENSG00000133313	4662	7410	5527	6980	7810	6471	5501	4577	4612	5317	4719	4811
ENSG00000133315	205	341	254	183	172	176	174	144	141	153	140	142
ENSG00000133316	2417	4762	3438	3008	3144	2592	2875	2420	2361	2951	3087	2489
ENSG00000133317	703	1213	882	660	679	580	857	840	754	953	853	813
ENSG00000133318	6363	10598	7565	5803	6453	5666	5780	5872	4970	6756	6169	5398
ENSG00000133321	21	47	51	89	130	101	69	49	49	73	67	39
ENSG00000133392	5	99	71	14	77	70	65	103	78	79	79	74
ENSG00000133393	2268	3703	2610	2394	2797	2591	2295	2422	2159	2629	2400	1977
ENSG00000133398	759	1246	1025	763	841	785	781	778	653	786	762	669
ENSG00000133401	157	273	188	216	219	203	290	266	257	248	266	264
ENSG00000133422	2552	4111	2985	2786	2973	2457	2691	2539	2340	2918	2513	2450
ENSG00000133424	45	87	74	84	84	72	99	105	92	90	97	76
ENSG00000133454	1	0	1	1	1	1	3	0	0	0	1	0
ENSG00000133466	268	547	415	501	439	458	384	433	355	516	412	338
ENSG00000133475	0	4	7	2	6	3	0	5	5	6	3	0
ENSG00000133477	36	91	59	61	73	35	50	53	31	75	30	43
ENSG00000133488	100	184	153	168	158	149	139	177	163	209	155	162
ENSG00000133561	703	1119	838	645	674	653	677	590	590	767	607	599
ENSG00000133574	0	0	0	46	60	37	0	0	0	0	1	0
ENSG00000133597	457	795	644	707	795	696	571	491	468	631	546	455
ENSG00000133606	2877	4835	3643	4158	4460	4160	3047	3076	2716	3605	3314	2646
ENSG00000133612	2906	4215	3433	2403	2543	2203	2686	2534	2154	2777	2603	2346
ENSG00000133619	460	740	619	538	604	534	404	399	397	510	429	392
ENSG00000133627	891	1380	1023	1096	1130	952	1133	1215	1033	1261	1115	1019
ENSG00000133639	3738	7804	6024	5375	5545	5228	3478	3861	3114	4133	4291	2854
ENSG00000133640	16	38	13	29	18	28	17	29	17	19	23	20
ENSG00000133641	964	1489	1033	717	853	744	803	817	690	810	785	847
ENSG00000133657	10927	16563	11267	12442	13475	11507	10168	9848	9151	10645	9923	9296
ENSG00000133661	22	29	17	13	13	21	20	18	15	19	20	16
ENSG00000133665	14	16	2	20	11	8	17	21	17	17	16	10
ENSG00000133678	314	601	366	394	432	404	345	342	290	358	300	295
ENSG00000133687	41	64	54	32	30	51	29	41	56	66	36	48
ENSG00000133703	4215	6431	4445	3738	4080	3475	3174	3230	2793	3369	3292	3180
ENSG00000133704	4054	6258	4326	4253	4563	3985	4080	3933	3470	4324	4018	3974
ENSG00000133706	16218	24534	17247	14664	15899	13421	14030	12870	11923	14160	13156	13144
ENSG00000133731	1857	3196	2246	2187	2241	2106	1747	1749	1451	1837	1945	1782
ENSG00000133739	758	1178	806	667	764	643	605	611	550	666	652	594
ENSG00000133740	115	190	138	99	174	128	139	127	128	139	162	148
ENSG00000133773	824	1446	868	766	815	652	844	683	664	681	681	734
ENSG00000133789	1931	3060	2106	1846	1949	1747	1958	2015	1543	2136	1948	1741
ENSG00000133794	346	575	402	629	710	580	478	486	421	447	470	418
ENSG00000133805	203	465	377	435	503	500	408	454	365	458	436	317
ENSG00000133812	1002	1879	1254	1081	1215	1208	1212	1487	1215	1636	1360	1235
ENSG00000133816	2580	3985	2790	2258	2369	2064	2260	2181	1887	2498	2073	2333
ENSG00000133818	6	19	15	10	17	6	10	16	12	22	19	3
ENSG00000133835	4390	6704	5142	4015	4429	3733	3600	3514	3040	3865	3818	3486
ENSG00000133858	4873	8009	5585	5360	5822	5124	4956	5006	4094	5379	4765	4800
ENSG00000133863	2776	3967	2554	2402	2539	1935	2364	2393	2070	2457	2164	2487
ENSG00000133872	9839	17684	12928	13442	14487	12966	10239	9719	8794	10920	10337	9180
ENSG00000133874	462	955	660	446	558	460	573	560	459	657	477	399
ENSG00000133884	1969	3376	2666	2453	2510	2223	2232	2298	2016	2427	2139	1989
ENSG00000133895	1651	2710	2022	1768	1846	1608	1741	1536	1367	1766	1439	1406
ENSG00000133935	947	1949	1264	733	740	622	868	942	688	1027	1040	886
ENSG00000133943	3129	4710	3462	2948	3186	2788	2936	2894	2555	3292	2896	2775
ENSG00000133961	4734	7837	5388	4440	4578	4128	4082	4294	3468	4522	3802	3850
ENSG00000133983	970	1487	1109	1073	1170	1009	879	838	740	991	884	870
ENSG00000133985	1	2	0	0	0	1	0	2	0	1	1	0
ENSG00000133997	1127	1834	1312	1246	1264	1076	1094	1090	984	1245	1077	1065
ENSG00000134001	6601	9848	7192	6391	6999	5876	5741	5180	4904	5616	5664	5513
ENSG00000134007	20	32	9	17	21	34	26	29	19	35	29	12
ENSG00000134013	35	68	58	56	74	66	57	51	35	61	62	43
ENSG00000134014	2518	3843	2897	2496	2640	2378	2432	2426	2132	2718	2373	2263
ENSG00000134020	14	28	18	12	7	11	11	9	9	20	6	2
ENSG00000134028	3	0	1	0	0	0	4	4	1	3	2	0
ENSG00000134030	687	1053	803	584	543	510	726	707	582	846	651	580
ENSG00000134042	150	278	219	256	206	207	231	345	251	256	232	227
ENSG00000134046	1357	2339	1563	2017	2112	1737	1582	1310	1294	1555	1331	1396
ENSG00000134049	1647	2731	2021	1930	2020	1681	1506	1416	1331	1528	1540	1442
ENSG00000134056	263	452	295	321	348	292	314	282	231	319	251	268
ENSG00000134057	4957	7266	5762	4873	5314	4288	3841	3683	3298	3886	3714	3749
ENSG00000134058	464	725	431	440	194	30	30	30	144	475	179	125
ENSG00000134061	4998	8705	5490	7436	7479	6646	7180	6842	6151	7212	5984	6021
ENSG00000134070	184	389	294	223	256	235	197	250	162	236	234	198
ENSG00000134072	267	515	420	228	283	235	343	377	274	377	405	272
ENSG00000134077	2739	4575	3412	2878	3100	2752	2766	2650	2468	2782	2772	2591
ENSG00000134086	3715	6446	4637	5256	5551	4913	4047	3831	3428	4027	3749	3702
ENSG00000134107	1063	2650	1833	1731	1814	1895	1770	2134	1362	2263	1866	1182
ENSG00000134108	8090	13251	9377	7268	7713	6900	7234	7716	6247	8579	7835	7007
ENSG00000134109	15555	27037	19691	14849	15978	14887	17320	18921	14546	20101	18966	16614
ENSG00000134138	405	696	467	238	228	216	316	372	218	357	292	317
ENSG00000134146	769	1323	791	1087	1103	990	1034	973	958	1080	976	997
ENSG00000134152	1533	2457	1817	1781	1846	1699	1616	1564	1381	1565	1646	1412
ENSG00000134153	1978	2930	2287	1934	2149	1883	1684	1587	1425	1734	1737	1524
ENSG00000134160	0	3	0	0	0	0	2	1	0	0	0	1
ENSG00000134183	0	3	2	0	4	1	2	2	1	4	0	3
ENSG00000134184	0	2	0	1	0	2	19	0	0	0	1	0
ENSG00000134186	2561	4187	2965	3124	3286	2735	3267	3050	2729	3229	3086	2858
ENSG00000134193	1	0	4	0	1	0	0	1	0	0	0	0
ENSG00000134198	14	31	15	8	9	14	21	33	24	40	32	25
ENSG00000134201	0	1	9	4	0	0	3	2	0	10	3	4
ENSG00000134202	216	426	285	289	328	291	347	409	334	348	352	290
ENSG00000134215	2077	3061	2115	1911	2022	1586	1832	1772	1529	2016	1802	1858
ENSG00000134222	460	708	635	400	453	408	521	552	444	573	526	481
ENSG00000134242	572	1100	704	417	469	495	803	960	704	904	802	644
ENSG00000134243	220	485	384	861	931	922	283	332	245	344	324	290
ENSG00000134245	105	207	110	161	155	150	149	201	160	184	169	152
ENSG00000134247	2223	3514	2628	2730	2833	2588	2243	2088	1926	2485	2117	2050
ENSG00000134248	1799	2975	2284	2152	2283	2053	2096	2146	1797	2196	2137	1893
ENSG00000134250	6176	10401	7458	6368	6739	6007	7911	8294	7081	8845	8179	7061
ENSG00000134253	175	264	193	182	186	197	140	161	154	200	143	143
ENSG00000134255	2759	4732	3196	3029	3338	2966	2992	3080	2709	3216	2886	2765
ENSG00000134256	777	1613	1301	1132	1082	1321	1406	1627	1309	1926	1734	1212
ENSG00000134262	1068	1693	1234	1154	1167	1098	1146	1087	1075	1195	1137	1124
ENSG00000134265	2231	3683	2559	2527	2733	2335	2152	2226	1852	2360	2166	2130
ENSG00000134278	581	825	512	597	533	500	406	419	407	419	414	370
ENSG00000134283	3254	5300	3604	3904	3860	3333	3375	3356	3098	3566	3148	2986
ENSG00000134285	776	1228	964	1213	1230	1036	1277	1401	1119	1431	1163	1065
ENSG00000134287	17144	27505	20568	19928	21306	18849	17577	16649	15152	18621	16362	16400
ENSG00000134291	1118	1920	1340	1082	1210	1094	958	977	889	1120	990	1019
ENSG00000134294	18214	30082	20661	15500	16613	15002	14541	13549	11726	14899	13627	14832
ENSG00000134308	11810	18461	13842	12910	14334	12097	11414	10369	9286	11306	10837	10401
ENSG00000134313	3732	6542	4667	4456	4622	4286	4333	4440	3615	4840	4161	4018
ENSG00000134317	63	103	84	73	100	81	99	116	98	90	94	70
ENSG00000134318	4880	7596	5587	5589	5651	5073	4829	4868	4142	5188	4683	4645
ENSG00000134321	77	132	108	171	151	133	126	161	122	185	141	118
ENSG00000134324	2570	4430	2992	2280	2391	2262	2250	2387	1832	2544	2260	2062
ENSG00000134326	345	532	434	407	432	376	397	407	380	410	417	407
ENSG00000134330	591	1045	749	684	724	675	680	707	564	763	656	643
ENSG00000134333	51777	85782	58268	48011	52940	48655	48674	47324	42160	53463	49921	42870
ENSG00000134352	1154	1881	1129	1333	1449	1254	1148	1211	989	1291	1180	1076
ENSG00000134363	9	16	10	9	14	18	7	10	7	9	6	7
ENSG00000134369	219	415	305	534	647	696	340	420	345	435	372	315
ENSG00000134371	3629	6118	3938	4080	4390	3755	3531	3636	3162	3774	3631	3287
ENSG00000134375	2168	3449	2511	2242	2443	2027	2107	2133	1884	2347	2031	2057
ENSG00000134398	1	0	2	2	2	6	1	3	1	2	1	0
ENSG00000134419	9643	18202	13061	12948	14331	13299	11619	10855	9370	12024	11701	9906
ENSG00000134440	7922	11977	8840	8120	8582	7176	6612	5790	5433	6512	6281	6293
ENSG00000134444	2166	3673	2331	2756	2873	2634	2194	2137	1896	2409	2032	1982
ENSG00000134452	2703	4118	3201	2888	3271	2844	2398	2464	2288	2817	2439	2367
ENSG00000134453	2861	4533	3414	3535	3788	3192	2587	2498	2215	2554	2520	2493
ENSG00000134460	672	1377	913	1448	1464	1503	811	743	598	797	625	604
ENSG00000134461	355	570	419	475	515	488	428	373	322	405	360	339
ENSG00000134463	0	4	2	8	3	5	1	6	1	0	6	3
ENSG00000134470	127	223	151	149	168	158	116	107	91	157	102	137
ENSG00000134480	1363	2149	1398	1407	1483	1241	1241	1354	1129	1520	1286	1208
ENSG00000134489	21	34	27	6	8	9	18	15	16	43	30	37
ENSG00000134490	487	682	576	496	450	435	424	368	352	456	398	381
ENSG00000134504	264	443	354	421	475	410	289	247	254	313	264	265
ENSG00000134508	1423	2171	1644	978	1055	854	1135	1154	802	1218	992	1012
ENSG00000134516	17887	29488	21123	20642	21593	19691	18412	18253	15489	19978	18183	16590
ENSG00000134531	102	285	186	419	436	391	157	168	109	199	124	123
ENSG00000134532	69	137	93	82	67	95	144	171	108	135	128	126
ENSG00000134533	2	7	7	8	7	1	6	1	5	5	1	11
ENSG00000134539	327	550	238	519	476	427	471	548	477	600	493	410
ENSG00000134545	0	2	3	5	1	1	4	1	4	3	3	1
ENSG00000134548	2	7	4	7	7	8	6	2	5	1	4	0
ENSG00000134551	14	20	4	9	6	9	11	17	19	13	10	8
ENSG00000134569	0	0	0	0	2	2	1	0	1	1	0	0
ENSG00000134571	28	63	46	23	24	29	21	27	17	23	10	13
ENSG00000134574	2622	3761	2961	2699	2843	2496	3111	3222	3010	3465	3025	3052
ENSG00000134590	177	336	225	231	279	247	183	162	168	252	206	164
ENSG00000134594	714	1171	977	503	564	480	659	744	475	720	690	555
ENSG00000134597	338	584	437	356	416	331	328	332	264	350	270	318
ENSG00000134602	7266	11829	8160	8164	8896	7437	6499	6184	5677	6921	6346	5882
ENSG00000134627	5496	9451	6422	5866	6404	5802	5989	6313	5376	6746	6378	5646
ENSG00000134644	6105	9619	6874	7155	7886	6644	6261	5678	5286	6635	5653	5441
ENSG00000134668	3	5	3	9	12	1	2	0	1	2	0	4
ENSG00000134684	9153	13379	10193	8338	9115	7201	7122	6082	5689	6693	6230	7146
ENSG00000134686	2642	4257	3240	3494	3713	3254	2743	2434	2183	2836	2295	2305
ENSG00000134690	2193	3364	2478	2249	2415	2168	2104	1818	1725	2064	1701	1997
ENSG00000134697	3281	5085	3785	3476	3791	3104	3255	3212	2784	3190	3385	2993
ENSG00000134698	4206	6534	4705	4045	4495	4084	4590	4770	3848	5204	4705	4101
ENSG00000134709	4	6	7	15	2	3	4	2	5	7	7	1
ENSG00000134717	3733	6145	3770	4163	4325	3926	3875	3780	3379	4057	3309	3619
ENSG00000134744	2008	3413	2397	2653	2810	2572	2538	2621	2249	2691	2478	2136
ENSG00000134748	3396	5655	4115	3685	3858	3536	3848	3842	3203	3873	3806	3387
ENSG00000134755	61	104	86	73	85	62	67	78	78	116	72	91
ENSG00000134757	78	131	60	90	102	69	97	126	103	111	97	110
ENSG00000134758	6319	10363	7065	6066	6498	5691	5258	5395	4504	5570	5532	4846
ENSG00000134759	4044	6381	4460	4469	4694	4186	3952	3744	3540	4178	4002	3569
ENSG00000134762	150	237	141	214	210	191	242	218	209	271	211	189
ENSG00000134765	1	1	2	4	4	2	3	0	2	5	1	0
ENSG00000134769	1885	3077	1916	2357	2356	2053	2054	2035	1677	2014	1700	1746
ENSG00000134775	1	4	1	0	3	5	1	4	1	1	4	5
ENSG00000134779	3204	4872	3542	3410	3728	3349	2999	2799	2477	3066	2780	2659
ENSG00000134780	214	379	334	608	612	521	302	248	277	308	242	233
ENSG00000134802	10265	16940	11655	8462	8771	7693	10411	10185	8854	11739	9723	9413
ENSG00000134809	1113	1855	1467	1067	1244	1029	888	896	861	944	955	934
ENSG00000134815	1648	2808	2064	1951	1951	1592	1810	1748	1593	1910	1768	1677
ENSG00000134817	0	1	1	5	4	5	3	0	0	1	3	0
ENSG00000134824	27751	47436	34042	20150	21395	20224	21042	21341	16164	25695	20857	20791
ENSG00000134825	1205	2250	1690	1539	1591	1445	1383	1205	1072	1418	1284	1120
ENSG00000134827	3	31	16	14	7	8	33	23	15	33	30	8
ENSG00000134830	527	899	619	776	748	667	761	922	829	934	841	752
ENSG00000134851	2066	3255	2111	2355	2496	1920	2003	2011	1755	2156	1727	1968
ENSG00000134852	1311	2061	1294	2229	2465	2015	1437	1353	1242	1467	1248	1353
ENSG00000134853	3	6	2	23	16	19	2	2	3	1	0	1
ENSG00000134864	206	338	331	279	294	282	235	232	173	250	202	189
ENSG00000134871	102	138	137	75	83	106	94	80	78	96	100	96
ENSG00000134874	18	20	22	23	19	24	32	36	48	37	36	51
ENSG00000134882	2714	4605	3518	3288	3477	3252	2721	2881	2270	3060	2758	2353
ENSG00000134884	4129	6899	4649	4744	5003	4344	4492	4544	3769	4747	4127	3991
ENSG00000134897	1084	1764	1184	1376	1379	1304	1331	1194	1146	1370	1221	1100
ENSG00000134899	3341	5985	4437	3842	3880	3565	3652	3715	3012	4051	3807	3399
ENSG00000134900	9956	15600	10150	10733	11363	9878	10466	10129	9144	11004	9239	9021
ENSG00000134901	74	151	133	120	115	98	111	121	81	104	114	89
ENSG00000134905	1886	2862	2093	2385	2507	2200	1847	1721	1646	1903	1613	1598
ENSG00000134909	962	1638	1119	872	946	884	1148	1083	989	1240	963	958
ENSG00000134910	12054	20095	13014	13086	13884	12270	10594	10111	8772	11430	9263	10194
ENSG00000134917	1	7	2	18	11	9	7	7	6	1	6	3
ENSG00000134940	4	2	1	5	5	7	4	7	1	4	7	3
ENSG00000134954	172	243	214	159	170	132	121	115	115	139	130	144
ENSG00000134955	1102	2190	1622	2205	2312	2424	1810	1969	1661	2028	1800	1450
ENSG00000134962	40	83	49	74	48	44	55	76	63	47	42	60
ENSG00000134970	4901	7926	5415	5804	6493	5816	4332	4363	3809	4956	4506	4018
ENSG00000134982	2346	3862	2695	2646	2716	2530	2434	2412	2092	2650	2510	2318
ENSG00000134986	7240	12307	8027	6136	6658	5897	6952	7375	5969	8560	6909	7095
ENSG00000134987	5566	8086	5431	5129	5708	4632	4635	4296	4105	4892	4151	4556
ENSG00000134996	1889	3221	2391	2433	2563	2227	2060	2091	1819	2242	2166	1903
ENSG00000135002	971	1541	1024	1036	1166	1058	714	635	662	709	763	736
ENSG00000135018	8854	13513	8961	9947	10875	9107	8352	7611	7033	8398	7340	7513
ENSG00000135040	1991	3144	2382	2143	2236	1922	1987	1876	1645	2091	1998	1881
ENSG00000135045	1393	2032	1639	1174	1341	1095	1192	1211	1098	1284	1308	1145
ENSG00000135046	856	1538	1232	879	858	899	971	1205	841	1298	1223	1067
ENSG00000135047	2	3	10	6	1	3	2	8	4	2	7	2
ENSG00000135048	351	490	371	470	442	387	284	279	229	340	238	353
ENSG00000135049	1734	2892	2033	2639	2854	2605	2148	2147	1959	2177	2224	1940
ENSG00000135052	161	277	171	266	261	258	165	122	137	146	124	129
ENSG00000135069	8465	11970	8427	7177	7787	5837	5159	4288	3979	4410	3929	5725
ENSG00000135070	1038	1718	1096	1043	1074	911	1025	978	846	1062	894	876
ENSG00000135077	145	274	209	229	205	242	230	295	233	248	233	196
ENSG00000135083	253	400	283	301	356	307	287	349	354	376	306	323
ENSG00000135090	4791	7850	5222	5204	5596	4848	5282	5623	4845	6031	5267	5171
ENSG00000135093	374	647	490	388	466	396	434	437	309	476	429	366
ENSG00000135094	2	7	4	10	2	2	8	5	5	7	2	9
ENSG00000135097	8	14	8	19	22	5	15	8	13	20	11	11
ENSG00000135100	39	66	40	69	51	61	55	79	67	102	41	72
ENSG00000135108	116	113	87	289	256	215	129	74	71	77	69	97
ENSG00000135111	372	723	513	511	605	504	449	451	388	535	447	365
ENSG00000135114	19	64	47	39	36	50	24	36	28	24	42	16
ENSG00000135116	163	377	256	297	269	241	296	367	295	296	297	291
ENSG00000135119	167	258	234	545	554	498	220	228	222	261	251	194
ENSG00000135124	1039	2062	1454	1330	1378	1235	1410	1520	1133	1534	1436	1102
ENSG00000135127	886	1177	887	1614	1727	1428	1040	795	968	933	808	813
ENSG00000135148	1740	3336	2425	2510	2644	2556	2298	2332	1955	2466	2147	1927
ENSG00000135164	2623	4568	2923	3448	3418	3120	3227	3449	2993	3578	2956	2829
ENSG00000135185	263	421	348	593	621	599	308	268	278	332	324	254
ENSG00000135205	198	287	228	250	242	245	314	311	282	359	352	245
ENSG00000135211	331	557	385	422	452	378	282	342	276	371	300	304
ENSG00000135218	1582	3100	2088	686	707	603	1230	1480	1085	1658	1372	1404
ENSG00000135241	1509	2459	1624	1536	1692	1571	1424	1361	1125	1420	1327	1195
ENSG00000135245	954	1944	1528	908	937	910	1212	1362	1031	1486	1439	866
ENSG00000135248	0	0	0	5	2	0	0	1	0	0	0	2
ENSG00000135249	1366	2211	1535	1321	1483	1295	1196	1166	1001	1237	1224	1233
ENSG00000135250	1474	2306	1638	1561	1533	1399	1457	1355	1198	1416	1413	1344
ENSG00000135253	120	213	164	164	114	148	135	153	118	142	97	117
ENSG00000135269	32	69	43	60	56	67	52	52	49	69	48	38
ENSG00000135272	2271	3453	2527	2861	3122	2685	1921	1865	1636	2083	1965	1767
ENSG00000135297	4052	6868	5051	4541	4798	4274	3835	3864	3445	4334	3961	3577
ENSG00000135298	4	0	1	7	6	5	8	8	7	5	0	1
ENSG00000135299	8	27	22	15	16	18	16	15	17	21	12	11
ENSG00000135314	38	61	35	36	49	38	68	29	48	64	55	50
ENSG00000135315	446	831	581	596	582	467	519	518	464	552	488	509
ENSG00000135316	21890	33871	23747	21559	23607	20397	19034	17640	16273	19252	18493	17772
ENSG00000135317	3772	6315	4772	4703	4943	4360	3826	3877	3382	4185	4095	3408
ENSG00000135318	49	107	63	214	233	200	38	42	15	46	49	24
ENSG00000135334	1620	2767	2042	1607	1606	1497	1545	1520	1259	1727	1514	1332
ENSG00000135336	1139	1834	1324	938	1101	1009	1318	1262	1119	1345	1293	1149
ENSG00000135338	100	142	123	97	102	79	109	94	86	127	106	88
ENSG00000135341	2936	4571	3240	3462	3640	3243	2861	2781	2303	2944	2865	2614
ENSG00000135362	324	645	462	147	157	119	363	433	274	451	461	303
ENSG00000135363	8103	14308	10205	9343	10055	9075	8506	7907	7228	8792	7776	7289
ENSG00000135365	1729	3174	2268	1677	1624	1607	1786	2030	1563	2187	2015	1449
ENSG00000135372	6067	9123	7017	5785	6322	5390	5674	5391	5033	6388	5792	5118
ENSG00000135374	3	1	3	0	2	3	2	6	2	2	3	1
ENSG00000135378	1573	2460	1521	963	1055	955	1409	1446	1140	1592	1535	1288
ENSG00000135387	30755	49605	31805	34603	37001	31192	30106	27891	25675	31129	25988	27713
ENSG00000135390	4941	8829	6808	6308	6959	5998	6187	5424	4659	6392	5426	5058
ENSG00000135392	2042	3193	2489	2469	2427	2230	2084	2002	1719	2169	1917	1792
ENSG00000135404	3462	5241	4230	3881	4276	3559	3006	2759	2200	2986	2872	2644
ENSG00000135406	0	2	1	3	0	0	0	0	1	0	0	1
ENSG00000135407	72	125	80	80	113	72	111	115	133	134	105	125
ENSG00000135409	0	0	0	0	0	0	0	0	1	0	1	0
ENSG00000135414	2251	3409	2340	2163	2388	1914	1595	1581	1192	1726	1499	1530
ENSG00000135423	3	5	13	6	5	5	9	11	7	10	8	6
ENSG00000135424	5778	9193	7615	6497	6880	6272	5317	5292	4525	5855	5422	4750
ENSG00000135426	70	187	134	251	270	240	165	127	136	143	138	126
ENSG00000135436	5	9	2	5	6	1	5	6	3	12	9	2
ENSG00000135437	81	147	99	107	71	90	78	121	99	145	112	112
ENSG00000135439	1552	2712	2155	1872	1906	1847	1548	1625	1351	1825	1512	1447
ENSG00000135441	647	1030	721	654	679	668	575	586	475	638	664	550
ENSG00000135446	5737	9175	6921	5390	5572	4853	4895	4584	4164	5050	4810	4517
ENSG00000135447	0	2	1	1	1	2	0	2	1	0	2	0
ENSG00000135451	1175	1873	1324	1365	1375	1198	1124	1023	938	1182	876	1056
ENSG00000135452	1012	1938	1339	1207	1342	1214	1075	1092	969	1163	1017	939
ENSG00000135454	0	1	0	1	3	0	0	1	3	0	0	1
ENSG00000135457	3099	5079	3321	3391	3815	3204	2884	2809	2575	2973	2647	2661
ENSG00000135469	299	401	290	301	343	241	280	234	243	302	258	254
ENSG00000135473	2085	4039	2726	2528	2703	2620	3201	3456	2734	3645	3062	2717
ENSG00000135476	3585	5557	4263	3643	3777	3409	3707	3648	3255	4015	3528	3730
ENSG00000135480	4	2	6	8	3	11	5	5	3	6	6	3
ENSG00000135482	924	1409	949	1079	1110	971	990	1070	896	1087	930	946
ENSG00000135486	51549	84055	62438	55872	58581	52381	50476	45363	40826	48616	49527	45612
ENSG00000135502	0	1	0	5	0	0	0	1	1	1	0	0
ENSG00000135503	712	1185	950	1066	1177	901	763	791	781	852	754	713
ENSG00000135506	6678	11615	9159	7611	7825	7442	7259	7028	5880	8054	7512	6795
ENSG00000135517	7	10	5	2	28	17	15	0	0	3	3	3
ENSG00000135519	0	4	2	4	4	9	4	9	2	4	1	2
ENSG00000135521	1313	2134	1503	1479	1561	1260	1308	1046	1130	1072	1167	1317
ENSG00000135525	23	53	27	47	42	30	31	39	31	30	17	30
ENSG00000135535	8566	14952	10444	8572	8928	8305	8205	9197	7220	9577	9550	8382
ENSG00000135537	546	1007	671	621	615	578	697	818	617	811	723	591
ENSG00000135540	222	433	312	718	729	626	316	296	299	314	264	289
ENSG00000135541	675	1105	703	741	779	637	772	776	678	855	747	683
ENSG00000135547	2	0	0	0	0	1	0	1	0	0	1	0
ENSG00000135549	2448	4820	3466	3505	3774	3303	2801	2888	2358	2928	3000	2517
ENSG00000135587	288	453	396	342	344	301	286	269	238	317	303	255
ENSG00000135596	8566	13419	11111	12637	13130	11574	8710	7811	7214	8649	7634	7781
ENSG00000135597	2110	3469	2415	2359	2442	2041	2208	2015	1928	2286	2089	1888
ENSG00000135604	194	277	234	197	160	186	180	215	145	191	187	189
ENSG00000135605	1723	2946	1883	2083	2198	1883	1720	1978	1637	2020	1778	1762
ENSG00000135617	397	646	513	417	485	392	358	304	306	383	336	374
ENSG00000135622	132	213	179	187	190	155	196	177	211	201	210	151
ENSG00000135624	12783	19431	15843	12763	13583	11555	10679	9237	8979	10564	10551	10228
ENSG00000135625	6	18	9	6	4	4	0	7	2	6	0	0
ENSG00000135631	27	53	50	16	16	29	28	45	26	48	64	27
ENSG00000135632	892	1414	962	855	871	693	767	778	707	834	808	731
ENSG00000135636	4	5	7	9	4	7	14	9	4	5	6	4
ENSG00000135637	1041	1794	1269	1439	1318	1225	1304	1369	1248	1471	1374	1288
ENSG00000135638	0	0	1	0	0	1	0	0	0	0	0	0
ENSG00000135643	9	13	23	15	18	18	13	15	6	12	16	26
ENSG00000135655	5104	8502	5841	5804	6200	5208	4855	4959	4385	5144	5112	4698
ENSG00000135677	4499	7774	5502	5276	5588	5478	4975	5330	4311	6068	5424	4514
ENSG00000135678	1530	2513	1608	1232	1288	1056	1824	1810	1541	2117	1746	1746
ENSG00000135679	11504	18800	12848	11285	12140	10562	11489	11462	10095	12504	11395	10835
ENSG00000135686	1791	3062	2291	2907	3116	2821	2532	2468	2205	2771	2441	1943
ENSG00000135698	934	1307	1012	742	761	657	848	701	641	803	763	803
ENSG00000135702	11	14	10	26	15	26	22	28	26	23	18	23
ENSG00000135709	206	289	212	620	685	652	290	277	260	294	265	266
ENSG00000135720	4010	6698	4482	5061	5174	4600	4879	5001	4418	5158	4248	4365
ENSG00000135722	201	308	215	235	223	233	227	217	171	227	192	183
ENSG00000135723	2557	4121	3493	2800	2871	2632	2611	2586	2263	3110	2576	2428
ENSG00000135736	267	500	384	414	472	388	253	272	229	292	307	250
ENSG00000135740	55	85	69	65	78	52	40	66	63	62	61	37
ENSG00000135744	250	420	331	132	160	148	277	309	240	334	316	222
ENSG00000135747	45	75	62	66	76	57	61	80	58	83	68	63
ENSG00000135749	269	510	373	499	443	467	500	436	450	469	351	345
ENSG00000135763	2600	3831	2919	3043	3179	2610	2321	2065	2030	2345	2013	2250
ENSG00000135766	3009	5537	3882	3394	3732	3457	3303	3492	2868	4078	3650	2343
ENSG00000135773	0	1	0	2	4	7	1	3	2	0	1	1
ENSG00000135775	1518	2330	1689	1832	1989	1735	1497	1335	1255	1574	1328	1466
ENSG00000135776	14331	21395	15445	19342	21876	17701	10427	9274	8946	10091	10238	10470
ENSG00000135778	1738	3024	2036	1791	1887	1703	2173	2251	1863	2364	2124	2039
ENSG00000135801	2116	3425	2476	2302	2428	2123	1956	1914	1631	2062	1833	1914
ENSG00000135821	38440	75903	55186	24566	25635	24769	37655	46752	31045	49106	47387	32453
ENSG00000135823	2461	4224	3049	3750	4093	3588	2764	2777	2439	2996	2784	2524
ENSG00000135824	4	16	23	6	8	15	16	19	21	24	23	13
ENSG00000135828	1043	1833	1451	1104	1100	1094	1239	1389	993	1422	1291	1104
ENSG00000135829	17388	25445	19118	17737	19391	16094	13992	12086	12149	13901	12786	13450
ENSG00000135835	400	707	565	665	647	641	504	558	460	508	471	499
ENSG00000135837	12659	21522	14385	14455	14772	13031	14319	14409	12448	15574	14168	13496
ENSG00000135838	233	300	185	159	179	135	145	134	115	160	119	117
ENSG00000135842	1026	1814	1642	317	309	306	528	691	464	729	688	574
ENSG00000135845	777	1228	879	764	831	655	839	763	700	863	752	742
ENSG00000135862	1447	2020	1383	1132	1193	1095	1205	1309	1062	1470	1401	1124
ENSG00000135870	5708	9498	6285	6321	6807	6074	5690	5983	4972	6312	5561	5307
ENSG00000135898	29	63	39	62	60	67	52	45	54	61	46	46
ENSG00000135899	350	603	414	501	562	464	452	397	369	438	353	316
ENSG00000135900	1945	2922	2350	1914	2117	1776	1783	1604	1545	1810	1931	1675
ENSG00000135902	5	6	6	3	4	3	4	8	3	1	1	1
ENSG00000135905	8559	14545	9623	9550	10225	8866	9090	8801	7585	9359	8064	8066
ENSG00000135912	1197	1689	1219	1470	1489	1268	1110	1030	1031	1199	1007	1091
ENSG00000135913	4451	7462	5034	4136	4393	3974	4398	4797	3876	5277	4849	4027
ENSG00000135914	12	38	24	27	33	29	41	49	33	37	47	26
ENSG00000135916	7567	14308	10934	13897	15074	14115	11309	10291	9507	11685	10314	8574
ENSG00000135917	19	54	60	45	38	43	50	62	50	66	40	43
ENSG00000135919	182	377	310	204	199	152	255	289	240	303	302	243
ENSG00000135924	231	407	446	315	307	307	250	335	251	350	348	245
ENSG00000135925	6	1	10	3	3	2	2	1	5	1	5	3
ENSG00000135926	1226	2243	1523	836	942	845	1055	1126	891	1360	1185	1113
ENSG00000135929	7	5	7	5	15	6	9	4	6	7	4	4
ENSG00000135930	2975	4939	3677	3470	3635	3151	2935	2799	2473	3053	2921	2875
ENSG00000135931	266	542	334	477	477	416	365	340	393	398	372	363
ENSG00000135932	8979	13882	10173	9785	10521	9139	7938	7788	7009	8208	8035	7649
ENSG00000135940	2747	4694	3664	2618	2950	2645	2883	2628	2034	2776	2558	2407
ENSG00000135945	2118	3252	2069	2026	2160	1863	1874	1963	1593	2008	1813	1672
ENSG00000135951	174	346	208	263	261	239	238	297	240	250	252	246
ENSG00000135953	455	788	524	563	564	582	428	487	343	491	456	451
ENSG00000135956	3227	5862	4283	4561	4678	4312	3912	3894	3410	4448	3827	3377
ENSG00000135960	1	0	1	0	0	0	2	0	0	0	0	0
ENSG00000135966	2870	4396	3011	3113	3407	2967	3097	2901	2596	3090	2504	2746
ENSG00000135968	1431	2412	1669	1656	1692	1545	1715	1806	1508	1830	1781	1550
ENSG00000135972	749	1108	880	721	763	648	616	566	525	657	616	617
ENSG00000135974	820	1564	1111	932	1011	920	991	1044	961	1115	1045	902
ENSG00000135976	3039	5399	3188	3038	2826	2612	3392	4139	3064	4066	3653	3089
ENSG00000135999	1905	3338	2219	2407	2552	2302	2141	2024	1900	2238	1913	1812
ENSG00000136002	63	118	68	82	58	73	97	94	98	95	107	87
ENSG00000136003	926	1399	1129	879	882	766	784	729	608	759	802	700
ENSG00000136010	3280	5210	3519	2063	1992	1609	1796	1650	1396	1871	1582	2098
ENSG00000136014	4	18	9	22	12	28	18	22	12	22	5	10
ENSG00000136021	4759	7585	5179	4623	5210	4293	3939	3988	3317	4332	3927	4088
ENSG00000136026	335	509	442	327	410	338	303	283	193	233	261	207
ENSG00000136040	2169	3865	2768	3345	3475	3167	3455	3318	3183	3684	3119	3073
ENSG00000136044	399	753	510	747	815	761	446	391	385	471	390	410
ENSG00000136045	2385	3781	2719	2307	2548	2200	2202	1926	1771	2184	2065	1989
ENSG00000136048	183	241	209	219	250	205	174	138	148	159	127	157
ENSG00000136051	6317	10515	7100	7557	8044	6796	6744	6637	5755	7155	6925	6579
ENSG00000136052	49	95	46	95	70	59	60	63	42	57	44	53
ENSG00000136059	636	1053	787	681	687	636	761	712	641	736	708	648
ENSG00000136068	7848	13802	10109	26413	28915	27213	15348	13353	13356	15096	12746	11355
ENSG00000136098	296	487	366	349	381	305	327	364	316	410	341	334
ENSG00000136100	2447	3789	2492	2988	3337	2828	2453	2424	2010	2388	2237	2338
ENSG00000136104	5695	8831	6268	6611	6774	5878	5646	5467	5034	6248	5616	5295
ENSG00000136108	4540	7739	5306	4940	5361	4440	4219	3915	3670	4371	4224	4245
ENSG00000136111	201	382	230	1662	1798	1551	348	249	300	322	280	307
ENSG00000136114	27	36	35	46	43	31	27	34	30	39	34	23
ENSG00000136122	1602	2438	1677	1410	1617	1221	1419	1466	1214	1465	1352	1350
ENSG00000136141	2083	3279	2352	2380	2269	2194	2023	2133	1730	2200	1928	1876
ENSG00000136143	1800	2998	2138	1894	1988	1706	1757	1704	1529	1845	1742	1622
ENSG00000136144	883	1306	1037	1015	1103	883	835	779	755	969	828	815
ENSG00000136146	1560	2253	1705	1552	1688	1347	1340	1288	1157	1405	1307	1202
ENSG00000136147	548	856	546	817	959	745	638	599	520	691	588	548
ENSG00000136152	2035	3609	2596	2158	2490	2225	1966	2100	1739	2138	2017	1828
ENSG00000136153	707	1241	808	1306	1464	1192	950	966	844	935	935	970
ENSG00000136156	4878	8231	5551	6685	7590	7011	5301	5271	4770	5757	5037	4667
ENSG00000136158	175	325	231	125	166	140	134	167	98	171	187	137
ENSG00000136159	1168	1858	1389	1193	1300	1182	1065	948	913	1124	955	990
ENSG00000136160	1	2	4	2	2	2	3	2	4	0	0	5
ENSG00000136161	743	1655	1285	2056	2226	2267	1456	1537	1310	1593	1544	1068
ENSG00000136167	55743	91812	62588	60613	65324	56815	54060	52452	44421	59474	50782	50872
ENSG00000136169	4485	7430	4946	5642	6025	5169	5520	5217	4787	5677	4988	4697
ENSG00000136193	7	7	2	3	3	8	6	4	2	3	2	6
ENSG00000136197	76	90	122	50	96	77	60	120	127	73	85	79
ENSG00000136205	4373	7279	5246	5196	5277	5026	4912	5150	4404	5614	5018	4431
ENSG00000136206	6	14	10	8	10	5	1	6	2	11	1	8
ENSG00000136213	403	786	539	509	499	404	708	669	599	754	665	560
ENSG00000136231	82	130	69	82	90	98	114	107	92	110	131	87
ENSG00000136235	60	216	214	152	172	160	255	339	231	316	276	148
ENSG00000136238	7566	11981	9186	9440	10073	8896	7866	6805	6267	8038	7307	6894
ENSG00000136240	4481	7252	4923	4485	4951	4177	3723	3532	3108	3807	3560	3525
ENSG00000136243	1105	1825	1149	1278	1332	1157	1063	985	872	1103	946	1007
ENSG00000136244	2	7	6	2	0	4	0	0	1	0	0	1
ENSG00000136247	1065	1744	1402	1380	1461	1247	1236	1172	1040	1347	1262	1098
ENSG00000136250	131	260	208	294	312	285	308	347	260	388	300	233
ENSG00000136261	4927	8006	5528	5373	5798	5141	5101	4551	4353	5163	4610	4477
ENSG00000136267	98	146	113	134	121	110	124	164	146	134	165	156
ENSG00000136270	3696	5686	4512	3779	3991	3426	3610	3310	2981	3964	3385	3361
ENSG00000136271	2782	4274	3106	3001	3107	2685	2648	2345	2277	2549	2357	2388
ENSG00000136273	943	1366	957	1053	1073	943	1010	924	914	1012	928	850
ENSG00000136274	1	3	0	1	1	1	5	1	1	3	2	3
ENSG00000136279	5883	9689	7631	8194	8734	7788	6708	6667	5827	7358	6457	5761
ENSG00000136280	1811	3200	2278	2866	2953	2643	2173	2074	1899	2355	1957	1841
ENSG00000136286	20219	37801	27244	32229	34000	32221	26413	26612	23030	29577	24623	22118
ENSG00000136295	7833	13489	11175	10598	11683	10965	9107	8557	7674	9628	8760	7546
ENSG00000136305	1656	2644	1981	1800	2064	1635	1528	1353	1293	1440	1443	1300
ENSG00000136319	1225	1975	1413	1521	1631	1463	1372	1398	1242	1570	1375	1251
ENSG00000136367	121	242	181	149	138	150	156	173	160	216	174	152
ENSG00000136371	109	167	141	143	134	127	113	112	98	143	107	89
ENSG00000136378	9	18	22	15	18	9	10	16	15	10	24	16
ENSG00000136379	210	390	247	150	140	126	155	207	129	204	150	157
ENSG00000136381	11411	18186	12581	12914	13666	12101	12546	11941	11000	13485	12295	11717
ENSG00000136383	31	35	28	24	21	18	9	20	22	31	26	20
ENSG00000136404	0	4	2	3	1	0	1	0	1	6	6	0
ENSG00000136425	90	136	92	105	147	119	107	95	77	78	79	61
ENSG00000136436	6975	12563	9070	10703	11354	10679	9813	9408	8131	10213	9549	8257
ENSG00000136444	1112	1701	1331	1089	1149	980	914	954	842	1006	956	974
ENSG00000136448	4363	6792	5060	5159	5792	4842	4038	3693	3606	4299	3822	3941
ENSG00000136449	30	33	32	36	28	26	22	35	33	23	35	25
ENSG00000136450	23339	35831	25354	23778	25758	21916	21456	20392	18668	21734	20652	19656
ENSG00000136451	2948	4955	3226	3852	4302	3543	3263	3005	2761	3201	2895	2761
ENSG00000136457	1	6	3	0	4	5	5	3	4	6	5	0
ENSG00000136463	506	744	547	520	564	414	451	418	382	446	381	424
ENSG00000136478	2755	4047	3028	2354	2370	2216	2399	2518	2124	2853	2483	2379
ENSG00000136485	14676	22872	16301	14764	15663	13794	13652	12848	11883	14554	12711	12727
ENSG00000136490	3999	7147	5588	5448	5495	5318	4521	4120	3806	4847	4172	3629
ENSG00000136492	3276	5254	3327	3461	3611	3134	3728	3938	3338	3989	3646	3468
ENSG00000136504	5259	8853	6486	6717	6811	6226	5699	5578	4858	6062	5529	4900
ENSG00000136514	88	178	143	108	88	101	132	159	119	191	149	113
ENSG00000136518	3217	5024	3427	3398	3593	3064	3001	2576	2496	2921	2655	2838
ENSG00000136521	2423	3884	3012	2657	2978	2680	2574	2435	2285	2765	2828	2469
ENSG00000136522	875	1490	1149	940	953	768	828	693	731	821	824	706
ENSG00000136527	18714	30022	21669	18872	20239	17644	18168	17477	16039	18636	17977	16374
ENSG00000136535	1	0	2	0	0	1	1	3	3	1	0	3
ENSG00000136536	12595	20362	13988	14113	15270	13103	11808	11468	10516	12356	11544	10888
ENSG00000136541	21	73	30	51	51	60	43	54	39	30	37	33
ENSG00000136542	43	72	42	45	47	49	41	67	62	50	53	47
ENSG00000136546	13	19	12	13	20	11	7	6	7	10	14	5
ENSG00000136560	880	1656	1007	1246	1336	1173	1039	980	922	1206	1006	980
ENSG00000136573	44	45	44	41	49	48	66	53	41	50	34	39
ENSG00000136603	1436	2934	2005	2440	2679	2437	2210	2101	1746	2190	2003	1701
ENSG00000136628	13813	21441	15615	12764	14069	11515	11539	10539	9514	11092	10720	11161
ENSG00000136630	1801	2941	2338	2385	2456	2285	1505	1329	1259	1553	1409	1145
ENSG00000136631	813	1240	987	1115	1224	1040	976	934	820	1097	977	831
ENSG00000136634	67	118	79	132	133	109	118	136	118	141	101	93
ENSG00000136636	2363	4024	2663	3205	3443	3126	2517	2414	2347	2566	2360	2524
ENSG00000136643	887	1464	987	1178	1225	1086	953	933	877	1010	884	878
ENSG00000136682	3221	5497	3699	3065	3254	2918	3489	3826	3091	3909	3597	3126
ENSG00000136689	423	769	658	570	634	654	494	521	435	580	494	482
ENSG00000136699	4503	6763	4937	4699	5059	4285	4108	3683	3597	4313	3641	3687
ENSG00000136709	5336	8812	5879	6200	6468	5591	5509	5308	4670	6015	5044	5058
ENSG00000136710	1121	1981	1573	1247	1522	1335	1326	1296	1164	1543	1411	1187
ENSG00000136715	1382	2256	1364	1574	1650	1394	1419	1320	1160	1465	1118	1325
ENSG00000136717	9	24	22	43	57	43	29	21	10	36	28	25
ENSG00000136718	2061	3148	2260	2128	2303	1884	2079	1709	1644	1886	1636	1792
ENSG00000136720	1583	2684	2139	2564	2627	2410	2265	2132	2038	2292	1925	1973
ENSG00000136731	10617	15931	11422	11209	11934	10182	9615	8898	8343	9962	9074	9187
ENSG00000136732	166	297	187	168	177	148	213	174	151	195	146	192
ENSG00000136738	827	1471	1014	935	1022	842	930	813	763	904	924	771
ENSG00000136754	2890	4968	3111	3365	3739	3331	2959	2830	2511	2972	2779	2657
ENSG00000136758	10557	17648	12722	11349	12305	10842	10890	10408	9184	11160	10729	9823
ENSG00000136770	209	340	282	225	236	172	176	198	200	208	205	207
ENSG00000136783	2576	4303	3020	2595	2998	2586	2508	2415	2169	2713	2859	2257
ENSG00000136802	1396	2072	1590	1798	1863	1704	1260	1127	1069	1363	1174	1208
ENSG00000136807	2424	4098	3223	3277	3383	3167	2301	2166	1899	2409	2075	2011
ENSG00000136810	5263	8624	6424	6013	6655	5512	4626	4381	4081	4695	4889	4231
ENSG00000136811	3369	5227	3805	3507	3794	3237	3282	2869	2801	3324	2718	2989
ENSG00000136813	9407	14810	10801	12462	13594	11746	8818	8355	7639	9232	8405	8066
ENSG00000136816	1064	1653	1253	1011	1000	878	1006	1033	866	1063	1044	980
ENSG00000136819	1229	1974	1304	1147	1221	988	1323	1075	1063	1258	1062	1125
ENSG00000136824	5711	8710	6201	5551	6105	5074	5194	4793	4442	5231	5029	4727
ENSG00000136826	233	526	405	433	481	441	212	313	191	339	283	150
ENSG00000136827	1876	2935	2132	2020	2157	1871	1702	1625	1470	1760	1511	1597
ENSG00000136828	128	185	119	188	169	150	119	118	87	150	80	115
ENSG00000136830	2937	5536	4665	6381	6716	6547	3190	3194	2709	3566	3303	2761
ENSG00000136840	399	528	476	340	359	326	347	345	288	407	380	299
ENSG00000136842	142	231	139	106	120	109	167	152	157	200	134	152
ENSG00000136848	26	36	32	49	39	60	54	37	44	32	43	45
ENSG00000136854	603	982	722	608	609	585	527	665	454	662	558	534
ENSG00000136859	11	20	15	44	47	24	11	2	3	9	9	9
ENSG00000136861	4405	6783	4562	4061	4361	3842	4209	4254	3559	4448	4076	3948
ENSG00000136866	75	97	78	215	225	200	56	43	55	60	59	54
ENSG00000136867	252	413	287	239	262	253	227	221	215	262	226	222
ENSG00000136868	3075	4906	3392	4660	4954	4436	2922	3086	2730	3114	2932	2881
ENSG00000136869	903	1321	1008	513	600	596	770	851	719	897	814	836
ENSG00000136870	1472	2436	1773	1401	1441	1321	1520	1606	1357	1613	1680	1515
ENSG00000136872	1	1	0	3	0	0	0	0	0	0	0	0
ENSG00000136874	1248	2047	1336	1361	1549	1291	1381	1430	1334	1618	1498	1260
ENSG00000136875	2798	4096	3097	2978	3140	2735	2985	2587	2398	2968	2670	2639
ENSG00000136877	3036	4797	3956	4322	4531	3997	2548	2439	2296	2826	2547	2426
ENSG00000136878	2960	4673	3756	2316	2423	2163	2888	2834	2416	3198	2926	2637
ENSG00000136881	0	3	1	1	5	3	0	4	1	0	0	2
ENSG00000136883	0	3	2	2	0	3	0	0	0	0	1	0
ENSG00000136888	1291	2261	1616	1403	1578	1456	1289	1251	1043	1311	1326	1162
ENSG00000136891	2682	4212	2686	2548	2903	2331	2160	2085	1981	2354	2016	2166
ENSG00000136895	142	303	183	261	262	220	209	242	181	226	198	178
ENSG00000136897	1273	2062	1417	1289	1400	1119	1169	1080	997	1152	1122	1122
ENSG00000136908	714	1169	812	732	809	740	708	679	625	773	655	641
ENSG00000136918	1	3	1	0	2	1	3	1	1	4	4	4
ENSG00000136925	1239	1925	1291	1358	1456	1143	1149	1088	988	1217	1084	1132
ENSG00000136928	2	1	1	3	5	3	2	3	5	5	1	5
ENSG00000136930	2579	4096	3295	2735	3080	2662	2216	2082	1900	2380	2317	2131
ENSG00000136931	1	3	2	0	1	0	0	2	0	1	0	1
ENSG00000136932	353	644	446	489	511	467	403	338	312	416	368	346
ENSG00000136933	568	806	680	624	676	559	525	466	445	457	427	432
ENSG00000136935	646	1058	803	783	822	715	867	853	689	915	755	711
ENSG00000136936	244	400	297	379	394	406	280	285	226	309	286	271
ENSG00000136937	6684	10086	7172	6722	7218	6281	6064	5492	5174	6151	5659	5843
ENSG00000136938	6418	10261	8083	6423	6803	5895	6373	5854	5730	6439	6511	5905
ENSG00000136940	1169	1758	1223	1214	1369	1200	1031	1028	1000	1170	1111	972
ENSG00000136942	5924	10795	8701	7810	8216	7571	7444	6584	5952	7524	6551	6144
ENSG00000136943	12	29	15	23	20	29	19	14	8	21	23	26
ENSG00000136944	40	48	37	43	27	38	39	45	56	44	48	36
ENSG00000136950	1313	2117	1577	1579	1732	1501	1264	1041	935	1101	1051	1126
ENSG00000136960	684	1072	846	2118	2423	2240	1347	1262	1191	1322	1144	1233
ENSG00000136982	1652	2361	1718	1505	1655	1398	1448	1292	1199	1346	1474	1315
ENSG00000136986	5308	9506	6331	5960	6273	5581	5793	5651	4814	6172	4959	5484
ENSG00000136997	11431	19548	13354	8552	8982	8519	12370	11325	9769	13678	11652	12234
ENSG00000136999	97	140	124	75	100	87	43	48	70	90	62	88
ENSG00000137033	1	2	1	1	2	0	0	3	0	3	2	3
ENSG00000137038	706	1110	834	721	765	741	600	537	496	616	599	555
ENSG00000137040	1777	2802	2130	2544	2700	2327	1745	1643	1486	1688	1796	1600
ENSG00000137054	1659	2532	1980	1512	1712	1415	1633	1562	1334	1680	1585	1453
ENSG00000137055	3144	4963	3440	3197	3559	2865	2622	2539	2276	2779	2444	2611
ENSG00000137070	218	355	310	294	342	323	369	474	328	474	380	277
ENSG00000137073	3230	4968	2965	3219	3510	2907	3039	2809	2458	3192	2399	2722
ENSG00000137074	1415	2413	1768	1543	1635	1405	1523	1503	1344	1654	1435	1490
ENSG00000137075	3174	5223	3547	3547	3766	3394	2915	3051	2727	3198	3049	2716
ENSG00000137076	30664	51656	41145	36965	39228	35842	36170	34712	30911	39201	36829	32874
ENSG00000137078	14	25	19	13	10	11	11	14	6	11	15	13
ENSG00000137090	4	5	2	0	0	3	5	4	3	1	9	7
ENSG00000137094	80	146	95	199	160	134	89	88	58	86	84	69
ENSG00000137098	39	124	77	56	61	54	53	74	43	62	65	41
ENSG00000137100	1005	2059	1530	1326	1485	1380	1348	1340	1223	1360	1254	1229
ENSG00000137101	467	892	657	275	246	259	562	730	533	727	641	454
ENSG00000137103	204	349	276	437	456	406	316	318	244	352	276	243
ENSG00000137106	1259	2064	1608	1591	1618	1503	1471	1335	1251	1575	1419	1302
ENSG00000137124	2797	4161	3257	2166	2424	1993	2335	2221	2120	2576	2390	2253
ENSG00000137133	495	807	650	547	527	483	492	488	428	555	476	423
ENSG00000137135	1217	1955	1389	1187	1220	1146	1205	1141	1006	1313	1249	1159
ENSG00000137142	1	0	0	0	0	2	1	1	0	0	2	0
ENSG00000137145	894	1967	1397	1272	1483	1292	1341	1557	1228	1704	1528	1154
ENSG00000137154	30959	54698	43945	38165	41169	37632	35237	31595	27384	35189	33502	28805
ENSG00000137161	2158	3747	2762	3240	3433	2999	3576	3219	2913	3431	3230	2805
ENSG00000137166	975	1620	1261	1334	1313	1078	1113	936	902	1098	981	958
ENSG00000137168	1105	1859	1168	1039	1154	966	1054	871	787	921	827	996
ENSG00000137171	295	566	460	357	380	369	336	428	358	431	415	327
ENSG00000137177	0	1	2	4	2	2	2	0	1	0	0	0
ENSG00000137185	640	995	667	763	727	690	639	714	632	743	650	654
ENSG00000137193	10617	21104	15263	8282	8695	9144	9606	10715	7810	12020	10379	9258
ENSG00000137198	40	50	44	29	39	44	30	32	23	39	23	14
ENSG00000137200	1145	1804	1222	1270	1466	1227	1266	1171	1059	1162	1129	1084
ENSG00000137203	0	7	1	6	5	4	8	1	1	3	1	0
ENSG00000137207	1435	2322	1869	1836	1917	1642	1630	1621	1424	1807	1542	1441
ENSG00000137210	2006	3408	2387	2315	2459	2276	2339	2259	1929	2318	2241	2193
ENSG00000137216	445	718	550	481	483	514	464	503	369	543	509	434
ENSG00000137218	104	145	137	115	141	93	101	96	82	147	110	92
ENSG00000137221	1207	1837	1487	1332	1295	1189	1307	1158	1087	1344	1145	1125
ENSG00000137225	23	45	32	31	35	36	37	46	30	37	34	29
ENSG00000137265	1051	2226	1620	1130	1222	1142	2339	2337	2172	2902	2455	1429
ENSG00000137266	20	16	6	15	14	17	19	17	8	17	12	8
ENSG00000137267	17	22	17	35	15	21	11	16	13	12	4	12
ENSG00000137269	29	43	32	24	19	24	39	20	23	21	19	21
ENSG00000137270	8	7	5	1	3	2	2	2	4	1	0	3
ENSG00000137274	236	339	284	264	323	277	270	261	224	262	291	234
ENSG00000137275	1111	1918	1316	1415	1692	1374	1248	1074	1057	1192	1067	1137
ENSG00000137288	878	1480	1183	1071	1156	937	996	930	835	970	854	938
ENSG00000137309	12695	20160	14706	12327	13198	11372	12204	10423	9645	12350	10491	10685
ENSG00000137310	2	7	1	4	5	2	0	4	0	7	8	3
ENSG00000137312	587	1196	882	958	1074	1109	715	735	633	754	767	526
ENSG00000137313	295	0	0	69	0	0	0	0	0	0	0	0
ENSG00000137332	0	2	0	3	0	0	1	5	4	0	0	0
ENSG00000137337	3045	4891	3249	2469	2559	2347	3338	2953	2503	3370	2627	2984
ENSG00000137338	298	426	299	270	300	241	254	288	239	274	261	248
ENSG00000137343	0	0	0	12	16	0	0	13	9	20	22	0
ENSG00000137345	23	28	21	17	33	15	33	32	10	27	21	20
ENSG00000137364	1200	2047	1429	1344	1424	1281	1359	1445	1195	1501	1399	1227
ENSG00000137393	43	72	34	30	34	29	24	25	33	43	44	51
ENSG00000137403	2	1	1	3	0	9	2	1	0	4	0	1
ENSG00000137409	3702	5939	4758	4804	5061	4753	3538	3417	2892	3814	3426	3128
ENSG00000137411	0	19	6	0	26	20	3	9	12	38	29	9
ENSG00000137413	2850	4704	3180	3293	3449	3094	3140	3236	2811	3379	2916	3012
ENSG00000137414	1022	1799	1245	904	897	931	1063	1167	891	1184	986	983
ENSG00000137434	3	6	2	5	7	0	8	8	7	11	4	8
ENSG00000137449	5314	9218	6120	6552	6786	6147	5212	5309	4748	5768	5132	4669
ENSG00000137460	51	73	67	69	52	53	40	27	27	54	20	35
ENSG00000137462	6844	11409	7405	3956	4196	4035	6689	8068	6075	8635	7753	7189
ENSG00000137463	4	8	1	2	0	3	4	1	3	2	1	2
ENSG00000137474	1159	1948	1332	499	621	563	1046	1214	796	1405	1220	1006
ENSG00000137478	5444	9145	6002	5119	5516	4915	5978	5949	5169	6435	5657	5373
ENSG00000137486	11285	18689	13961	15156	16407	14982	14068	12779	11818	14764	12875	11834
ENSG00000137491	13	12	18	18	17	7	8	19	11	10	18	16
ENSG00000137492	4382	6577	4701	4418	4836	4138	3747	3556	3311	3803	3623	3706
ENSG00000137494	601	1131	737	530	527	549	648	659	544	719	616	532
ENSG00000137496	485	828	623	800	856	756	624	664	586	628	632	536
ENSG00000137497	10511	17558	13140	12836	13119	12412	11908	11744	10195	12767	11926	10605
ENSG00000137500	2103	3609	2608	2649	2629	2617	2416	2699	2369	2700	2588	2294
ENSG00000137501	219	406	147	290	271	205	268	305	262	342	267	167
ENSG00000137502	11	20	18	10	29	12	9	18	19	19	13	18
ENSG00000137504	3521	5402	3872	3594	3930	3420	4124	4131	3611	4499	4368	3685
ENSG00000137507	0	0	0	1	0	2	2	1	1	1	1	0
ENSG00000137509	833	1482	1096	729	689	625	775	844	749	947	961	781
ENSG00000137513	1287	1809	1302	1404	1583	1364	1033	1032	984	1175	970	1059
ENSG00000137522	615	1060	839	708	659	700	733	733	577	798	694	656
ENSG00000137547	1917	3173	2319	2035	2279	1895	1783	1768	1481	1849	1787	1759
ENSG00000137558	0	5	2	2	5	0	2	2	0	5	0	1
ENSG00000137563	2153	3402	2618	1831	2051	1767	1745	1740	1582	1836	1883	1782
ENSG00000137571	2	18	11	9	8	10	13	20	12	18	13	6
ENSG00000137573	0	3	1	1	1	0	0	0	2	0	0	0
ENSG00000137574	2926	4238	3115	2813	2954	2696	2631	2338	2219	2631	2377	2546
ENSG00000137575	4051	7485	5432	3758	4138	3807	3786	4521	3377	4708	4774	3690
ENSG00000137601	615	986	708	616	708	598	573	543	503	583	563	528
ENSG00000137628	35	102	66	56	55	44	52	46	45	49	62	35
ENSG00000137642	1469	2462	1757	1975	2109	2205	3001	3099	2612	3516	2986	2162
ENSG00000137648	41	63	52	69	49	49	56	42	65	79	57	41
ENSG00000137656	965	1674	1105	1153	1176	1065	1034	930	836	1066	931	958
ENSG00000137673	1	4	1	0	0	0	0	1	0	1	1	0
ENSG00000137691	21	41	29	35	28	33	27	48	38	36	39	33
ENSG00000137692	2825	4149	3007	2379	2426	2158	2451	2393	2137	2439	2516	2333
ENSG00000137693	2	2	2	6	6	6	6	2	2	6	3	6
ENSG00000137700	645	877	570	349	460	343	424	497	408	526	531	460
ENSG00000137709	3	0	0	3	6	5	0	3	1	0	0	4
ENSG00000137710	1880	2988	1940	1666	1820	1563	1845	1838	1501	1971	1873	1657
ENSG00000137713	3188	5136	3685	3196	3340	2856	3150	3160	2733	3382	3156	2921
ENSG00000137714	675	970	765	844	860	723	600	576	560	556	554	574
ENSG00000137720	141	281	188	189	202	169	217	179	154	198	195	147
ENSG00000137726	12	23	17	11	15	8	18	18	16	30	25	8
ENSG00000137731	2	4	8	2	3	2	3	10	2	10	6	9
ENSG00000137747	23	44	37	23	30	26	22	27	26	30	32	18
ENSG00000137752	1067	1739	1235	1086	1163	986	1158	1116	970	1297	1273	1109
ENSG00000137757	0	0	0	0	1	0	2	1	1	2	1	0
ENSG00000137760	426	684	573	579	616	467	411	411	309	395	384	445
ENSG00000137764	1039	1644	1243	1077	1097	967	1167	956	894	1242	1065	975
ENSG00000137766	6	10	15	10	25	21	14	13	12	9	20	15
ENSG00000137767	1453	2716	2221	1683	2071	1850	1762	1934	1500	2063	2089	1486
ENSG00000137770	6947	11156	7490	7860	8149	7451	6560	6717	5923	7410	6540	6125
ENSG00000137776	2962	4571	3077	3132	3197	2742	2734	2767	2449	2738	2665	2623
ENSG00000137801	53	79	69	151	147	135	66	58	54	44	57	50
ENSG00000137802	823	1348	981	894	943	897	876	841	828	1032	922	874
ENSG00000137804	4747	6905	4332	4727	5072	3984	4220	3797	3468	4398	3414	3834
ENSG00000137806	777	1239	1020	808	836	737	768	684	705	810	779	704
ENSG00000137807	2600	4200	2683	2573	2709	2311	2311	2106	1950	2289	2116	2235
ENSG00000137809	67	119	74	213	198	196	92	129	94	107	85	72
ENSG00000137812	7099	10663	7365	7464	7926	6351	6331	6225	5635	6734	6184	6529
ENSG00000137814	2766	4392	3100	2400	2608	2287	2342	2360	2125	2522	2403	2374
ENSG00000137815	3796	5764	4098	3811	4048	3402	3432	3348	2855	3628	3211	3172
ENSG00000137817	1270	2089	1448	1481	1554	1377	1490	1517	1267	1558	1344	1234
ENSG00000137818	15869	28359	24248	20252	21415	20203	18240	16383	14140	19196	19539	15091
ENSG00000137819	26	35	20	23	11	32	14	20	19	23	22	20
ENSG00000137821	145	228	130	232	201	163	176	187	183	187	183	139
ENSG00000137822	2624	3953	2678	2208	2407	2060	2961	2609	2617	3087	2515	2674
ENSG00000137824	815	1200	913	792	842	778	788	803	615	759	736	765
ENSG00000137825	47	96	116	43	45	47	35	46	27	47	50	49
ENSG00000137831	461	855	626	408	439	319	517	596	466	579	594	471
ENSG00000137834	1435	2377	1821	1934	1949	1834	1700	1543	1461	1711	1527	1388
ENSG00000137841	4179	7542	5798	5886	5952	5719	6249	5974	5394	6749	5640	5172
ENSG00000137842	107	181	126	110	110	117	135	133	101	146	124	107
ENSG00000137843	68	113	117	96	82	66	86	90	75	117	99	78
ENSG00000137845	12639	22279	14478	15200	16287	14688	12891	13126	11149	14374	12565	11587
ENSG00000137857	286	474	316	410	413	353	452	483	434	468	465	421
ENSG00000137860	69	111	53	84	78	64	99	88	87	96	84	87
ENSG00000137868	6	4	2	5	3	1	3	0	3	2	3	7
ENSG00000137869	1	12	16	0	1	1	1	8	3	6	7	2
ENSG00000137871	1407	2365	1508	1637	1842	1568	1604	1558	1407	1682	1394	1398
ENSG00000137875	169	276	253	144	143	153	151	158	138	175	135	122
ENSG00000137876	5494	9328	6997	5890	6414	5685	5365	5368	4472	5562	5968	5290
ENSG00000137877	6	30	20	18	25	14	17	26	20	40	39	20
ENSG00000137878	5	0	5	5	6	3	7	5	2	4	0	3
ENSG00000137880	280	476	405	280	271	274	274	285	247	352	292	239
ENSG00000137936	19	50	41	134	174	188	42	67	49	47	51	37
ENSG00000137941	46	85	48	83	86	67	70	106	74	94	94	75
ENSG00000137942	11	23	4	6	18	15	7	5	8	8	6	10
ENSG00000137944	1731	2939	2017	1833	1950	1650	1584	1531	1419	1785	1584	1575
ENSG00000137947	1389	2192	1589	1555	1648	1433	1315	1262	1136	1368	1278	1245
ENSG00000137948	6	14	11	7	3	15	4	3	11	8	8	10
ENSG00000137955	3562	5494	3970	3792	3812	3201	3274	3281	2832	3238	3122	2883
ENSG00000137959	2	11	8	9	1	3	3	4	5	20	7	3
ENSG00000137960	2	3	1	1	2	5	3	0	0	2	1	2
ENSG00000137962	49	74	49	63	79	69	94	78	80	77	68	60
ENSG00000137965	5	8	11	8	7	7	14	13	8	9	16	4
ENSG00000137975	0	2	1	0	0	1	1	0	0	1	0	0
ENSG00000137976	2	0	4	0	0	0	0	2	0	4	0	0
ENSG00000137992	1902	3445	2375	2238	2482	2270	2315	2385	2100	2551	2435	2006
ENSG00000137996	1382	2380	1809	1576	1703	1565	1455	1571	1270	1546	1621	1376
ENSG00000138002	1109	1745	1326	950	1048	901	1171	1215	944	1239	1187	1112
ENSG00000138018	5420	8184	5521	3848	4068	3442	3851	4146	3552	4538	4021	3938
ENSG00000138028	985	1488	1212	826	934	818	826	808	710	918	813	774
ENSG00000138029	6879	11059	8716	6355	6917	6406	6729	7379	6230	8259	7981	6531
ENSG00000138030	422	689	489	487	500	441	359	319	330	385	338	379
ENSG00000138031	3878	5863	4478	3729	4224	3627	4032	3552	3495	3946	3722	3142
ENSG00000138032	2174	3354	2527	2626	2768	2513	2021	2050	1762	2169	2038	1914
ENSG00000138035	5470	8655	5879	5907	6207	5189	5777	5494	5354	5805	5498	5770
ENSG00000138036	425	829	604	462	419	434	494	560	422	538	604	416
ENSG00000138050	813	1423	919	845	897	766	870	790	689	877	799	829
ENSG00000138061	561	1165	821	2447	2511	2376	1563	1064	1329	1061	1032	819
ENSG00000138069	3614	5938	4490	3755	4014	3593	3332	3161	2897	3354	3234	3034
ENSG00000138071	54528	86059	61367	61949	69401	58655	51397	47660	44014	52649	49113	47942
ENSG00000138073	10382	16408	12722	12987	14014	12128	9293	8099	7797	9224	8438	8747
ENSG00000138074	3134	4613	3583	3390	3416	2926	2405	2162	2219	2490	2202	2408
ENSG00000138075	1	5	0	0	0	3	1	1	2	0	0	0
ENSG00000138078	3886	5998	4267	3209	3446	3227	2956	3142	2593	3336	3188	2870
ENSG00000138079	56	112	45	64	61	63	64	92	44	68	55	65
ENSG00000138080	171	316	266	197	204	178	149	121	127	180	134	153
ENSG00000138081	4670	8225	5493	6196	6632	5821	5013	4892	4438	5300	4588	4488
ENSG00000138083	0	1	0	4	7	1	4	5	0	0	4	1
ENSG00000138085	1578	2509	2037	1819	1970	1824	1695	1657	1391	1817	1759	1540
ENSG00000138092	1731	2886	1872	2038	2015	1819	1723	1593	1429	1761	1500	1576
ENSG00000138095	24439	39849	29420	25098	27804	24029	23092	21888	20428	24646	24765	21738
ENSG00000138100	2	1	4	3	4	5	0	0	2	6	4	4
ENSG00000138101	17	26	30	25	10	15	24	10	12	16	23	11
ENSG00000138107	3349	5233	4066	4206	4574	3895	3006	2694	2699	3206	2744	2899
ENSG00000138109	45	68	66	86	86	69	88	97	80	88	96	68
ENSG00000138111	464	752	687	699	775	705	612	585	529	709	585	521
ENSG00000138115	6	2	3	2	3	3	0	1	1	0	0	1
ENSG00000138119	279	525	347	2238	2602	2301	791	434	758	605	485	484
ENSG00000138131	7	2	5	3	3	6	5	10	3	8	5	3
ENSG00000138134	77	170	79	167	193	155	133	137	102	166	140	112
ENSG00000138138	2324	3407	2445	2354	2475	2136	2049	2101	1852	2137	2059	1990
ENSG00000138160	7127	10957	7637	7675	8373	7119	6439	6237	5572	6739	6330	6510
ENSG00000138161	0	2	11	19	20	10	13	11	11	23	9	7
ENSG00000138162	218	329	275	305	265	238	240	242	223	269	237	203
ENSG00000138166	271	639	441	225	245	257	208	260	189	242	254	171
ENSG00000138172	517	1053	721	764	829	732	686	684	545	731	614	612
ENSG00000138175	243	397	260	286	297	235	333	313	236	292	258	253
ENSG00000138180	1666	2371	1655	2205	2231	1806	1418	1236	1295	1355	1167	1344
ENSG00000138182	5089	7795	5479	5000	5504	4369	4505	4015	3764	4380	4197	4111
ENSG00000138185	313	488	298	440	390	363	394	496	398	481	340	334
ENSG00000138190	1842	2797	1959	1683	1940	1621	1508	1509	1336	1706	1556	1466
ENSG00000138193	83	127	104	142	139	135	134	140	126	130	120	147
ENSG00000138231	1138	1852	1285	1217	1267	1138	1096	1059	937	1146	1041	1006
ENSG00000138246	5027	7873	5584	7461	7778	6806	5299	5068	4664	5515	5054	5184
ENSG00000138279	1815	2818	2021	2244	2466	2079	1623	1547	1398	1566	1568	1608
ENSG00000138286	661	1116	861	738	780	654	676	655	596	709	635	525
ENSG00000138303	859	1563	1092	1067	1138	1003	924	904	859	1113	908	799
ENSG00000138315	2	2	3	5	2	1	1	1	1	3	2	0
ENSG00000138316	426	768	583	661	742	689	506	545	466	617	527	412
ENSG00000138326	8512	15330	11270	10584	11165	10279	10218	9150	8229	9872	9775	8310
ENSG00000138336	384	847	576	546	589	584	671	839	613	953	767	470
ENSG00000138346	1693	2581	1797	1649	1748	1465	1685	1643	1527	1785	1667	1633
ENSG00000138356	17	34	27	4	5	7	12	24	7	16	17	19
ENSG00000138363	5085	7475	5486	5152	5723	4446	3859	3510	3332	3877	3482	3600
ENSG00000138375	1483	2462	1795	1567	1656	1575	1533	1493	1309	1731	1447	1422
ENSG00000138376	3433	5377	3551	3641	4018	3334	3295	3192	2902	3536	3264	3020
ENSG00000138378	1	0	0	0	3	0	0	1	1	1	0	0
ENSG00000138379	5	4	0	4	5	5	1	4	6	5	2	3
ENSG00000138380	617	1240	806	978	1071	945	866	961	904	991	916	781
ENSG00000138381	2110	3446	2426	1884	2019	1827	1881	1785	1586	1893	1887	1778
ENSG00000138382	874	1384	1066	816	857	775	794	728	704	858	836	853
ENSG00000138385	2720	4213	3009	2342	2537	2103	2515	2108	2091	2293	2295	2292
ENSG00000138386	1432	2395	1592	1280	1334	1154	1385	1525	1158	1565	1493	1504
ENSG00000138395	4	16	19	8	11	8	16	29	21	30	28	11
ENSG00000138398	2672	4088	2822	2942	3136	2631	2759	2543	2214	2697	2734	2444
ENSG00000138399	2713	4433	3159	2823	3055	2503	2742	2666	2532	2906	2952	2538
ENSG00000138400	3	8	3	11	11	6	8	12	5	10	5	7
ENSG00000138411	27	48	37	43	45	27	23	29	28	38	30	20
ENSG00000138413	6269	10279	7270	5487	6158	5437	5585	5520	4691	6194	5741	5588
ENSG00000138430	4208	6781	4881	4601	4829	4274	4351	4100	3563	4310	4018	3775
ENSG00000138433	590	1180	836	728	741	688	751	740	643	768	680	641
ENSG00000138434	6490	10779	7270	6515	7302	6436	6253	6357	5530	6924	6432	5860
ENSG00000138439	3118	4858	3332	3365	3483	3082	2861	2803	2505	3175	2809	2611
ENSG00000138442	5417	8205	6038	4471	4704	3998	4767	4541	4128	4894	4847	4616
ENSG00000138443	2018	3129	2222	2322	2360	2039	1961	1979	1837	1974	1769	1815
ENSG00000138448	348	664	504	399	471	426	392	410	333	410	442	362
ENSG00000138449	15	26	6	8	6	11	9	9	7	20	15	13
ENSG00000138459	1711	3016	2023	2088	2241	2106	1941	1954	1831	2063	1983	1853
ENSG00000138463	219	313	217	140	188	127	218	259	183	292	262	239
ENSG00000138468	1298	2502	1576	2047	2272	2003	1835	1939	1569	1981	1697	1520
ENSG00000138495	196	254	248	187	223	177	219	208	161	226	194	200
ENSG00000138496	279	489	340	305	303	275	329	279	256	323	309	284
ENSG00000138587	76	136	100	43	53	32	86	63	71	86	67	95
ENSG00000138592	4647	8074	5427	5505	5833	5328	5241	5447	4719	5534	5109	4700
ENSG00000138593	1990	3599	2448	2492	2556	2460	2207	2320	1985	2541	2323	2139
ENSG00000138594	6617	10449	7202	8086	8863	7651	6475	6424	5614	6819	6380	6096
ENSG00000138600	3128	5014	3919	3854	4108	3482	3253	3489	3077	3567	3649	3268
ENSG00000138604	1111	1864	1305	1264	1327	1204	1252	1172	1054	1261	1130	1109
ENSG00000138606	13	18	22	23	33	20	10	13	15	24	19	18
ENSG00000138613	1492	2601	1794	2012	2117	2021	1741	1727	1544	1937	1830	1595
ENSG00000138614	1738	2873	2004	1880	2005	1735	1683	1564	1382	1762	1623	1618
ENSG00000138615	1	3	0	0	3	1	0	3	0	1	0	1
ENSG00000138617	265	482	354	309	412	324	276	270	256	310	308	230
ENSG00000138621	280	578	396	408	341	334	336	338	304	395	347	275
ENSG00000138623	793	1389	986	482	541	528	757	763	608	858	742	690
ENSG00000138629	1217	1925	1476	2060	2328	1981	1276	1065	1039	1311	1155	1092
ENSG00000138639	0	0	10	3	0	0	0	5	1	6	3	1
ENSG00000138640	18	55	50	36	41	32	49	49	53	70	44	35
ENSG00000138641	1861	3117	2153	1937	2388	1900	1983	2062	1855	2467	2079	1908
ENSG00000138642	96	171	151	167	192	159	107	136	115	117	145	109
ENSG00000138646	78	157	149	196	186	209	126	137	130	143	136	152
ENSG00000138658	2161	3535	2155	1910	1994	1835	2348	2505	2057	2484	2384	2289
ENSG00000138660	851	1378	1114	1035	1208	1054	766	758	679	772	783	765
ENSG00000138663	1518	2581	1843	1675	1952	1580	1357	1386	1260	1443	1338	1305
ENSG00000138668	10838	16052	11376	10325	11108	9482	9842	8695	8253	9813	9104	9201
ENSG00000138669	7	10	3	4	6	11	4	2	4	7	11	1
ENSG00000138670	8	14	16	12	23	18	16	16	11	17	12	8
ENSG00000138674	5650	9258	6366	6864	7205	6451	5827	5587	4897	6329	5287	5266
ENSG00000138675	32	57	24	41	32	34	47	58	39	41	40	37
ENSG00000138678	4	12	4	48	36	30	11	13	22	26	19	20
ENSG00000138685	3	7	2	2	3	2	4	2	3	0	1	3
ENSG00000138686	502	837	615	491	445	500	474	451	364	530	499	413
ENSG00000138688	4465	7895	5152	5649	5881	5555	5550	5857	5080	6369	5367	5001
ENSG00000138698	4188	6563	4628	4308	4803	4048	3861	3691	3423	4080	3909	3827
ENSG00000138709	1297	2060	1361	1280	1216	1040	1133	1134	944	1245	1129	1101
ENSG00000138735	8	10	5	6	3	1	2	3	6	1	8	2
ENSG00000138738	11	12	16	15	11	12	14	20	21	11	16	6
ENSG00000138744	1046	1636	1301	1812	2009	1874	1222	1204	1152	1333	1261	1139
ENSG00000138750	2331	3501	2430	2320	2359	2036	1895	1844	1719	2071	1822	1773
ENSG00000138755	0	3	5	2	0	2	0	1	1	0	0	0
ENSG00000138756	2952	4760	3148	3656	3899	3273	2758	2699	2400	3164	2547	2736
ENSG00000138757	9439	14749	10379	9412	10135	8742	8794	8120	7326	9035	8248	8153
ENSG00000138758	7680	11055	7548	5866	6095	4959	6127	5678	5073	6504	5353	6181
ENSG00000138760	1068	1737	1260	1476	1587	1424	1176	1237	1079	1385	1168	1111
ENSG00000138764	2024	4157	2840	2388	2629	2521	2267	2656	2048	2624	2655	2014
ENSG00000138767	6960	10702	7324	6050	6629	5851	6011	6309	5297	6897	6474	5426
ENSG00000138768	5850	10140	6746	6941	7375	6556	5339	5307	4446	5868	5333	5091
ENSG00000138769	7	2	2	3	1	1	1	1	2	1	2	2
ENSG00000138771	2	8	4	3	4	7	0	2	1	0	1	3
ENSG00000138772	18	12	8	9	16	27	15	16	14	12	22	18
ENSG00000138777	4461	7228	5800	4213	4884	3966	4122	4098	3518	4431	4640	4086
ENSG00000138778	2558	3802	2581	2392	2572	2244	2381	2152	2021	2195	2225	2420
ENSG00000138780	1186	1892	1307	1184	1295	1073	1031	939	896	1177	1048	1064
ENSG00000138785	528	847	597	508	540	460	482	468	421	519	434	475
ENSG00000138792	1	2	0	0	0	0	2	3	4	0	0	0
ENSG00000138794	324	514	409	444	485	470	377	349	341	363	392	376
ENSG00000138795	2	5	0	2	3	4	0	2	1	1	0	2
ENSG00000138796	2571	3846	2946	2401	2483	2289	2486	2466	2219	2838	2606	2476
ENSG00000138798	0	1	3	2	5	1	1	1	5	2	3	4
ENSG00000138801	1292	2261	1656	1317	1438	1274	1448	1527	1287	1576	1447	1311
ENSG00000138802	1774	2870	1798	2197	2399	1961	1792	1576	1482	1792	1508	1603
ENSG00000138814	5011	8067	5604	5438	5975	5221	4982	4813	4208	5421	4771	4224
ENSG00000138821	4148	6867	4892	3872	4046	3333	3508	3536	2951	3935	3823	3661
ENSG00000138823	2	4	0	3	1	0	4	0	2	1	5	0
ENSG00000138829	5	12	10	3	6	6	3	6	3	6	6	4
ENSG00000138834	3151	5404	4417	4480	4333	4212	4165	4214	3743	4895	3849	3378
ENSG00000138835	84	211	195	376	394	391	186	193	133	223	195	123
ENSG00000138867	5637	8701	6081	5596	5895	5328	5340	4856	4379	5696	4476	4836
ENSG00000138942	894	1670	1268	1096	1168	1034	963	946	806	1144	957	984
ENSG00000138944	13	30	17	2	1	5	6	18	7	19	11	12
ENSG00000138964	10799	17133	13143	13262	13667	12106	11946	11534	10030	12622	10921	10384
ENSG00000139044	24	27	24	12	15	11	12	8	12	24	22	10
ENSG00000139053	3	6	4	0	1	0	4	0	2	6	4	6
ENSG00000139055	88	172	108	108	125	110	103	96	81	130	98	93
ENSG00000139083	9836	16636	11061	12412	12892	11697	10322	9899	8684	11059	9381	9332
ENSG00000139112	81	173	151	80	92	87	102	158	98	141	154	75
ENSG00000139116	27	22	32	20	31	26	19	27	16	19	16	15
ENSG00000139117	1029	1453	955	912	1005	872	841	936	761	975	918	858
ENSG00000139131	974	1701	1245	995	1049	831	878	886	786	996	949	828
ENSG00000139132	32	82	42	35	21	37	56	87	52	72	76	41
ENSG00000139133	1286	2033	1330	1140	1213	1103	1168	1174	959	1289	1224	1054
ENSG00000139144	0	7	3	6	4	1	2	4	5	5	2	0
ENSG00000139146	5320	8252	5849	4868	5670	4741	4682	4338	4048	4926	4640	4374
ENSG00000139154	2863	4764	3204	3185	3553	3036	2722	2810	2297	2973	2712	2567
ENSG00000139160	125	270	199	201	197	224	157	227	178	216	222	182
ENSG00000139163	9206	14822	10455	9801	11108	9565	8520	9015	7704	9636	9390	8070
ENSG00000139168	736	1108	879	833	806	700	791	707	630	791	706	665
ENSG00000139173	116	112	119	156	134	122	81	69	83	99	93	88
ENSG00000139174	1286	1949	1407	793	696	688	1031	1119	797	1223	1062	1098
ENSG00000139178	786	1526	1182	1102	1272	1126	1026	1031	958	1159	999	860
ENSG00000139180	3394	5444	1866	4606	4587	4221	3813	4382	3431	4259	3692	3490
ENSG00000139182	628	1159	839	1004	1014	1018	927	911	828	928	822	714
ENSG00000139187	42	59	43	47	43	38	23	23	19	30	30	29
ENSG00000139190	432	808	528	594	484	467	486	562	496	622	522	406
ENSG00000139192	312	516	422	499	563	461	391	369	329	419	386	304
ENSG00000139193	0	0	2	0	0	1	0	1	0	0	1	0
ENSG00000139194	15	29	16	17	16	9	13	19	17	10	10	15
ENSG00000139197	1600	2534	1981	1626	1732	1631	1583	1503	1362	1672	1780	1352
ENSG00000139200	0	0	1	4	1	5	4	5	1	2	1	0
ENSG00000139209	0	1	0	0	0	0	0	1	0	1	0	0
ENSG00000139218	16044	26000	18303	16937	18490	16041	15706	15794	14055	16733	15836	14830
ENSG00000139219	4	2	0	0	3	0	0	2	0	0	1	0
ENSG00000139233	1536	2482	1685	1695	1745	1547	1660	1726	1369	1729	1643	1646
ENSG00000139266	513	919	733	437	492	457	531	627	422	636	554	474
ENSG00000139269	24	60	54	17	5	5	13	12	8	17	15	9
ENSG00000139278	1613	2707	1502	5700	6016	4885	2581	2301	2250	2607	1921	2337
ENSG00000139287	60	94	76	89	73	64	58	94	68	80	55	77
ENSG00000139289	815	1827	1410	1210	1272	1271	1175	1218	979	1144	1227	770
ENSG00000139291	1062	1460	1134	1857	2022	1777	1067	899	964	1021	978	1014
ENSG00000139318	4406	8298	6190	5599	5836	5638	5086	5066	4257	5318	5013	3785
ENSG00000139323	1353	2214	1502	1478	1524	1357	1489	1473	1326	1535	1342	1248
ENSG00000139324	549	898	619	490	512	503	577	586	483	638	555	572
ENSG00000139343	1482	1974	1367	1223	1407	1165	1254	1051	996	1023	1150	1072
ENSG00000139344	50	96	99	70	58	86	64	60	74	55	86	59
ENSG00000139350	1183	1799	1151	1082	1213	1148	993	922	825	1047	934	1018
ENSG00000139351	4	14	4	7	9	14	4	6	6	6	11	6
ENSG00000139354	1412	2177	1531	1416	1515	1299	1331	1455	1136	1479	1367	1414
ENSG00000139364	13	27	11	27	33	23	14	12	15	16	15	20
ENSG00000139370	1176	1849	1416	1336	1447	1303	1134	1222	1042	1358	1331	1055
ENSG00000139372	3783	6023	4278	4235	4435	3921	3327	3016	2844	3418	3365	3152
ENSG00000139405	828	1296	903	788	897	770	857	767	621	864	738	729
ENSG00000139410	47	58	47	96	95	59	44	52	63	60	62	46
ENSG00000139428	1885	3639	2434	1492	1452	1358	1732	1743	1387	2067	1693	1656
ENSG00000139433	417	846	542	545	582	484	529	484	476	561	473	486
ENSG00000139436	3746	6603	4479	5067	5321	4700	4600	4597	3930	5035	4003	4218
ENSG00000139437	863	1257	948	976	941	798	838	710	692	753	693	729
ENSG00000139438	144	240	186	198	192	180	152	108	117	129	96	118
ENSG00000139496	7447	12355	8051	9431	10126	8902	7018	6773	6080	7547	6563	6316
ENSG00000139505	2299	3723	2643	4639	5000	4274	2155	1870	1767	2001	1937	1976
ENSG00000139508	358	619	435	547	599	463	461	420	334	416	432	386
ENSG00000139514	12991	18979	13650	11254	11808	9797	10344	9385	8644	10747	9398	10519
ENSG00000139517	661	1065	782	722	826	749	730	775	682	860	743	693
ENSG00000139531	596	1018	735	761	860	778	816	794	718	802	793	726
ENSG00000139537	2	8	7	3	4	7	2	8	4	8	4	6
ENSG00000139540	2	1	5	1	0	5	0	6	2	6	1	2
ENSG00000139546	725	1193	913	808	815	722	693	654	623	672	693	613
ENSG00000139547	157	231	144	216	217	200	186	240	224	231	171	168
ENSG00000139549	3	16	4	4	2	7	4	7	2	13	6	10
ENSG00000139567	218	397	324	720	751	679	329	261	282	316	303	276
ENSG00000139572	83	154	108	295	230	229	103	89	76	109	77	94
ENSG00000139574	4	5	2	2	4	0	0	2	1	5	0	0
ENSG00000139579	1480	2095	1716	1395	1539	1367	1362	1181	1187	1321	1380	1237
ENSG00000139597	1841	3132	2317	1816	1929	1776	1855	2197	1767	2148	2011	1671
ENSG00000139610	6	16	8	18	22	17	9	15	6	11	8	5
ENSG00000139613	5391	8645	6130	5747	5872	5289	5867	5335	4855	6112	5072	5340
ENSG00000139618	6983	11053	7456	7087	7386	6269	6935	7022	6040	7722	7239	6989
ENSG00000139620	1615	2432	1856	1566	1685	1486	1561	1704	1441	1776	1661	1445
ENSG00000139624	1733	2884	2055	1872	2090	1774	1765	1728	1604	1988	1695	1560
ENSG00000139625	144	247	200	286	280	265	248	256	249	273	223	173
ENSG00000139626	1275	2157	1763	3740	4004	4038	2664	2253	2512	2710	2405	1892
ENSG00000139629	957	1714	1197	1235	1259	1184	1218	1245	969	1362	1069	1139
ENSG00000139631	153	305	256	254	227	216	238	272	209	233	255	227
ENSG00000139636	636	1152	907	880	868	849	702	795	597	819	684	575
ENSG00000139637	537	870	603	706	739	595	539	501	471	563	495	472
ENSG00000139641	15074	25097	19206	15122	16087	14843	14486	14481	12062	16011	14739	13774
ENSG00000139644	21905	36585	28177	24732	27147	24398	22154	21130	18929	23771	22527	20530
ENSG00000139645	2898	4338	3354	2924	3014	2564	2666	2378	2190	2619	2400	2520
ENSG00000139651	2232	3476	2759	2248	2448	2141	2331	2297	1886	2469	2298	2081
ENSG00000139668	5913	9576	6588	6566	6578	6185	6709	7482	6094	7936	6718	6320
ENSG00000139675	147	261	165	151	190	143	147	157	130	163	123	142
ENSG00000139679	50	148	91	193	227	229	97	141	75	124	80	66
ENSG00000139684	3233	5751	3914	3708	4002	3445	3540	3243	2968	3610	3176	3149
ENSG00000139687	9763	16066	10112	14761	15704	14467	9088	8260	7966	9325	8668	8084
ENSG00000139697	12449	19599	13036	14751	15797	13716	12341	11753	11022	12791	11708	11767
ENSG00000139714	184	362	236	261	246	276	237	317	276	306	278	265
ENSG00000139718	4309	6800	5177	5810	5935	5202	4884	4371	4224	4973	4126	4764
ENSG00000139719	1740	2801	2251	2099	2179	1945	1813	1752	1547	1907	1824	1661
ENSG00000139722	870	1395	1152	1153	1190	1065	1079	1008	868	1069	1061	820
ENSG00000139725	1786	3013	2252	1894	1973	1914	1908	1874	1621	2174	1895	1629
ENSG00000139726	3922	6554	4951	4255	4660	4100	4058	3832	3525	4282	3853	3869
ENSG00000139734	1909	2868	2042	1746	1873	1569	1712	1664	1458	1842	1657	1543
ENSG00000139737	18	41	36	32	29	28	13	19	25	19	25	23
ENSG00000139746	5416	9253	6086	6231	6447	5649	5887	6194	5161	6468	5742	5332
ENSG00000139793	2	10	12	69	91	72	7	8	5	10	9	4
ENSG00000139826	1570	2484	1662	1649	1733	1546	1309	1470	1237	1524	1422	1388
ENSG00000139832	402	705	574	457	461	438	558	476	400	636	554	359
ENSG00000139835	13	33	33	31	36	28	27	27	42	36	18	25
ENSG00000139842	4934	7380	5232	4482	4889	4203	4374	4266	3763	4682	4266	4037
ENSG00000139865	1	2	0	0	5	1	1	0	0	0	0	1
ENSG00000139880	329	556	445	365	381	335	270	212	200	261	241	232
ENSG00000139890	16	16	7	15	19	22	7	19	8	11	7	10
ENSG00000139899	13	20	19	5	6	13	18	12	6	17	13	11
ENSG00000139908	5	8	13	18	10	9	7	20	8	7	12	4
ENSG00000139914	16	18	14	27	11	15	9	13	11	8	15	13
ENSG00000139915	16	42	47	20	27	36	42	35	24	23	31	23
ENSG00000139921	6605	10704	7700	6382	7313	6425	5485	5485	4746	5916	5863	5005
ENSG00000139926	5	5	6	2	5	1	2	6	2	3	5	1
ENSG00000139946	1850	2999	2083	1831	1960	1795	1965	2129	1792	2202	2113	1785
ENSG00000139970	1	0	0	0	0	0	1	1	1	2	4	0
ENSG00000139971	81	142	109	86	103	96	104	116	96	117	106	107
ENSG00000139974	225	461	238	189	260	237	279	346	205	347	273	270
ENSG00000139977	1377	2282	1523	1580	1723	1482	1264	1276	1231	1436	1339	1251
ENSG00000139985	3	6	7	6	7	5	4	3	0	6	3	4
ENSG00000139990	1891	3217	2357	2201	2324	2082	2256	2051	1758	2366	2117	1985
ENSG00000139998	155	202	163	139	156	137	151	181	154	165	200	150
ENSG00000140006	1176	1755	1269	985	1106	913	1054	1026	914	1076	1021	1013
ENSG00000140009	3	3	7	3	10	3	4	1	1	6	6	2
ENSG00000140022	477	773	485	503	569	497	536	556	443	609	550	504
ENSG00000140025	339	514	358	357	385	346	436	441	326	420	388	347
ENSG00000140030	373	622	394	1232	1369	1180	530	524	477	597	559	496
ENSG00000140043	463	851	546	663	690	667	663	730	592	715	701	612
ENSG00000140044	416	657	480	397	419	381	453	386	395	406	380	452
ENSG00000140057	54	90	79	50	65	55	40	48	28	56	45	36
ENSG00000140090	151	287	181	217	256	221	244	281	220	287	285	219
ENSG00000140093	60	79	51	65	64	58	56	73	70	61	62	34
ENSG00000140104	193	361	279	197	166	166	211	180	157	264	193	177
ENSG00000140105	5862	9661	6709	6233	6462	5321	5237	4538	4418	4997	4319	5082
ENSG00000140107	1	4	1	0	0	1	1	3	4	2	0	0
ENSG00000140153	814	1384	859	893	934	818	798	845	634	897	685	770
ENSG00000140157	4273	6187	4257	4230	4781	3811	3523	2943	2759	3282	2946	3455
ENSG00000140199	4180	8264	5357	4158	4303	4153	5067	5391	4116	5689	4794	4725
ENSG00000140254	0	2	1	0	1	0	1	0	4	2	2	0
ENSG00000140259	939	1565	1193	873	911	807	942	821	765	1016	901	845
ENSG00000140262	4818	7820	5176	4645	5015	4082	4096	4142	3684	4577	4036	3985
ENSG00000140263	2523	3837	2984	2230	2412	2064	2020	1899	1697	2112	2004	1783
ENSG00000140264	6527	11811	9799	7721	7683	7147	7196	6608	5993	7426	7480	6615
ENSG00000140265	2352	3699	2726	2550	2718	2398	2403	2237	2081	2492	2367	2261
ENSG00000140279	277	503	339	412	424	364	558	508	501	484	465	453
ENSG00000140280	351	479	394	348	346	293	262	247	227	230	229	273
ENSG00000140284	262	446	314	262	249	212	233	190	182	277	256	184
ENSG00000140285	2	4	0	0	0	1	0	0	0	1	0	1
ENSG00000140287	12	10	15	14	14	5	5	11	6	6	9	3
ENSG00000140297	38	59	41	26	40	28	44	43	51	53	51	51
ENSG00000140299	8357	12666	9079	10112	10851	9636	7866	7430	6614	8215	7950	7468
ENSG00000140307	931	1536	1067	1078	1240	960	962	804	769	893	849	902
ENSG00000140319	2479	3734	2527	2606	2779	2446	2500	2104	2010	2527	1779	2008
ENSG00000140320	2097	3388	2865	2178	2479	2266	2218	2021	1696	2289	2132	1913
ENSG00000140323	237	400	273	306	283	279	293	281	285	352	318	285
ENSG00000140326	1663	2647	2051	1680	1705	1448	1686	1656	1567	1930	1818	1665
ENSG00000140332	5050	9494	7154	8808	9191	8669	6670	6205	5409	6935	6041	4897
ENSG00000140350	10950	17150	13444	11475	12040	10416	11282	10162	9335	10863	10431	10174
ENSG00000140365	1661	2673	2318	1990	2128	1865	1777	1791	1514	1933	1904	1581
ENSG00000140367	3863	6250	4351	4201	4532	4058	3616	3515	3143	3766	3698	3222
ENSG00000140368	301	538	422	288	337	332	477	450	445	594	491	393
ENSG00000140374	3709	6138	4527	4013	4222	3701	3816	3389	3235	3671	3684	3408
ENSG00000140379	5	29	18	2	6	2	20	25	17	16	15	6
ENSG00000140382	2211	3539	2553	2560	2646	2422	2318	2400	1998	2383	2298	1987
ENSG00000140386	628	1052	663	654	746	635	570	623	568	718	596	585
ENSG00000140391	3593	5291	4107	3944	4280	3671	3192	3058	2958	3434	3218	3013
ENSG00000140395	1227	2005	1401	1265	1386	1102	1155	1128	982	1181	1120	1061
ENSG00000140396	2521	4327	3004	3209	3400	3148	2784	3066	2488	3222	2913	2702
ENSG00000140398	155	353	268	265	252	239	304	328	276	291	251	220
ENSG00000140400	5089	7649	6335	6214	6370	5858	4822	4771	4151	5210	4800	4272
ENSG00000140403	2152	3047	2192	1842	1930	1564	1531	1496	1398	1673	1585	1536
ENSG00000140406	806	1247	1020	1126	1257	1176	696	580	581	761	675	698
ENSG00000140416	476	745	497	487	535	515	590	608	567	601	654	564
ENSG00000140443	2022	3078	1936	1719	1973	1792	1882	1918	1765	2404	1886	1746
ENSG00000140450	519	1061	854	1072	1157	1250	935	905	778	948	876	853
ENSG00000140451	471	704	530	569	525	468	480	436	435	500	432	459
ENSG00000140455	4598	7505	5184	6311	6664	5834	4910	4910	4351	5406	4595	4623
ENSG00000140463	402	650	453	383	397	370	376	392	269	447	393	367
ENSG00000140464	1773	2930	2200	2379	2410	2332	1985	1872	1641	2176	1924	1655
ENSG00000140465	26	43	21	43	47	42	51	20	36	27	24	27
ENSG00000140470	40	72	34	54	37	29	70	47	46	52	22	35
ENSG00000140471	752	1172	840	791	807	757	759	881	694	872	845	708
ENSG00000140474	1683	2517	2010	1748	1865	1653	2085	1839	1779	2209	1878	1943
ENSG00000140478	0	0	0	1	4	1	4	7	1	3	0	1
ENSG00000140479	106	220	143	175	154	148	153	198	161	163	163	166
ENSG00000140488	0	10	11	18	19	25	20	12	7	22	7	9
ENSG00000140497	2414	4358	3109	3015	3013	2807	2772	2613	2316	3010	2459	2612
ENSG00000140505	34	63	38	45	40	48	62	42	61	64	42	32
ENSG00000140506	5	4	4	1	3	2	5	9	2	0	5	6
ENSG00000140511	57	47	63	101	129	99	57	65	51	66	52	74
ENSG00000140521	3906	5724	4557	4202	4466	3941	3816	3456	3247	4003	3384	3757
ENSG00000140525	6341	9613	7215	6203	6981	6048	5432	5759	4814	6073	5815	5206
ENSG00000140526	4239	6436	4666	5695	6000	5302	4867	4535	4336	5065	4329	4273
ENSG00000140527	10	18	17	6	8	8	10	18	8	14	15	9
ENSG00000140534	3646	5667	3924	3132	3326	2795	3296	3153	2892	3457	3196	3199
ENSG00000140538	76	128	108	284	279	234	135	135	128	138	111	111
ENSG00000140543	550	762	553	610	685	540	574	602	468	627	497	536
ENSG00000140545	45	47	37	84	62	69	25	27	23	34	41	40
ENSG00000140548	1178	1685	1376	1296	1392	1226	1300	1168	1112	1477	1202	1204
ENSG00000140553	2826	4983	4089	3269	3482	3144	3169	3271	2792	3635	3469	2970
ENSG00000140563	3	5	6	8	6	7	15	4	9	13	5	8
ENSG00000140564	3846	6708	4920	4054	4348	3955	3599	3479	2864	4059	3186	3129
ENSG00000140575	16166	26415	18269	19765	20997	18972	15274	15026	12981	16347	14705	14753
ENSG00000140577	1166	1795	1273	1617	1579	1405	1222	1101	993	1230	1018	1111
ENSG00000140598	1244	1964	1421	1340	1399	1249	1225	1094	1041	1334	1161	1132
ENSG00000140600	0	2	1	2	1	0	0	0	1	2	4	0
ENSG00000140612	3043	5333	3855	4361	4380	3855	3700	3784	3118	3812	3322	3187
ENSG00000140632	5535	8435	6165	5986	6599	5585	5087	4624	4185	5087	4521	4707
ENSG00000140650	1660	2717	1878	1872	1839	1607	1532	1625	1472	1802	1595	1663
ENSG00000140675	58	103	73	64	79	57	54	83	50	50	43	46
ENSG00000140678	749	2346	1880	1743	1786	1937	2275	2820	1992	2976	2254	1386
ENSG00000140682	11	17	12	16	12	11	7	12	10	24	4	12
ENSG00000140688	2058	3252	2471	2201	2326	2114	2129	2142	1773	2442	2049	1864
ENSG00000140691	1882	3278	2845	2174	2417	2201	1944	1850	1561	2061	1953	1816
ENSG00000140694	2166	3407	2372	2420	2220	2416	2279	2158	1784	2375	1813	2032
ENSG00000140718	2654	4151	2450	2807	2818	2459	2722	2740	2535	2866	2425	2515
ENSG00000140740	7410	11956	8187	8246	8596	7214	6851	6343	5898	7246	6313	6306
ENSG00000140743	585	878	561	473	461	407	516	389	370	459	379	491
ENSG00000140749	12	7	2	12	29	22	9	8	11	35	23	30
ENSG00000140750	4488	7594	5742	5730	5800	5170	4872	4703	4254	5278	4840	4404
ENSG00000140795	137	321	170	230	212	228	232	301	231	279	246	221
ENSG00000140807	504	760	548	571	602	464	621	667	607	753	636	512
ENSG00000140829	3228	5049	4236	3577	3710	3297	2865	2736	2387	2962	2901	2675
ENSG00000140830	597	1006	783	607	643	552	618	632	489	643	597	620
ENSG00000140832	48	96	47	71	59	53	77	78	69	95	70	71
ENSG00000140835	76	89	71	38	33	33	37	54	46	53	31	58
ENSG00000140836	94	178	131	183	175	155	156	175	147	162	160	148
ENSG00000140839	24	24	19	27	10	13	18	36	20	29	23	32
ENSG00000140848	914	1644	1106	1402	1632	1374	1256	1148	950	1340	1092	1061
ENSG00000140853	2485	3914	2797	2725	2761	2404	2798	2753	2445	2990	2618	2485
ENSG00000140854	1484	2350	1995	1572	1620	1441	1291	1171	1109	1402	1235	1153
ENSG00000140859	92	163	146	100	88	59	87	93	82	110	100	96
ENSG00000140876	656	1194	862	920	1061	929	737	664	566	830	665	618
ENSG00000140905	1131	1735	1296	1013	1108	912	830	762	774	830	968	885
ENSG00000140931	2841	5043	3726	3895	4045	3888	3388	3335	3005	3543	3084	2936
ENSG00000140932	1	0	1	4	1	2	5	1	0	1	0	4
ENSG00000140939	31	120	114	94	91	114	104	142	81	124	130	56
ENSG00000140941	2196	4327	3374	2379	2530	2284	2316	2575	1799	2473	2635	1975
ENSG00000140943	3788	5804	4308	3789	4147	3637	3534	3319	2971	3655	3369	3070
ENSG00000140945	4	6	6	6	7	5	5	8	4	12	15	9
ENSG00000140948	2264	3395	2631	2435	2518	2350	2375	2417	2037	2745	2250	2176
ENSG00000140950	438	810	560	523	530	575	510	562	448	602	594	467
ENSG00000140955	3	7	5	0	2	2	7	2	2	3	2	2
ENSG00000140961	102	162	119	97	82	82	95	113	66	121	119	73
ENSG00000140968	17171	27109	20179	19311	21150	18478	17150	15796	15163	17857	16709	15836
ENSG00000140983	5083	8018	6574	5294	5525	4890	4747	4271	3747	4762	4318	4112
ENSG00000140986	24	26	20	41	43	21	37	38	19	46	20	31
ENSG00000140987	794	1458	1014	907	893	880	868	778	684	827	773	882
ENSG00000140988	50540	90571	74792	64083	69542	64227	58199	54727	46435	62776	60262	49444
ENSG00000140990	784	1171	902	732	892	700	844	630	563	710	744	622
ENSG00000140992	3886	6468	4881	4851	5046	4483	4108	3899	3570	4496	4077	3754
ENSG00000140993	164	257	202	139	156	159	190	211	185	206	223	209
ENSG00000140995	763	1096	970	829	951	745	865	843	805	994	955	774
ENSG00000141002	4841	7790	6276	6093	6339	5842	5099	4997	4432	5641	4971	4538
ENSG00000141012	1222	2236	1607	1356	1341	1157	1326	1458	1206	1600	1409	1369
ENSG00000141013	296	463	328	247	239	274	320	319	286	336	309	277
ENSG00000141026	834	1299	946	979	986	902	958	1074	815	1021	874	932
ENSG00000141027	12458	20284	13475	14657	15139	13631	13946	13514	11782	14628	11923	12535
ENSG00000141030	3898	6290	4208	4447	4778	3973	4084	3654	3517	3994	3565	3726
ENSG00000141034	864	1349	982	896	971	788	933	877	755	1031	914	703
ENSG00000141040	9	45	27	33	36	40	23	30	40	25	21	12
ENSG00000141052	0	0	0	1	1	0	1	0	0	3	2	1
ENSG00000141068	1881	3253	2705	1044	972	996	1563	1899	1327	2011	1787	1524
ENSG00000141076	2428	3642	2606	2323	2450	1935	1931	1897	1678	2046	1794	1902
ENSG00000141084	1194	2057	1297	1305	1376	1301	1246	1218	1143	1450	1150	1160
ENSG00000141086	40	60	40	52	44	19	27	26	15	44	22	12
ENSG00000141096	0	1	8	2	1	4	3	0	3	5	2	3
ENSG00000141098	935	1577	1138	1166	1210	1041	1231	1308	1113	1260	1191	1194
ENSG00000141101	2145	3399	2697	2285	2509	2267	2045	1967	1757	2287	2134	1977
ENSG00000141127	1243	2119	1523	1800	2036	1726	1278	1169	1136	1456	1230	1134
ENSG00000141179	1156	1895	1447	1330	1436	1278	1283	1294	1058	1224	1370	1155
ENSG00000141194	2	1	5	2	5	6	9	5	6	2	4	0
ENSG00000141198	176	361	225	150	210	161	165	164	119	187	176	158
ENSG00000141219	961	1598	1110	1086	1157	1150	1029	1001	917	1093	1019	1024
ENSG00000141232	965	1721	1227	1315	1425	1227	974	919	785	967	862	687
ENSG00000141252	3305	4716	3383	3480	3802	3081	3208	3087	2881	3459	3074	3144
ENSG00000141258	1777	2849	2265	2308	2368	2206	2030	1823	1831	2099	1833	1453
ENSG00000141279	6378	10753	8049	7880	8589	7543	7577	7955	6929	8806	8004	6650
ENSG00000141294	32	37	18	17	24	19	20	24	19	21	13	21
ENSG00000141295	434	615	534	413	415	446	302	358	267	468	399	337
ENSG00000141298	7037	11349	7708	8163	8647	7917	7876	8130	6995	8886	7643	7398
ENSG00000141314	160	368	251	1228	1301	1325	734	527	691	577	437	413
ENSG00000141337	254	526	327	632	637	542	391	363	370	448	369	291
ENSG00000141338	2	5	3	2	6	1	7	3	3	3	5	2
ENSG00000141349	1075	1709	1256	1254	1399	1139	957	828	753	914	847	862
ENSG00000141367	35475	57439	41290	38563	42352	36794	31897	31849	27419	34395	33001	30700
ENSG00000141371	39	41	34	31	33	28	20	38	25	27	32	26
ENSG00000141376	392	633	449	536	535	520	463	494	405	508	405	406
ENSG00000141378	821	1222	917	726	812	694	714	662	584	881	699	716
ENSG00000141380	2732	4271	2821	3022	3210	2702	2618	2504	2279	2648	2385	2352
ENSG00000141384	1377	2187	1461	1271	1323	1194	1186	1162	1075	1282	1020	1112
ENSG00000141385	5050	7662	5695	4678	5011	4158	4073	3722	3515	4264	4272	3932
ENSG00000141391	217	382	256	174	207	214	190	217	188	206	200	212
ENSG00000141401	2023	3236	2696	2581	2763	2419	2216	2237	2000	2361	2221	2078
ENSG00000141404	49	62	39	41	40	35	40	44	35	48	48	35
ENSG00000141424	3054	4925	3356	2706	2758	2381	2782	2596	2345	2970	2579	2639
ENSG00000141425	4099	6371	4170	3580	3918	3239	3320	3278	2765	3551	3250	3258
ENSG00000141428	265	476	355	352	411	306	333	260	313	306	308	274
ENSG00000141429	6402	11063	7637	6555	7113	6253	6056	6010	5317	6417	6223	5776
ENSG00000141434	1	4	4	3	3	2	3	2	1	1	3	2
ENSG00000141437	16	29	18	23	25	10	16	17	18	17	20	17
ENSG00000141441	39	33	48	32	26	30	48	26	34	30	13	29
ENSG00000141446	1464	2570	1702	1375	1441	1314	1545	1595	1403	1765	1498	1404
ENSG00000141447	1833	3011	2091	1914	2013	1772	1419	1598	1318	1733	1591	1439
ENSG00000141449	7	12	7	4	10	10	7	8	6	11	8	3
ENSG00000141452	1169	1760	1316	1170	1297	1106	1061	916	858	1001	964	948
ENSG00000141456	2194	3515	2885	2332	2570	2263	2020	1993	1810	2214	2061	1899
ENSG00000141458	2534	4490	3172	2755	2683	2762	2392	2545	1948	2902	2266	2403
ENSG00000141469	88	265	184	303	300	279	217	237	218	230	192	182
ENSG00000141480	2399	4165	3044	3584	3742	3449	3127	2788	2510	3218	2978	2569
ENSG00000141485	179	376	305	306	327	250	337	318	296	398	333	292
ENSG00000141497	1	1	4	1	1	1	0	4	1	7	1	1
ENSG00000141499	676	1030	842	697	709	630	640	580	505	728	650	564
ENSG00000141503	2605	4376	3220	2661	2802	2600	3226	3266	2791	3642	3320	2815
ENSG00000141504	125	209	185	194	232	196	163	193	146	139	153	104
ENSG00000141505	33	82	68	69	67	60	57	58	49	76	49	63
ENSG00000141506	2481	4464	3207	3688	3890	3678	3319	3137	2884	3580	2825	2583
ENSG00000141510	7471	12194	8311	9087	9827	8450	8712	7415	7458	8904	6806	7389
ENSG00000141519	26	51	41	61	65	55	40	42	39	54	32	44
ENSG00000141522	9721	14926	11122	10508	11311	9685	8974	7814	7431	9053	8076	8369
ENSG00000141524	2658	4231	3493	2494	2696	2501	2665	2624	2219	2873	2544	2473
ENSG00000141526	7358	13583	10391	8268	8765	8754	8573	8962	7173	10029	8729	6519
ENSG00000141527	10	40	18	41	36	48	27	52	27	45	35	26
ENSG00000141540	531	878	565	615	680	638	586	629	507	672	589	504
ENSG00000141542	379	687	575	623	629	594	532	579	508	615	539	516
ENSG00000141543	5878	8833	7182	6079	6604	5506	5476	5088	4686	5636	5193	4835
ENSG00000141551	3525	5945	4602	4740	4690	4426	3926	3503	3195	3928	3304	3461
ENSG00000141552	1116	2060	1624	1234	1464	1161	1184	1199	1043	1297	1160	1100
ENSG00000141556	2524	4364	3206	3620	3532	3423	2598	2385	2385	2823	2466	2448
ENSG00000141560	1045	1961	1311	1141	1195	1162	1198	1211	1094	1412	1157	1076
ENSG00000141562	3173	5472	4102	4171	4228	4097	3629	3589	3158	4146	3649	2961
ENSG00000141564	2830	4475	3220	3214	3256	2991	2854	2641	2481	3150	2510	2561
ENSG00000141568	4419	6340	4676	4889	5001	4390	3884	3395	3273	4106	3369	3672
ENSG00000141569	3575	5366	4322	3282	3531	3140	3143	3064	2711	3351	2984	2874
ENSG00000141570	480	832	654	559	596	604	658	636	522	632	649	519
ENSG00000141574	124	137	92	130	120	135	120	78	90	96	107	86
ENSG00000141576	163	197	146	145	166	144	159	157	163	197	146	155
ENSG00000141577	563	863	685	615	584	519	542	475	522	624	540	504
ENSG00000141579	0	4	5	5	4	4	2	5	5	6	1	6
ENSG00000141580	2075	3597	2530	2879	2896	2596	2192	2186	1814	2403	2067	1924
ENSG00000141582	1306	2452	2004	1131	1250	1167	1318	1261	929	1379	1197	1231
ENSG00000141622	130	282	174	176	215	195	256	241	196	223	245	237
ENSG00000141627	3484	6024	4182	3552	3764	3422	3537	3646	2991	4011	3591	3032
ENSG00000141642	374	558	450	440	521	457	304	318	309	323	298	320
ENSG00000141644	3261	5491	4436	3431	3610	3372	3707	3667	3218	4148	3752	3263
ENSG00000141646	4781	7944	5524	5668	6036	5414	4883	4972	4381	5460	5034	4530
ENSG00000141655	2	19	16	18	19	9	12	13	10	19	19	6
ENSG00000141664	1426	2335	1623	1675	1688	1526	1464	1443	1346	1633	1381	1318
ENSG00000141665	203	395	188	276	268	255	294	406	321	383	299	223
ENSG00000141682	934	1870	1304	1009	1071	1080	756	706	632	778	764	675
ENSG00000141696	145	197	200	194	178	176	152	125	136	150	148	165
ENSG00000141698	233	435	282	351	363	309	242	187	193	229	210	190
ENSG00000141699	2993	5212	4036	3631	3934	3594	3256	3252	2719	3835	3346	2826
ENSG00000141736	127	251	139	195	151	157	215	209	208	207	217	171
ENSG00000141741	391	638	548	453	450	430	404	325	373	437	428	396
ENSG00000141744	0	0	1	0	1	0	0	1	1	1	2	0
ENSG00000141748	5	10	13	12	9	5	6	8	9	7	5	5
ENSG00000141750	33	56	38	31	54	44	41	70	38	33	46	52
ENSG00000141753	2803	4533	3825	4153	4461	3994	3390	2838	2828	3369	3122	2660
ENSG00000141756	3	7	8	6	1	4	8	4	4	7	6	0
ENSG00000141759	2634	4095	3131	2907	2966	2671	2564	2247	2205	2443	2463	2359
ENSG00000141837	242	496	270	353	320	314	326	411	348	366	345	316
ENSG00000141854	6	2	9	2	4	0	3	4	5	5	16	0
ENSG00000141858	2023	3168	2532	1945	2071	1931	1999	1789	1581	2161	1981	1744
ENSG00000141867	7504	11937	9203	8885	9278	7971	7885	7161	6738	7887	6940	7177
ENSG00000141873	3092	4509	3548	2786	2934	2485	2626	2282	2248	2672	2553	2566
ENSG00000141905	4005	5964	4370	3796	4061	3445	3893	3791	3331	4168	3423	3761
ENSG00000141933	1309	2215	1829	1777	1903	1659	1632	1633	1545	1598	1642	1525
ENSG00000141934	46	75	63	66	75	73	60	89	63	95	77	56
ENSG00000141946	5	13	7	22	13	14	19	14	18	16	17	14
ENSG00000141956	1070	1536	1104	1212	1232	1008	954	970	786	964	862	1006
ENSG00000141959	11610	18375	14343	12637	13384	11936	10373	9884	8902	11217	10229	9345
ENSG00000141965	5416	8346	6070	5655	5885	5333	5016	4756	4310	5323	4591	4607
ENSG00000141968	6301	10617	8233	7349	8106	7353	7205	6933	6006	7954	7212	6617
ENSG00000141971	1076	1958	1505	1524	1553	1388	1240	1213	1008	1368	1318	1189
ENSG00000141977	49	79	43	45	40	45	47	44	40	45	59	50
ENSG00000141979	9	0	22	3	16	4	0	4	1	9	6	3
ENSG00000141985	2366	3927	3066	2347	2413	2165	2258	2183	1819	2406	2281	2331
ENSG00000141994	2323	3495	2962	2575	2561	2335	2085	1939	1797	2039	1930	1866
ENSG00000142002	4770	7370	5503	5781	6067	5057	4799	4366	4210	4973	4142	4350
ENSG00000142039	1360	2386	1854	1830	1909	1718	1426	1486	1169	1573	1423	1346
ENSG00000142046	260	579	482	392	391	398	470	565	428	587	540	382
ENSG00000142065	845	1511	1128	1457	1530	1435	1408	1514	1265	1572	1408	1272
ENSG00000142082	422	750	668	505	530	479	432	492	389	551	512	471
ENSG00000142089	113	136	141	100	99	92	99	89	92	91	99	82
ENSG00000142102	2526	3825	3132	3007	2916	2767	1899	1977	1602	2054	1884	1811
ENSG00000142149	77	136	97	68	61	48	64	72	58	59	56	47
ENSG00000142156	330	548	522	384	440	348	396	343	307	361	309	273
ENSG00000142166	4123	7141	4807	5520	6178	5516	4608	4901	4117	5342	4666	4236
ENSG00000142168	3316	5172	4123	2989	3245	2773	2852	2667	2401	2908	2999	2761
ENSG00000142173	16	56	41	27	42	30	21	36	19	29	40	22
ENSG00000142178	41	93	53	75	35	59	67	67	36	52	102	17
ENSG00000142182	0	0	4	1	3	1	0	3	1	1	0	0
ENSG00000142185	8487	13092	9844	8376	8884	8132	8207	8327	7359	9373	8190	7754
ENSG00000142186	1874	3036	2492	2332	2429	2214	1833	1766	1583	2075	1693	1727
ENSG00000142188	1111	1608	1196	1181	1148	879	830	680	843	618	985	770
ENSG00000142192	2370	3723	2607	2116	2360	2205	1798	1806	1493	2070	1994	1639
ENSG00000142197	2396	3649	2696	3108	3167	2760	2880	2891	2544	3079	2705	2547
ENSG00000142207	4678	6942	5134	5030	5369	4582	4244	3883	3753	4392	3921	3972
ENSG00000142208	8348	12455	10307	9048	9196	8506	8526	8014	7158	8937	7958	7239
ENSG00000142224	75	95	59	107	73	62	80	97	89	94	98	95
ENSG00000142227	2481	4523	3385	3811	3963	3514	2675	2407	2083	2828	2363	2421
ENSG00000142230	7981	12152	9296	8391	9283	7687	6670	5785	5646	6724	6235	6054
ENSG00000142233	13	24	18	38	30	36	22	37	19	34	23	24
ENSG00000142235	263	655	544	424	421	476	425	514	392	564	508	363
ENSG00000142252	890	1539	1204	1080	1220	1109	1021	958	820	1065	1078	919
ENSG00000142279	365	580	292	501	458	345	484	573	416	539	358	388
ENSG00000142303	204	428	378	327	358	445	575	572	503	663	500	363
ENSG00000142327	2194	3529	2945	2527	2588	2339	1998	1995	1611	2345	2219	1920
ENSG00000142330	989	1545	1343	1234	1328	1235	998	886	839	1002	953	818
ENSG00000142347	12271	21277	15747	14940	16151	15118	15829	15863	14015	17859	15031	13652
ENSG00000142396	2584	4144	2819	2892	2958	2577	2665	2578	2252	2702	2291	2270
ENSG00000142405	178	307	234	307	293	262	251	282	220	259	272	248
ENSG00000142408	14	28	17	30	25	18	25	19	23	22	15	22
ENSG00000142409	2436	3899	3180	2496	2730	2387	2522	2117	1961	2488	2196	2172
ENSG00000142444	763	1280	1166	934	1048	869	806	734	709	894	821	724
ENSG00000142453	2662	4358	3053	3715	3720	3252	2482	2229	2055	2621	2210	2403
ENSG00000142459	911	1372	1072	1148	1259	1115	946	912	809	1025	905	871
ENSG00000142494	20	32	38	52	38	40	30	50	38	51	46	36
ENSG00000142507	1051	1748	1329	1283	1404	1159	1069	1006	921	1084	1021	965
ENSG00000142511	0	0	0	0	0	1	0	2	1	0	0	0
ENSG00000142512	135	290	197	173	208	216	260	314	284	366	246	205
ENSG00000142513	14	12	14	8	17	6	6	8	4	12	10	16
ENSG00000142528	2334	3743	2634	2241	2534	2101	2311	2198	2015	2615	2242	2261
ENSG00000142530	11	18	5	11	13	23	12	18	20	16	15	13
ENSG00000142534	14309	26180	18694	19519	20164	18084	17069	14772	13737	17866	15117	13943
ENSG00000142539	2	0	2	0	0	0	0	0	2	0	2	0
ENSG00000142541	88295	161005	141769	115515	125510	118184	94697	91161	80487	104064	105745	81962
ENSG00000142544	664	1124	1021	829	886	854	678	645	608	739	788	647
ENSG00000142546	1656	2844	2410	2138	2295	2146	1994	1791	1679	1945	1826	1730
ENSG00000142549	4	4	5	3	3	1	5	4	6	4	1	1
ENSG00000142552	267	544	434	727	774	714	411	420	337	423	380	292
ENSG00000142556	814	1370	845	790	897	767	918	875	809	974	885	893
ENSG00000142583	1014	2541	1842	2120	2266	2380	2663	2665	2359	2953	2610	1746
ENSG00000142599	2069	3797	2403	3117	2942	2623	2721	2708	2340	3108	2376	2614
ENSG00000142606	0	0	3	0	6	2	6	0	0	1	1	0
ENSG00000142609	138	215	155	169	132	180	217	227	199	261	185	232
ENSG00000142611	0	9	15	9	4	3	8	6	8	14	7	6
ENSG00000142621	1	4	7	0	0	3	2	2	0	0	4	4
ENSG00000142627	0	4	0	2	2	0	0	0	2	0	1	0
ENSG00000142632	372	558	436	434	385	404	356	336	281	379	371	312
ENSG00000142634	3879	6235	5001	4095	4338	3788	3763	3785	3222	4023	3662	3563
ENSG00000142655	594	1017	835	717	733	692	615	602	509	638	581	538
ENSG00000142657	9382	15631	11421	10476	11093	10171	9617	9927	8022	11159	9905	9039
ENSG00000142661	1	5	12	9	5	1	10	16	3	14	12	8
ENSG00000142669	3899	6148	4126	6234	6469	5744	4816	3968	3619	4216	4065	3803
ENSG00000142675	8	4	6	7	15	7	7	7	7	10	2	5
ENSG00000142676	8173	12847	8486	8705	8822	7692	8038	7141	6790	7680	7459	7162
ENSG00000142684	490	809	686	507	587	490	541	447	392	523	487	465
ENSG00000142686	813	1134	906	817	761	646	612	661	554	670	600	619
ENSG00000142687	1674	2704	2011	1874	1939	1825	1795	1827	1458	1945	1649	1568
ENSG00000142694	73	206	135	130	97	149	96	112	84	109	113	85
ENSG00000142700	1	1	1	0	1	0	1	0	0	6	0	0
ENSG00000142731	2501	3916	2463	2196	2419	2092	2073	2024	1760	2123	1934	2045
ENSG00000142733	1081	1555	1244	833	849	799	887	865	735	1003	869	832
ENSG00000142751	1208	2123	1579	1482	1578	1363	1355	1282	1182	1451	1203	1189
ENSG00000142765	1665	3308	2609	1401	1465	1364	2188	2589	2007	2708	2537	1989
ENSG00000142784	3218	5447	3895	3518	3701	3239	3459	3334	2901	3868	3394	3149
ENSG00000142794	290	524	431	340	318	294	384	365	343	415	383	332
ENSG00000142798	8318	16984	12874	11725	12417	12230	13469	14820	11816	16758	14195	11433
ENSG00000142856	847	1493	1001	957	926	911	989	1011	818	1071	1035	905
ENSG00000142864	30287	44945	32738	27366	29978	25125	25035	23968	21748	25845	25799	24565
ENSG00000142867	1324	2344	1671	1592	1840	1615	1276	1342	1070	1514	1405	1168
ENSG00000142871	0	0	0	2	0	0	0	1	0	3	0	0
ENSG00000142875	2954	5011	3556	2436	2720	2402	2971	3467	2670	3623	3348	3311
ENSG00000142892	1963	3023	2198	1931	2264	1792	1696	1640	1421	1819	1702	1705
ENSG00000142910	1	8	11	0	2	4	7	5	3	6	13	6
ENSG00000142920	452	988	613	619	594	658	777	819	662	866	713	622
ENSG00000142937	33843	56803	47052	39558	42616	40152	36231	34190	29185	38316	37144	30709
ENSG00000142945	4334	6858	5254	4142	4417	3955	3966	3801	3340	4325	3800	3873
ENSG00000142949	182	333	260	250	258	219	296	341	319	314	321	263
ENSG00000142959	4	2	13	1	4	7	4	15	12	7	10	6
ENSG00000142961	932	1547	1118	1027	1073	1065	1007	1118	892	1191	1110	926
ENSG00000143013	1541	2252	1621	1810	1989	1643	1345	1222	1101	1283	1146	1337
ENSG00000143028	2	12	3	7	13	7	3	11	6	5	8	3
ENSG00000143033	3439	5543	3807	3631	3903	3416	3290	3188	2856	3479	3197	2877
ENSG00000143061	50	45	29	146	134	120	31	24	24	36	14	31
ENSG00000143067	280	503	377	327	311	340	283	254	201	262	249	254
ENSG00000143079	411	635	413	583	659	603	362	400	364	400	391	367
ENSG00000143093	1376	2009	1466	1479	1542	1380	1235	1171	1044	1287	997	1199
ENSG00000143106	2270	3759	2907	2931	3109	2609	2325	2051	2069	2318	2343	2238
ENSG00000143107	2	1	4	4	11	2	3	5	0	5	3	5
ENSG00000143110	596	1059	677	839	919	828	855	791	726	891	695	639
ENSG00000143119	4146	7376	5224	7278	7730	7227	5585	5273	4844	5711	5044	4596
ENSG00000143126	519	727	540	1192	1226	1192	702	607	600	669	604	514
ENSG00000143127	19	35	28	44	39	34	24	26	23	48	17	31
ENSG00000143147	28	97	58	36	39	39	38	51	41	57	54	63
ENSG00000143149	3910	6268	4730	4340	4581	3969	3417	3209	3057	3642	3507	3369
ENSG00000143153	101	198	146	111	105	114	115	158	109	134	114	140
ENSG00000143155	2570	4458	3021	2871	3201	2621	2568	2407	2127	2549	2346	2438
ENSG00000143156	319	620	395	382	333	315	349	379	322	428	384	351
ENSG00000143157	4603	7041	4911	5063	5420	4773	4607	4233	4142	4900	4277	4368
ENSG00000143158	1206	2101	1560	1198	1269	1217	1281	1333	1028	1398	1346	1143
ENSG00000143162	4026	6591	4759	3783	4057	3723	3826	4075	3348	4247	4109	3571
ENSG00000143164	2341	4135	2545	2005	2181	1947	2409	2550	2066	2724	2521	2360
ENSG00000143178	58	101	67	155	160	156	89	111	110	119	90	94
ENSG00000143179	6060	9392	6968	7103	7491	6782	6175	5542	4839	6118	5751	5145
ENSG00000143183	3570	6198	4699	3533	3961	3605	3632	3456	3102	3839	3523	3319
ENSG00000143190	4198	6482	4352	4630	4917	4181	4564	4733	4169	5288	4573	4465
ENSG00000143195	18	25	10	6	5	5	13	20	18	10	16	15
ENSG00000143198	1625	2711	2206	1453	1537	1367	1561	1752	1232	1901	1724	1471
ENSG00000143199	7	9	7	8	9	15	5	7	6	6	9	7
ENSG00000143207	3344	5143	3697	3148	3532	3138	3148	3015	2689	3460	3195	2799
ENSG00000143217	18	20	30	15	23	22	25	25	22	29	34	22
ENSG00000143222	1335	2281	1588	1703	1700	1551	1455	1312	1238	1515	1347	1332
ENSG00000143224	435	676	547	477	429	430	456	487	411	427	489	386
ENSG00000143226	1106	2127	1488	1811	1830	1938	1531	1666	1238	1687	1534	1305
ENSG00000143228	1366	1973	1477	1104	1233	1020	1123	1122	1047	1196	1113	1188
ENSG00000143248	76	115	89	71	64	60	54	58	48	75	73	63
ENSG00000143252	4468	7599	5452	4945	5556	4892	4701	4668	4156	5013	4424	4175
ENSG00000143256	340	470	348	304	299	241	308	238	209	256	252	289
ENSG00000143257	53	82	80	65	73	83	79	75	76	103	87	96
ENSG00000143258	774	1345	1026	895	890	781	921	817	768	956	868	794
ENSG00000143278	0	0	1	0	0	3	1	1	2	0	0	0
ENSG00000143294	2040	3433	2526	2300	2501	2101	2071	1857	1627	2167	1953	1977
ENSG00000143297	174	317	156	260	252	237	229	293	216	308	279	223
ENSG00000143303	541	832	91	590	579	632	637	621	507	712	651	498
ENSG00000143314	481	776	578	477	522	439	570	458	387	518	543	440
ENSG00000143315	1196	1967	1337	1397	1488	1323	1308	1225	1128	1277	1126	1148
ENSG00000143318	0	0	0	0	1	3	0	1	0	0	0	0
ENSG00000143319	2338	3572	2580	2449	2561	2118	2333	2299	2031	2384	2145	2212
ENSG00000143320	4	8	4	8	2	3	4	4	4	5	13	6
ENSG00000143321	11744	18208	13632	11096	11739	9709	11574	9854	9027	11467	10366	10604
ENSG00000143322	2299	3494	2449	2998	3007	2811	2142	1984	1885	2266	2023	2058
ENSG00000143324	3293	5257	3667	4337	4709	4088	3280	3063	2888	3341	3077	3055
ENSG00000143333	693	1732	1369	389	428	473	1025	1550	795	1463	1413	687
ENSG00000143337	6004	10078	6961	6869	7164	6409	6754	7003	6027	7366	6746	6357
ENSG00000143341	1	2	1	1	4	3	0	3	1	1	0	3
ENSG00000143344	235	394	278	876	921	819	437	403	387	417	419	431
ENSG00000143353	425	643	478	361	385	354	482	496	441	530	481	383
ENSG00000143363	733	1154	770	759	742	704	735	659	586	750	625	600
ENSG00000143365	2	0	1	9	7	3	3	0	1	1	0	1
ENSG00000143367	82	171	158	178	177	163	139	164	139	173	147	127
ENSG00000143368	1288	2052	1395	1649	1480	1445	1278	1198	1074	1305	1096	1226
ENSG00000143369	257	434	302	454	412	380	298	274	241	318	236	231
ENSG00000143373	2424	4120	3229	2647	2902	2660	2646	2586	2279	2918	2659	2404
ENSG00000143374	1136	1840	1364	1217	1298	1137	1119	1089	1044	1219	1103	1116
ENSG00000143375	3	7	4	6	2	3	4	1	1	6	6	4
ENSG00000143376	4801	7564	5120	5273	5442	4831	4672	4959	4291	5678	4443	4655
ENSG00000143379	3627	5676	4250	4090	4432	3893	4140	3820	3342	4308	4072	3594
ENSG00000143382	550	949	821	433	479	508	556	594	456	715	588	429
ENSG00000143384	14028	25607	19198	16242	17010	15406	12758	13900	11392	14390	14373	11606
ENSG00000143387	93	203	151	175	180	153	168	179	130	168	155	150
ENSG00000143390	3037	4576	3404	3828	4013	3267	2909	2500	2449	2812	2499	2630
ENSG00000143393	2398	3883	2785	2533	2654	2320	2299	2181	2025	2445	2136	2131
ENSG00000143398	2487	3862	2900	5880	6431	5652	2915	2518	2472	2857	2259	2459
ENSG00000143401	14738	23041	16506	15306	16673	14074	12660	11750	11021	13371	12608	11910
ENSG00000143409	582	950	770	655	689	681	567	631	487	787	678	607
ENSG00000143412	13	32	25	10	14	10	11	18	11	17	17	11
ENSG00000143416	0	2	0	0	0	0	1	0	2	0	0	3
ENSG00000143418	6334	10065	7014	6229	6626	5773	5627	5123	4572	5846	5125	5162
ENSG00000143420	3169	5734	4361	3231	3526	3007	3271	3302	2648	3410	3093	2975
ENSG00000143434	33	71	39	53	55	58	38	50	32	42	44	34
ENSG00000143436	956	1589	1155	1066	1158	976	955	781	693	941	837	760
ENSG00000143437	3786	6395	4501	4097	4433	4020	4208	4204	3727	4982	4277	3899
ENSG00000143442	4793	8230	6006	5982	6330	5557	5519	5365	4915	6338	5448	5049
ENSG00000143443	7	25	10	19	16	16	7	13	6	9	11	14
ENSG00000143450	60	110	71	57	68	62	77	86	60	78	59	60
ENSG00000143452	2118	3575	2403	2094	2267	1961	2010	2042	1813	2315	2154	1821
ENSG00000143457	1512	2640	1811	1549	1647	1594	1705	1816	1476	1842	1826	1509
ENSG00000143458	2479	4285	3089	2882	3112	2737	2547	2614	2351	2843	2500	2427
ENSG00000143469	0	2	3	1	0	1	0	0	1	0	0	2
ENSG00000143473	0	0	1	2	0	0	0	2	3	1	0	1
ENSG00000143476	5157	7918	5243	4409	4568	4028	4170	4047	3669	4419	4070	4024
ENSG00000143479	86	140	121	71	57	66	80	77	62	68	83	76
ENSG00000143486	1298	2153	1576	1551	1592	1278	1245	1232	1066	1410	1147	1063
ENSG00000143493	2938	4612	3166	2858	3108	2686	2765	2726	2448	3049	2700	2623
ENSG00000143494	79	95	108	119	108	93	113	146	127	146	111	119
ENSG00000143498	147	208	147	152	154	161	158	129	127	169	175	192
ENSG00000143499	1005	1580	1122	1238	1194	1108	994	960	917	1015	899	985
ENSG00000143507	1051	2116	1401	1414	1476	1310	1040	1060	838	1095	993	884
ENSG00000143512	1	8	3	2	10	2	3	3	1	0	4	5
ENSG00000143514	2319	3575	2539	2687	2797	2374	2198	2246	1880	2380	2218	1952
ENSG00000143515	197	278	191	296	260	321	175	145	171	148	164	155
ENSG00000143520	2	3	0	8	7	3	11	2	10	12	4	9
ENSG00000143537	2886	4443	3415	2431	2423	2232	2408	2155	1890	2462	2445	2213
ENSG00000143543	3784	5972	5130	3863	4185	3575	3382	3233	2925	3695	3665	3147
ENSG00000143545	16	34	17	26	27	21	38	26	34	31	38	23
ENSG00000143546	23	31	15	82	79	74	16	22	20	19	29	16
ENSG00000143549	13963	23262	16587	16031	16572	14509	14543	13011	11676	14691	13694	13519
ENSG00000143552	4	3	4	5	7	5	8	6	5	10	8	1
ENSG00000143553	896	1452	1095	973	1075	1034	904	850	836	975	907	813
ENSG00000143554	241	347	456	383	341	403	397	378	0	389	428	269
ENSG00000143569	6140	9652	6180	6221	6644	5452	5545	4985	4419	5662	4822	5017
ENSG00000143570	1743	3136	2521	1787	1962	1816	1714	1830	1342	1894	1937	1637
ENSG00000143575	2030	3416	2567	2227	2533	2191	1925	1798	1634	2043	1846	1893
ENSG00000143578	487	829	632	448	493	401	442	483	399	591	504	445
ENSG00000143590	68	165	109	73	63	75	74	95	69	103	86	56
ENSG00000143603	28	87	61	84	96	85	76	94	96	79	96	83
ENSG00000143612	7055	11823	8726	7608	8224	6946	6964	6756	5697	7503	6726	6367
ENSG00000143614	3860	6128	4357	4432	4601	4100	4042	3880	3302	4354	3541	3420
ENSG00000143621	9017	13956	10800	9807	10595	8922	8247	6899	6856	7720	7638	7431
ENSG00000143622	855	1735	1244	1346	1338	1174	1054	1100	949	1311	1210	963
ENSG00000143624	0	3748	3278	375	184	582	541	1670	1289	736	1946	0
ENSG00000143627	3	4	4	4	0	3	0	2	0	6	0	0
ENSG00000143630	136	308	206	131	138	160	122	202	109	150	144	137
ENSG00000143631	1	7	4	9	5	3	3	2	0	1	1	1
ENSG00000143632	3	9	4	5	3	3	1	6	3	1	1	4
ENSG00000143633	414	652	442	523	471	410	425	400	326	420	407	378
ENSG00000143641	2609	4049	2959	2324	2532	2331	2423	2427	2105	2772	2460	2405
ENSG00000143643	531	816	608	825	929	776	560	494	515	546	491	588
ENSG00000143653	1434	2247	1731	1230	1375	1264	1306	1327	1137	1272	1412	1084
ENSG00000143669	34173	54719	35058	30647	32245	29200	40195	42936	35983	46744	40416	37787
ENSG00000143674	507	783	568	309	335	276	411	502	355	521	490	426
ENSG00000143702	7191	8640	6634	6777	6325	6505	5281	5935	5172	5211	6310	6212
ENSG00000143727	2201	3505	2531	2471	2747	2289	2209	2103	1819	2251	2087	1860
ENSG00000143740	711	1131	787	707	782	782	730	637	609	758	655	659
ENSG00000143742	9681	16003	12110	10616	11828	10074	9215	8705	7917	9033	9703	8579
ENSG00000143748	1215	1976	1505	1344	1398	1174	1255	1193	1056	1338	1195	1179
ENSG00000143751	1602	2699	1860	1853	1853	1751	1657	1609	1347	1668	1573	1489
ENSG00000143753	2899	4834	3254	3269	3642	3094	2971	2750	2382	2935	2480	2631
ENSG00000143756	2459	4189	2876	2804	3061	2833	2581	2569	2105	2795	2402	2372
ENSG00000143761	9610	15628	11316	11494	12020	10418	9154	8351	7749	9685	7932	8271
ENSG00000143771	1483	2505	1695	1546	1585	1446	1545	1562	1416	1762	1580	1393
ENSG00000143772	1231	1898	1457	1267	1359	1311	1244	1299	1088	1475	1219	1060
ENSG00000143774	1560	2776	2282	2071	2119	1995	1728	1534	1450	1806	1591	1445
ENSG00000143786	35	77	57	52	58	69	60	67	39	62	55	35
ENSG00000143793	337	553	430	319	338	313	391	305	257	351	353	310
ENSG00000143797	57	93	69	60	56	58	75	91	75	61	72	70
ENSG00000143799	13117	19074	14455	13146	14237	12087	11789	10153	10190	11560	10907	11085
ENSG00000143801	127	188	157	149	158	179	162	119	136	145	128	118
ENSG00000143811	1729	2706	2046	1747	1875	1594	1788	1581	1525	1739	1721	1676
ENSG00000143815	10920	17259	12187	15570	17039	14808	10505	9184	9140	10181	9874	9467
ENSG00000143816	10	26	17	25	16	21	28	18	17	22	11	18
ENSG00000143819	466	745	620	568	689	585	451	383	368	499	436	389
ENSG00000143842	153	283	196	221	212	202	205	218	215	227	209	191
ENSG00000143845	0	3	1	1	0	0	0	1	0	0	1	0
ENSG00000143847	710	1722	1380	1052	919	985	1282	1559	1019	1587	1374	780
ENSG00000143850	9	10	11	4	9	3	12	11	11	8	17	7
ENSG00000143851	7610	12653	9087	7036	7287	6432	7338	6853	5923	7744	6774	6602
ENSG00000143858	94	203	161	1981	2131	1861	800	368	719	450	387	247
ENSG00000143862	411	739	553	723	824	718	595	444	472	538	476	436
ENSG00000143869	14	22	8	9	11	12	14	11	1	9	6	5
ENSG00000143870	16505	26224	19771	15195	16894	14894	13458	13044	11258	14433	13994	12737
ENSG00000143878	1119	2202	1903	743	795	786	562	662	472	659	710	356
ENSG00000143882	130	235	181	119	145	146	166	179	116	187	118	139
ENSG00000143889	2110	3777	2871	3170	3395	3121	2771	2740	2531	2863	2719	2263
ENSG00000143891	301	548	542	686	661	603	568	511	470	500	508	361
ENSG00000143919	220	341	237	250	257	258	230	219	205	238	187	190
ENSG00000143921	6	20	14	13	14	7	10	13	8	13	14	16
ENSG00000143924	2574	4110	2979	3114	3305	2832	2398	2362	2142	2595	2324	2434
ENSG00000143933	13575	22080	16133	17864	19955	17001	12379	11456	10686	12399	12839	11640
ENSG00000143942	206	315	184	125	168	140	150	139	137	154	133	174
ENSG00000143947	8815	15382	12434	10366	10761	10036	9553	8818	7878	9716	10341	7974
ENSG00000143951	2156	3759	809	3016	2855	2646	3099	3733	3212	3800	2819	2929
ENSG00000143952	1529	2180	1440	1169	1361	1104	1111	1180	1012	1134	1055	1035
ENSG00000143970	6375	9655	6443	6517	6836	5993	6208	5620	4926	6594	5576	5552
ENSG00000143971	553	1044	629	593	606	527	612	580	524	664	577	575
ENSG00000143977	1766	2803	2106	1863	1911	1606	1601	1458	1245	1593	1433	1433
ENSG00000143994	28	56	41	44	43	36	36	49	49	48	37	45
ENSG00000143995	5892	9522	6179	7383	7801	6845	5855	5476	5169	6042	4920	5009
ENSG00000144015	0	0	0	0	6	2	0	0	0	0	0	0
ENSG00000144021	4642	7432	5476	4865	5181	4457	4611	4331	4122	4794	4421	4110
ENSG00000144026	363	661	413	397	418	376	439	543	435	575	462	418
ENSG00000144028	19921	30448	22095	21599	22769	20029	20903	18984	17858	21448	18871	19012
ENSG00000144029	1667	2541	1778	1818	1930	1681	1742	1745	1457	1907	1624	1603
ENSG00000144031	2	1	5	6	4	5	2	0	0	2	2	2
ENSG00000144034	746	1206	807	705	839	713	627	640	635	665	645	671
ENSG00000144036	254	498	337	328	300	330	314	277	277	354	283	266
ENSG00000144040	348	596	402	506	555	412	404	380	322	327	340	363
ENSG00000144043	2672	4248	2938	2689	2743	2379	2328	2212	2027	2555	2135	2210
ENSG00000144045	37	82	59	19	36	33	36	48	26	41	42	35
ENSG00000144048	678	1107	767	777	869	807	680	708	605	761	681	583
ENSG00000144057	27	41	28	26	29	24	31	43	38	37	44	43
ENSG00000144061	10	8	6	13	12	1	4	3	8	8	6	7
ENSG00000144063	7	18	5	1	11	12	8	17	5	13	15	8
ENSG00000144115	13	43	30	54	54	62	50	51	46	68	53	43
ENSG00000144118	2188	3851	2910	2389	2711	2304	2546	2518	2187	2732	2595	2320
ENSG00000144120	223	353	302	242	258	219	234	217	189	228	205	232
ENSG00000144130	0	3	1	2	3	5	1	5	3	1	5	2
ENSG00000144134	336	517	309	380	416	308	381	408	304	429	314	316
ENSG00000144136	8234	13308	9355	6510	6973	6103	6004	6281	5200	6814	6425	6081
ENSG00000144152	29	32	16	18	14	15	16	19	17	18	27	32
ENSG00000144161	598	1001	701	884	842	791	850	867	819	967	802	810
ENSG00000144182	257	415	289	294	302	250	299	362	303	349	325	284
ENSG00000144199	214	290	177	160	164	126	144	137	94	172	135	139
ENSG00000144214	25	38	37	36	46	31	27	23	37	34	32	16
ENSG00000144218	7321	12312	8108	6097	6322	5707	8541	8763	7370	9526	7717	7701
ENSG00000144224	6695	10762	7787	7543	8400	7099	6516	6439	5526	6725	6319	6013
ENSG00000144228	2454	4105	2762	2630	2716	2369	2510	2490	2213	2880	2624	2372
ENSG00000144231	4142	6673	4941	4301	4556	4050	4283	3903	3492	4411	4126	3903
ENSG00000144233	1342	2216	1497	1523	1684	1356	1457	1304	1206	1600	1350	1417
ENSG00000144278	5	7	1	3	1	4	4	4	0	5	3	2
ENSG00000144283	2534	3493	2593	1789	1926	1688	1989	1920	1617	2165	1837	1922
ENSG00000144285	1	7	7	1	8	2	7	14	4	6	3	0
ENSG00000144290	0	2	1	4	0	0	0	0	0	0	0	0
ENSG00000144306	927	1486	893	981	1064	977	938	1046	763	979	890	940
ENSG00000144320	3262	5376	3969	2994	3339	2926	2696	3080	2289	3256	3218	2417
ENSG00000144339	1	1	1	0	2	2	0	1	0	1	3	0
ENSG00000144354	5213	8086	5692	8639	9196	7786	5416	4830	4772	5478	4999	4811
ENSG00000144355	1470	2736	1803	2201	2447	2019	1600	1330	1282	1517	1197	1284
ENSG00000144357	2884	4700	3280	4279	4718	4001	2841	2932	2641	3155	2808	2744
ENSG00000144362	90	111	79	65	79	85	65	66	63	80	93	49
ENSG00000144366	1	1	3	2	0	2	1	4	5	2	6	0
ENSG00000144369	6	7	4	7	6	6	9	3	8	10	5	6
ENSG00000144381	27246	42416	32472	25297	27393	22834	22862	20529	19024	22072	22782	21690
ENSG00000144395	220	376	246	331	329	281	319	384	308	341	363	312
ENSG00000144401	3825	6016	3373	4774	4689	4189	4502	5237	4394	5065	4140	4346
ENSG00000144406	458	762	507	644	597	511	576	684	562	634	658	535
ENSG00000144407	26	35	17	41	38	31	34	33	22	38	27	29
ENSG00000144426	1098	1746	1208	1263	1295	1144	1088	1173	923	1285	1101	1096
ENSG00000144445	1179	1936	1410	1337	1397	1235	1217	1488	1115	1503	1393	1278
ENSG00000144451	13	26	19	15	21	21	10	18	9	9	23	14
ENSG00000144452	0	2	0	2	2	5	0	0	4	0	0	3
ENSG00000144455	782	1273	913	926	891	814	767	785	702	895	858	757
ENSG00000144460	52	82	38	61	52	58	52	74	60	61	68	71
ENSG00000144468	1707	2671	1769	1755	1803	1571	1589	1495	1342	1789	1437	1528
ENSG00000144476	14	20	4	48	61	45	28	32	21	30	23	25
ENSG00000144481	15	94	60	21	9	7	31	53	17	54	27	16
ENSG00000144485	2979	4654	4102	1927	2131	1918	2132	2006	1680	2281	2250	1928
ENSG00000144488	2	6	5	7	26	9	7	13	7	7	2	9
ENSG00000144504	1702	2812	2039	2419	2296	2129	2149	2256	1894	2344	2024	1850
ENSG00000144524	1657	2557	1800	1548	1736	1444	1542	1443	1340	1521	1363	1365
ENSG00000144535	1405	2185	1576	1720	1761	1481	1331	1261	1179	1422	1253	1230
ENSG00000144550	6	12	4	3	2	12	17	11	5	10	7	6
ENSG00000144554	4055	5974	4277	3548	3786	3253	3206	3412	3038	3689	3339	3197
ENSG00000144559	323	562	352	362	359	318	360	334	360	439	326	371
ENSG00000144560	3162	5209	3993	3960	4036	3765	3171	3121	2829	3677	3171	2346
ENSG00000144566	2063	3593	2339	2247	2410	2175	1994	1966	1729	2097	1838	1882
ENSG00000144567	4222	7080	5606	4495	4890	4400	4296	4265	3738	4737	4395	3762
ENSG00000144579	3740	6451	4859	3435	3564	3264	3605	3476	3041	4093	3672	3224
ENSG00000144580	6176	9414	6556	6359	6702	5671	5278	5006	4550	5521	4780	4915
ENSG00000144589	1886	3166	2511	2146	2309	2064	2318	2171	2033	2425	2121	2016
ENSG00000144591	1346	2348	1857	1418	1652	1476	1254	1328	1045	1469	1367	1266
ENSG00000144596	0	6	3	2	7	1	0	4	3	2	0	0
ENSG00000144597	2055	3307	2535	2195	2437	2187	1881	1962	1626	2089	1974	1772
ENSG00000144619	90	162	107	207	255	197	167	220	147	166	162	128
ENSG00000144635	1715	2651	2089	1772	1920	1688	1509	1418	1299	1581	1432	1499
ENSG00000144642	87	202	131	164	185	130	187	194	150	171	133	116
ENSG00000144644	100	165	141	148	138	111	146	127	105	116	133	94
ENSG00000144645	476	961	613	756	695	660	748	874	781	866	788	763
ENSG00000144647	90	163	119	91	92	85	89	76	64	95	77	82
ENSG00000144648	71	172	113	87	76	118	182	193	162	181	182	134
ENSG00000144649	0	0	0	0	0	2	0	1	0	0	1	0
ENSG00000144655	792	1642	1256	775	797	821	791	892	630	964	918	692
ENSG00000144659	994	1616	1295	1088	1196	1177	973	1100	894	1152	1075	898
ENSG00000144668	9	18	9	2	4	2	9	7	12	15	11	13
ENSG00000144671	0	4	0	0	0	0	3	2	2	6	0	1
ENSG00000144674	1928	3236	2244	1938	2032	1759	2067	1996	1841	2098	2189	1821
ENSG00000144677	190	275	189	77	88	107	115	126	112	147	125	148
ENSG00000144711	2140	3755	2798	2978	3122	2839	2682	2696	2376	3090	2370	2369
ENSG00000144712	33	52	46	41	42	29	12	23	20	29	35	25
ENSG00000144713	19884	34982	23035	23655	25449	22598	21929	20460	18350	23075	18891	18711
ENSG00000144724	356	516	363	478	527	414	394	316	331	407	360	346
ENSG00000144730	485	800	475	679	571	545	680	708	735	799	655	656
ENSG00000144736	1959	2978	2256	2137	2231	1918	1880	1733	1702	1942	1883	1751
ENSG00000144741	430	756	528	535	577	531	488	463	412	538	438	479
ENSG00000144744	2603	4259	3121	3086	3286	2702	2821	2579	2407	2840	2575	2538
ENSG00000144746	3991	6298	4798	4202	4586	4347	4309	4175	3633	4709	4463	3799
ENSG00000144747	3511	6245	4404	3723	3950	3505	3612	3792	3094	3830	3775	3224
ENSG00000144749	700	983	776	871	883	762	620	577	610	686	573	591
ENSG00000144785	24	45	43	55	98	39	21	48	18	55	47	33
ENSG00000144791	3612	6376	5091	4565	4814	4475	4489	4907	3983	5600	4928	3596
ENSG00000144792	63	110	78	86	107	80	94	89	98	110	118	75
ENSG00000144802	234	514	448	921	961	870	301	319	224	305	312	226
ENSG00000144810	261	434	114	419	382	334	364	425	387	417	270	292
ENSG00000144815	1821	2830	2118	2057	2175	1897	1727	1632	1454	1875	1822	1663
ENSG00000144821	19	12	19	13	16	10	13	13	16	21	15	14
ENSG00000144824	5	14	13	15	18	11	16	16	9	13	21	8
ENSG00000144827	1686	2755	1884	1926	2095	1834	1670	1586	1516	1793	1700	1498
ENSG00000144837	3	0	0	0	0	0	0	1	1	0	0	0
ENSG00000144840	2007	3104	2155	1975	2145	1815	1827	1720	1695	1861	1773	1790
ENSG00000144843	512	758	526	516	627	543	381	406	349	468	444	426
ENSG00000144848	2881	4709	3652	3247	3549	3031	2764	2568	2392	2795	2793	2706
ENSG00000144852	33	84	46	33	41	58	60	57	72	79	62	46
ENSG00000144857	9	16	8	13	7	9	11	9	5	7	6	4
ENSG00000144867	2838	4637	3160	2891	3320	2745	2580	2143	2142	2444	2353	2411
ENSG00000144868	9	18	6	10	6	9	12	13	17	11	17	10
ENSG00000144893	17	20	17	6	6	9	13	17	6	11	13	9
ENSG00000144895	5028	8701	6424	5753	6012	5665	5064	5203	4588	5783	4975	4687
ENSG00000144908	5	21	21	9	15	22	17	25	13	14	7	17
ENSG00000144909	1027	1753	1275	3008	3058	2763	1260	1078	975	1175	1058	1156
ENSG00000144935	4	4	2	3	1	1	2	3	0	5	0	0
ENSG00000144959	864	1461	1082	983	945	923	804	849	655	869	866	796
ENSG00000145012	2830	5078	3092	5060	5244	4570	4045	4266	3665	4725	3858	3659
ENSG00000145014	359	587	443	327	341	319	368	438	327	458	374	307
ENSG00000145016	1613	2600	1899	2888	3072	2737	2044	1934	1804	2091	1854	1685
ENSG00000145020	137	214	156	123	156	140	161	183	175	223	180	156
ENSG00000145022	1064	1856	1407	1232	1341	1222	1292	1290	1148	1456	1167	1200
ENSG00000145029	616	1076	808	730	799	673	764	723	648	903	719	615
ENSG00000145040	38	74	43	41	51	50	43	43	28	36	33	19
ENSG00000145041	3512	5289	3726	3516	3760	3268	3329	3162	2989	3486	3041	3188
ENSG00000145050	1238	2022	1602	1141	1219	1041	943	889	763	889	886	867
ENSG00000145087	5	7	3	6	1	2	6	1	3	4	1	1
ENSG00000145088	1621	3153	2138	1635	1689	1427	2144	2183	1813	2199	2054	2008
ENSG00000145103	6	11	11	4	4	5	7	15	6	12	2	4
ENSG00000145107	53	114	92	77	73	69	76	99	78	96	98	79
ENSG00000145191	3004	4651	3456	3184	3317	2834	2886	2848	2595	3148	2619	2770
ENSG00000145198	1	3	2	5	3	2	6	4	1	2	7	0
ENSG00000145214	1300	1926	1692	1730	1806	1580	1278	1127	1037	1347	1056	1005
ENSG00000145216	2058	3319	2494	2305	2517	2121	2050	2019	1911	2076	2104	1890
ENSG00000145217	96	202	148	128	150	142	99	105	112	131	100	74
ENSG00000145220	842	1250	898	600	701	565	679	568	525	609	649	690
ENSG00000145241	2228	3575	2376	2305	2409	2042	2438	2582	2257	2755	2350	2303
ENSG00000145244	4	15	7	11	3	8	1	6	9	13	7	11
ENSG00000145246	600	944	606	823	849	705	778	760	625	809	677	741
ENSG00000145247	113	184	132	122	129	128	92	96	104	103	86	68
ENSG00000145248	2	8	3	2	0	2	6	0	2	7	4	1
ENSG00000145283	1	6	9	6	19	6	4	8	14	20	18	9
ENSG00000145284	323	470	191	452	379	395	378	425	373	398	362	328
ENSG00000145287	15589	25403	17871	17096	18543	16608	17889	17374	15592	19528	18023	16069
ENSG00000145293	2023	3002	2079	2021	2186	1864	1992	1787	1571	2012	1664	1746
ENSG00000145331	466	736	493	477	502	452	342	336	246	363	373	368
ENSG00000145332	2954	4756	3101	3128	3224	2717	2777	2680	2404	2725	2545	2633
ENSG00000145337	2546	4101	3117	2584	2943	2438	2426	2274	2049	2606	2554	2356
ENSG00000145348	1337	2479	1601	1666	1869	1541	1763	1836	1626	1993	1744	1467
ENSG00000145349	2125	3573	2541	4202	4514	4283	2853	2640	2539	3020	2841	2273
ENSG00000145354	1845	2923	2245	1925	2049	1801	1448	1473	1365	1671	1627	1459
ENSG00000145362	40	76	47	26	40	26	47	35	36	50	35	57
ENSG00000145365	980	1513	1137	768	887	751	971	956	771	1070	1035	925
ENSG00000145375	2063	3064	1982	1945	1996	1588	1739	1534	1390	1787	1455	1577
ENSG00000145386	6745	10305	7374	5852	6688	5381	5217	4820	4498	5524	5226	5268
ENSG00000145388	1537	2582	1858	1656	1650	1466	1639	1659	1430	1680	1642	1520
ENSG00000145390	94	212	124	127	136	121	160	163	139	169	128	125
ENSG00000145391	4056	6257	4547	5073	5589	4786	4113	3979	3720	4529	3941	3858
ENSG00000145414	907	1269	942	832	966	764	835	748	639	731	761	749
ENSG00000145416	24	37	34	62	53	49	63	109	60	122	76	49
ENSG00000145425	52012	89356	72191	60932	68985	63051	56576	56040	47784	60296	64953	50098
ENSG00000145428	238	505	293	119	102	121	373	461	309	516	466	351
ENSG00000145431	186	296	238	167	196	158	152	157	134	204	173	210
ENSG00000145439	1110	1933	1260	1124	1176	1061	1050	1150	952	1159	1132	1087
ENSG00000145476	1964	3104	2189	2540	2500	2319	2369	2475	2253	2633	2218	2247
ENSG00000145491	37	65	52	31	44	24	49	68	43	59	61	42
ENSG00000145494	172	227	194	189	152	147	174	137	106	140	116	145
ENSG00000145495	8778	14938	10541	9136	9739	9187	10027	10844	8948	11722	10657	9046
ENSG00000145506	2608	4526	3438	4500	4555	4126	3525	2853	2986	3401	2773	3047
ENSG00000145526	30	41	25	21	25	21	37	37	43	37	30	25
ENSG00000145545	623	1033	577	1235	1088	1077	798	952	791	953	789	708
ENSG00000145555	2842	4137	3004	3276	3306	2899	2591	2548	2266	2841	2501	2642
ENSG00000145569	1704	2617	1822	1038	1084	918	1444	1627	1266	1803	1717	1697
ENSG00000145592	5660	9394	7045	6518	6616	6361	6979	6673	5714	7116	6780	5724
ENSG00000145604	3403	5062	3523	2844	3121	2688	2781	2615	2410	3037	2874	2967
ENSG00000145623	19	49	51	46	53	30	45	37	48	31	49	23
ENSG00000145626	7	2	3	2	1	2	4	0	4	4	5	5
ENSG00000145632	455	804	549	581	556	546	503	433	455	467	455	366
ENSG00000145649	0	0	0	6	5	3	0	0	0	0	0	0
ENSG00000145675	5628	9256	6686	7494	7874	7061	5985	5636	5149	6200	5833	5526
ENSG00000145685	161	322	206	236	245	213	224	281	185	339	276	246
ENSG00000145687	1124	1993	1364	1980	2075	2024	1600	1680	1469	1810	1497	1392
ENSG00000145700	3	13	4	1	9	5	5	2	4	3	5	5
ENSG00000145703	3629	6022	4220	4402	4673	4300	4262	4052	3580	4506	4020	3723
ENSG00000145715	1446	2660	1757	1666	1788	1606	1624	1530	1401	1695	1452	1467
ENSG00000145721	1	3	2	18	15	16	4	2	2	2	1	1
ENSG00000145723	363	567	377	377	362	360	361	329	306	400	314	302
ENSG00000145725	8897	14794	9606	9254	9743	8557	8614	9151	7721	9619	9031	8142
ENSG00000145730	565	965	670	450	437	418	631	758	582	817	729	627
ENSG00000145734	2130	4273	2478	2628	2967	2057	2540	1996	2269	2486	2310	2038
ENSG00000145736	1434	2024	1273	1563	1592	1322	1187	1230	1111	1128	935	1352
ENSG00000145740	3920	6376	4472	4163	4541	3929	3330	3160	2878	3445	3478	3103
ENSG00000145741	11921	20637	16159	13812	15221	13318	13515	11837	10940	13263	13813	11623
ENSG00000145743	1403	2304	1692	1842	1846	1751	1560	1416	1407	1607	1533	1273
ENSG00000145757	9	22	8	20	18	20	18	18	8	17	14	6
ENSG00000145777	1	11	7	0	2	3	2	2	1	1	5	4
ENSG00000145779	712	1321	872	1648	1793	1526	910	932	801	1002	995	841
ENSG00000145780	1567	2765	1788	1688	1893	1605	1741	1757	1403	1952	1664	1474
ENSG00000145781	895	1425	893	1038	1116	969	1132	999	999	1049	1121	1039
ENSG00000145782	2027	3456	2524	2370	2392	2262	2096	2405	1812	2406	2330	2074
ENSG00000145794	56	103	85	40	30	23	37	31	28	60	44	68
ENSG00000145817	1381	2544	1670	1485	1586	1427	1390	1379	1080	1409	1529	1163
ENSG00000145819	3941	7487	4908	5034	5007	4616	4759	5241	4065	5426	4822	4362
ENSG00000145824	12	13	11	24	10	22	15	20	6	11	10	10
ENSG00000145832	37	79	57	72	52	71	55	56	74	62	69	44
ENSG00000145833	5057	7291	5420	5287	5509	4541	5067	4682	4520	4998	4702	4727
ENSG00000145860	1631	2410	1913	1409	1509	1348	1473	1537	1382	1762	1622	1265
ENSG00000145861	0	0	1	3	1	0	0	0	0	1	2	0
ENSG00000145864	1	3	1	0	0	1	0	0	0	0	0	0
ENSG00000145868	2613	4130	2841	3148	3297	2875	2590	2620	2286	2808	2496	2384
ENSG00000145882	1300	2279	1523	1432	1495	1372	1747	1715	1416	1919	1690	1444
ENSG00000145888	2	5	3	0	1	0	4	2	2	1	1	0
ENSG00000145901	2796	4756	3633	2982	3158	2879	3028	2894	2541	3305	3097	2612
ENSG00000145907	21989	32573	23248	20594	22263	19247	18585	17919	16087	19774	18629	18377
ENSG00000145908	3	2	4	6	5	2	6	7	6	2	10	3
ENSG00000145911	19	24	32	17	26	31	43	27	26	39	36	19
ENSG00000145912	2462	3870	3260	2464	2706	2219	2368	2069	1932	2221	2175	1937
ENSG00000145916	1087	1793	1369	1196	1322	1072	1130	1039	959	1188	1050	1016
ENSG00000145919	410	712	507	636	760	629	475	450	410	481	428	385
ENSG00000145936	240	355	316	340	369	297	369	380	311	346	357	333
ENSG00000145945	364	576	395	368	409	333	342	295	256	386	338	351
ENSG00000145949	62	98	42	97	124	121	79	81	56	98	62	65
ENSG00000145975	0	2	0	0	1	1	0	1	4	1	0	1
ENSG00000145979	491	812	694	627	638	580	568	510	446	637	576	557
ENSG00000145982	710	1088	729	655	666	598	563	612	477	677	583	556
ENSG00000145990	863	1229	958	441	498	419	729	811	619	896	778	697
ENSG00000145996	1629	2628	1761	1703	1765	1519	1551	1597	1412	1603	1512	1469
ENSG00000146005	0	1	0	0	1	2	0	0	1	1	0	0
ENSG00000146006	7	12	5	4	6	7	7	9	6	3	6	2
ENSG00000146007	1495	2377	1929	1538	1762	1492	1505	1346	1174	1478	1401	1280
ENSG00000146013	4	0	2	5	1	2	2	2	0	3	3	3
ENSG00000146021	76	156	115	185	177	188	151	168	115	186	151	100
ENSG00000146038	1	7	8	3	9	3	4	2	2	4	2	6
ENSG00000146047	2	2	1	1	2	0	0	1	0	2	1	2
ENSG00000146054	71	90	70	91	82	76	63	96	101	111	72	68
ENSG00000146063	2204	3620	2877	2378	2393	2161	2431	2290	1925	2429	2093	2097
ENSG00000146066	821	1415	1115	1187	1201	964	1030	868	744	1102	956	881
ENSG00000146067	1223	1965	1560	1514	1347	1302	1287	1262	1095	1380	1185	1137
ENSG00000146072	123	210	152	174	179	186	151	99	119	155	126	93
ENSG00000146083	2488	4519	3054	2808	2957	2568	2770	2610	2294	2997	2381	2293
ENSG00000146085	1643	2897	2011	1823	1923	1603	1707	1682	1484	1832	1827	1564
ENSG00000146090	14	35	10	5	5	4	14	20	13	26	15	13
ENSG00000146094	2002	3376	2617	1307	1277	1222	2163	2276	1898	2561	2220	2079
ENSG00000146109	1459	2386	1778	1590	1650	1397	1452	1451	1208	1432	1465	1259
ENSG00000146112	1022	2104	1708	1766	1629	1295	961	1400	903	1243	1008	1273
ENSG00000146122	33	42	29	46	58	42	54	53	62	63	42	47
ENSG00000146143	1645	2728	1917	1583	1637	1572	1597	1633	1430	1811	1674	1540
ENSG00000146147	9	9	5	4	7	4	10	6	3	4	9	3
ENSG00000146192	268	512	376	849	852	846	497	534	444	587	485	432
ENSG00000146197	17	27	26	26	10	24	21	36	26	21	22	14
ENSG00000146205	34	47	34	21	22	22	24	33	27	40	46	27
ENSG00000146215	0	4	8	14	23	14	12	13	5	10	7	0
ENSG00000146216	0	0	0	1	2	0	1	2	1	4	0	0
ENSG00000146221	0	5	3	3	1	7	4	3	2	6	1	0
ENSG00000146223	15257	23954	18357	15058	16470	14514	14780	14034	12706	15464	14986	13978
ENSG00000146232	551	942	721	613	663	639	656	611	559	664	691	580
ENSG00000146242	6	3	2	7	1	1	5	3	1	6	2	1
ENSG00000146243	128	270	149	155	116	149	185	167	153	186	142	154
ENSG00000146247	11050	17692	12037	11379	12143	10451	10700	10751	9170	11400	10260	9624
ENSG00000146263	5035	7248	4952	4732	4921	4156	4530	4558	4164	4832	4486	4364
ENSG00000146267	381	662	486	544	531	508	571	699	507	661	603	593
ENSG00000146276	2	11	9	0	0	1	5	5	1	1	1	2
ENSG00000146278	4716	9243	6659	6488	6903	6587	5273	5600	4445	6293	5754	4397
ENSG00000146281	5696	8217	5853	3594	4031	3271	4621	4622	4019	5184	4847	4400
ENSG00000146282	1219	2050	1397	1349	1431	1227	1443	1438	1160	1398	1346	1206
ENSG00000146285	72	109	64	79	76	84	70	95	76	108	87	72
ENSG00000146350	401	782	501	512	563	515	576	625	480	619	541	507
ENSG00000146373	57	104	69	34	33	19	36	51	34	80	45	61
ENSG00000146376	2289	4129	2951	3306	3631	3224	2220	2206	1786	2458	2350	2135
ENSG00000146386	1319	2128	1527	1398	1615	1291	1202	1144	1057	1314	1188	1135
ENSG00000146410	1057	1534	1061	818	965	847	847	851	708	858	818	784
ENSG00000146411	1	1	1	2	2	0	0	0	0	0	3	1
ENSG00000146414	2736	4439	2887	3124	3348	2893	3036	3072	2593	3184	2831	2674
ENSG00000146416	106	257	154	110	96	121	196	272	180	276	279	150
ENSG00000146425	430	784	613	942	854	842	560	625	560	553	627	510
ENSG00000146426	160	262	193	212	240	207	218	210	221	218	228	175
ENSG00000146433	1837	2757	1971	2082	2193	1891	1647	1555	1500	1842	1554	1498
ENSG00000146453	9	8	15	13	4	4	5	9	4	1	5	5
ENSG00000146457	4328	7055	5243	4915	5472	4837	4442	4187	3658	4566	4307	3884
ENSG00000146463	7949	13096	8803	7888	8506	7437	8062	8191	6840	9055	7885	7462
ENSG00000146476	1503	2346	1711	1853	2112	1803	1400	1264	1255	1498	1509	1391
ENSG00000146530	16	23	21	11	18	12	21	2	12	27	10	8
ENSG00000146535	3311	5508	4273	5919	6458	5829	3490	3258	3023	3825	3645	3144
ENSG00000146540	1496	2723	2249	1956	2101	1974	2149	1990	1795	2298	2121	1731
ENSG00000146555	51	72	42	181	163	164	115	109	85	104	109	84
ENSG00000146574	1715	2713	1617	1936	2115	1575	1586	1403	1363	1508	1375	1633
ENSG00000146576	805	1230	1016	1206	1292	1055	759	663	712	790	715	755
ENSG00000146587	1919	3149	2054	1884	2068	1748	2044	2093	1887	2275	2134	1918
ENSG00000146592	317	678	426	429	468	445	782	712	590	738	616	503
ENSG00000146670	2314	3578	3022	2620	2833	2562	2321	2265	1949	2433	2435	2145
ENSG00000146676	5101	8643	6054	7038	7496	6876	6129	6232	5546	6566	5962	5682
ENSG00000146700	14	12	19	12	11	8	13	11	10	10	13	12
ENSG00000146701	5552	8934	7166	6248	6329	5860	5875	5244	4745	6218	5406	5079
ENSG00000146707	102	184	151	170	175	169	126	108	105	118	108	121
ENSG00000146729	2098	3159	2194	2659	2815	2455	2087	1887	1773	2026	1798	1872
ENSG00000146731	10876	15455	11553	10770	11839	9299	8622	7218	7187	8179	7641	8281
ENSG00000146733	1454	2221	1594	1850	1982	1708	1306	1109	1184	1215	1271	1332
ENSG00000146755	0	0	1	0	5	0	0	0	4	1	0	0
ENSG00000146757	968	1674	1108	1254	1385	1140	1068	923	913	1038	940	1014
ENSG00000146776	620	980	635	656	701	659	691	663	569	762	618	601
ENSG00000146802	1295	2034	1512	1586	1675	1525	1234	1308	1181	1425	1320	1287
ENSG00000146826	490	652	541	620	683	587	488	404	369	472	396	427
ENSG00000146828	3353	5309	4282	4503	4574	4137	3943	3639	3233	4292	3649	3470
ENSG00000146830	6282	10164	7983	5706	6370	5789	7271	7352	6269	8302	6855	6457
ENSG00000146833	1977	3314	2486	2362	2515	2212	1941	1863	1762	2157	1993	1745
ENSG00000146834	2794	4668	3632	3049	3247	2918	2858	2470	2234	2990	2604	2582
ENSG00000146842	3065	4983	3199	3092	3207	2791	3066	2957	2766	3097	2805	2683
ENSG00000146856	23	46	19	39	39	36	29	25	30	30	39	37
ENSG00000146857	1	3	1	0	0	1	0	0	4	1	0	0
ENSG00000146858	833	1153	719	642	669	639	773	837	665	832	723	642
ENSG00000146859	106	194	165	124	154	101	92	125	83	123	90	75
ENSG00000146872	2084	3216	2321	2463	2577	2215	2034	1917	1664	2141	1795	1881
ENSG00000146904	294	476	336	211	176	204	263	280	277	316	298	275
ENSG00000146909	2513	3676	2665	2431	2541	2243	2701	2506	2335	2721	2520	2690
ENSG00000146918	6416	9879	7400	6386	6831	5913	5731	5525	4751	6059	5856	5376
ENSG00000146950	4	12	8	0	1	1	7	13	3	5	8	4
ENSG00000146955	12	5	9	11	17	6	16	7	17	16	8	14
ENSG00000146963	5678	8858	6779	5918	6268	5596	5587	5736	4899	5990	5568	5211
ENSG00000146966	158	269	192	273	212	226	270	312	268	303	272	229
ENSG00000147003	2	11	3	2	2	1	5	2	4	7	12	3
ENSG00000147010	11577	19855	12883	13555	14613	13075	12621	11196	10451	12967	10611	11171
ENSG00000147027	2	6	5	1	0	1	2	2	0	3	5	1
ENSG00000147036	156	254	224	269	245	219	238	215	191	234	216	190
ENSG00000147041	1	0	0	1	0	1	0	0	1	1	0	1
ENSG00000147044	215	322	181	433	467	441	202	209	193	247	192	178
ENSG00000147050	2095	3454	2172	2267	2370	2181	2174	2104	1873	2233	1864	1829
ENSG00000147059	33	34	25	20	31	25	34	32	25	25	47	36
ENSG00000147065	53616	87253	64789	53777	58225	51689	48811	45446	40829	51530	47536	44610
ENSG00000147082	37	76	70	47	58	40	55	48	51	65	39	59
ENSG00000147099	966	1567	979	1270	1278	1036	1062	1286	1045	1301	1004	958
ENSG00000147100	9	27	7	8	12	12	8	15	19	10	7	6
ENSG00000147113	28	59	40	55	46	25	58	69	60	59	50	38
ENSG00000147117	104	184	139	172	163	152	151	187	143	172	136	145
ENSG00000147118	444	757	484	494	539	507	604	616	483	626	543	556
ENSG00000147119	59	80	83	64	82	44	58	74	39	74	58	44
ENSG00000147121	165	352	295	292	324	303	256	267	224	305	264	197
ENSG00000147123	1782	3002	2541	2166	2243	1951	1937	1693	1585	1984	1974	1710
ENSG00000147124	754	1316	802	999	989	862	851	766	780	972	712	778
ENSG00000147130	3395	6025	4517	3541	3745	3612	3843	3827	3313	4631	3998	3475
ENSG00000147133	4335	7418	5190	5729	5992	5526	5661	5516	4871	5904	5194	4964
ENSG00000147138	21	37	19	17	24	15	29	19	15	11	16	20
ENSG00000147140	14104	22670	16457	16349	17192	15256	15071	13179	11595	14820	13115	12236
ENSG00000147144	10	4	10	7	7	9	11	8	8	11	2	11
ENSG00000147145	516	933	674	482	515	551	505	579	445	614	602	469
ENSG00000147155	4023	7899	6007	3226	3244	3232	3424	3679	2835	4169	4054	3652
ENSG00000147162	14492	25024	17012	16598	17117	15433	15381	16765	13635	17918	15548	14187
ENSG00000147164	1740	2861	2150	1872	1973	1848	1870	1769	1539	1888	1647	1615
ENSG00000147166	78	116	82	86	82	72	42	44	47	47	43	49
ENSG00000147168	100	153	115	154	147	152	117	103	97	110	96	98
ENSG00000147174	96	212	139	141	147	103	151	151	133	146	142	135
ENSG00000147202	3341	5649	3515	3621	3717	3318	3478	3666	3156	3991	3499	3399
ENSG00000147206	1329	2192	1544	1302	1446	1157	1241	1247	1149	1358	1140	1188
ENSG00000147224	2279	3485	2584	2141	2378	2010	2034	1860	1714	2083	1784	1892
ENSG00000147231	3	8	3	6	3	6	6	5	3	2	5	9
ENSG00000147234	7	3	6	3	6	6	4	9	9	10	13	14
ENSG00000147251	7846	12746	8893	7878	8522	7317	7743	7541	6456	8539	7768	7462
ENSG00000147255	21	30	23	29	36	29	28	35	35	35	33	28
ENSG00000147257	115	186	119	224	216	212	102	108	99	137	154	91
ENSG00000147274	18636	30540	20956	21111	22623	19980	17784	16420	15126	18352	16785	16990
ENSG00000147316	1996	3203	2222	1823	2150	1855	1981	2088	1833	2326	1986	1969
ENSG00000147324	2810	4289	3095	2844	3260	2804	2337	2213	2015	2639	2287	2136
ENSG00000147364	2173	3421	2303	2188	2445	2167	2343	2398	2104	2662	2245	2201
ENSG00000147381	56	106	77	83	95	90	91	88	94	70	70	66
ENSG00000147383	1508	2730	1985	1150	1173	1144	1239	1196	986	1337	1266	1218
ENSG00000147394	4126	6632	4973	4688	4940	4352	3810	3754	3286	4018	3723	3509
ENSG00000147400	517	824	547	463	421	399	438	419	365	425	481	391
ENSG00000147403	34666	62853	48100	44312	48900	45294	36934	35988	30494	40643	37375	30044
ENSG00000147408	128	235	131	441	506	458	256	295	222	349	267	250
ENSG00000147416	10656	17460	13178	12142	12824	11853	10584	11259	9188	12290	11611	10229
ENSG00000147419	2392	3885	2773	2462	2624	2301	2214	2202	1996	2400	2053	2175
ENSG00000147421	2665	4929	3192	3256	3275	3039	3323	3615	2889	3909	3093	2816
ENSG00000147434	4	19	7	16	10	16	33	45	26	51	38	26
ENSG00000147437	79	119	80	81	98	95	80	101	90	117	128	71
ENSG00000147439	1566	2657	1928	1650	1794	1517	1485	1491	1293	1636	1369	1348
ENSG00000147443	1922	3493	2814	2438	2671	2414	2451	2234	1935	2635	2441	1946
ENSG00000147454	4428	7172	5269	4558	4676	4335	4823	5074	4175	5454	4680	4152
ENSG00000147457	3180	5050	3813	3956	4481	3754	3393	3028	2864	3274	3042	2930
ENSG00000147459	6225	10189	6781	7907	8270	7352	7417	7799	6607	8501	7181	6936
ENSG00000147465	1541	2683	1989	1312	1306	1309	1881	1794	1531	1944	1797	1510
ENSG00000147471	3065	5080	3747	3420	3612	3277	2677	2578	2098	2616	2676	2541
ENSG00000147475	6593	11417	7571	7772	8208	7246	7140	7060	6155	7875	6848	6842
ENSG00000147481	6	11	10	11	6	4	9	11	13	13	5	10
ENSG00000147485	0	8	4	5	9	7	6	18	4	13	9	5
ENSG00000147488	22	45	21	11	16	16	18	31	24	47	20	30
ENSG00000147509	2	6	4	3	1	4	2	8	11	5	1	3
ENSG00000147526	11131	17829	12997	14993	15842	13285	10738	9379	9167	10731	9831	10006
ENSG00000147533	2579	4309	2743	2913	3116	2716	2784	2600	2362	3155	2526	2437
ENSG00000147535	883	1569	1211	1008	1218	1048	836	882	748	1024	900	802
ENSG00000147536	2870	4537	3251	2667	2939	2414	2103	2169	1904	2298	2097	2154
ENSG00000147548	12217	19737	12879	13586	14546	12416	12321	12428	10789	13337	11533	11126
ENSG00000147570	57	170	155	145	122	122	170	187	148	219	179	105
ENSG00000147573	1	2	3	1	0	0	0	0	0	0	0	0
ENSG00000147576	1	7	11	9	3	5	6	8	5	9	2	8
ENSG00000147586	948	1594	1223	1070	1059	937	867	786	720	770	915	806
ENSG00000147592	514	838	558	557	521	499	495	385	356	480	443	413
ENSG00000147601	1766	3011	2229	2202	2247	2025	2033	1964	1671	2070	1944	1680
ENSG00000147604	55103	95778	73919	64432	69537	62234	54604	51145	45886	56057	54734	47828
ENSG00000147606	3	5	7	3	5	7	2	10	3	6	1	5
ENSG00000147613	5	3	2	0	1	1	1	0	0	3	2	3
ENSG00000147614	0	2	0	0	0	1	2	0	0	1	0	0
ENSG00000147647	4	1	2	2	4	10	1	0	0	4	4	1
ENSG00000147649	23782	37743	28055	22227	24454	21115	18570	18489	15553	20384	19339	18503
ENSG00000147650	1154	2077	1479	1258	1342	1325	1332	1478	1177	1493	1493	1267
ENSG00000147654	983	1574	998	1081	1125	910	878	824	749	857	824	871
ENSG00000147655	4	11	9	4	1	10	6	12	13	25	4	2
ENSG00000147669	1331	2137	1445	1430	1510	1285	1279	1113	1073	1201	1195	1120
ENSG00000147677	16492	28470	20487	19994	22106	19058	17664	16263	15111	18091	17322	15277
ENSG00000147679	2765	4774	3232	3034	3226	2802	3018	2828	2649	3028	2902	2851
ENSG00000147684	1793	2924	2291	1721	1877	1747	1803	1547	1434	1703	1913	1571
ENSG00000147687	825	1388	1108	958	991	897	940	969	825	994	955	811
ENSG00000147689	4	10	8	4	5	0	5	7	1	3	9	2
ENSG00000147697	5	21	15	14	9	14	13	13	6	20	11	15
ENSG00000147724	1	6	0	0	0	0	0	0	0	1	3	1
ENSG00000147789	1480	2571	1782	1559	1696	1504	1630	1484	1273	1738	1551	1515
ENSG00000147799	1	10	9	8	11	15	7	8	3	5	8	2
ENSG00000147804	1255	1996	1782	1204	1327	1219	1217	1074	975	1159	1279	1151
ENSG00000147813	1618	2785	2224	2307	2092	2218	2509	2214	1992	2385	2616	2225
ENSG00000147852	4990	8646	6283	5113	5481	4923	5070	5312	4503	5732	5428	4839
ENSG00000147853	1982	3271	2215	2117	2108	1910	1881	1882	1675	2101	1982	1784
ENSG00000147854	7814	13363	9307	8273	8822	7624	7698	8165	7337	8670	8119	7376
ENSG00000147862	0	4	1	0	2	5	3	2	3	7	2	4
ENSG00000147872	1329	4336	3911	1746	1718	1804	2407	3496	1851	3378	3150	1292
ENSG00000147873	1	0	0	0	0	1	0	2	1	0	5	0
ENSG00000147874	4998	8055	5903	4694	5059	4256	4559	4622	3916	5109	4755	4143
ENSG00000147883	130	276	215	72	108	71	97	105	81	106	120	125
ENSG00000147889	2390	3971	3456	2139	2207	1880	2339	2508	2051	2507	2551	2234
ENSG00000147894	1401	2283	1580	2625	2675	2399	2306	2444	2213	2414	2267	2074
ENSG00000147896	0	0	1	1	0	1	0	1	0	2	0	0
ENSG00000147905	2157	4097	2629	2315	2423	2138	2447	2655	2076	2753	2326	2028
ENSG00000147912	342	424	339	220	213	244	166	181	150	184	166	200
ENSG00000147955	2380	3639	2626	2037	2185	1767	1930	1648	1519	1965	1657	1834
ENSG00000147996	1607	2570	1707	1676	1730	1456	1591	1801	1724	1900	1681	1748
ENSG00000148019	2362	3449	2381	2192	2402	2093	2123	2073	1702	2149	1948	2034
ENSG00000148057	57	85	78	89	105	73	62	95	72	88	80	65
ENSG00000148082	17	31	19	65	74	47	28	46	24	40	34	21
ENSG00000148090	261	459	395	274	300	256	257	302	244	331	324	268
ENSG00000148110	4764	6845	4953	5252	5681	4726	4028	3490	3529	4111	3526	3794
ENSG00000148120	505	708	499	478	487	449	500	517	445	511	465	444
ENSG00000148143	31	60	28	19	13	17	34	38	48	33	24	39
ENSG00000148153	3111	5201	3666	3313	3680	3169	3131	3203	2843	3396	3531	2911
ENSG00000148154	28933	47801	33797	37334	40170	35072	30104	27983	26602	30703	28577	26598
ENSG00000148156	1	1	0	0	1	2	1	2	0	1	1	0
ENSG00000148158	3043	5033	3588	4117	4486	4143	3698	3970	3206	4221	3741	3271
ENSG00000148175	5873	9164	6109	5144	5517	4771	4506	4339	3691	4769	4126	4480
ENSG00000148180	7807	13963	10962	11400	12143	11356	10175	10440	8523	11824	10495	9541
ENSG00000148187	2328	3474	2385	2306	2401	2114	2435	2322	2111	2550	2054	2105
ENSG00000148200	284	438	328	283	254	254	296	325	278	337	239	281
ENSG00000148204	7	16	20	11	15	25	14	9	2	11	7	8
ENSG00000148218	1394	2199	1669	2099	2148	2037	1714	1609	1365	1855	1536	1466
ENSG00000148219	2416	4110	514	3490	3070	2775	3107	4000	3234	3940	2984	2762
ENSG00000148225	542	808	653	553	618	512	639	736	562	756	625	565
ENSG00000148229	4422	6956	5406	4450	4923	4116	3941	3673	3415	4211	4046	3979
ENSG00000148288	1174	1674	1252	1007	1070	854	981	1046	808	1067	976	930
ENSG00000148308	1595	2792	2049	1725	1943	1651	1547	1406	1273	1573	1494	1326
ENSG00000148331	826	1298	1012	976	968	867	732	755	650	831	703	707
ENSG00000148334	1727	2549	2009	1785	1953	1636	1613	1380	1402	1554	1482	1482
ENSG00000148335	590	835	758	650	577	603	568	518	522	623	550	585
ENSG00000148337	2095	3551	2681	2709	2822	2517	2362	2206	1794	2268	2025	2032
ENSG00000148339	680	1229	932	819	816	787	490	574	427	569	559	583
ENSG00000148341	1213	1748	1353	1464	1508	1382	1103	1077	918	1101	1047	897
ENSG00000148343	1161	1817	1478	1535	1582	1434	1155	1042	901	1219	1073	1055
ENSG00000148344	3	0	1	1	0	3	3	0	1	6	1	0
ENSG00000148356	741	1264	938	781	918	760	785	819	655	891	796	745
ENSG00000148357	86	190	109	163	182	168	202	179	166	185	185	198
ENSG00000148358	3063	5233	3743	3874	4012	3607	3160	3167	2871	3699	3261	2883
ENSG00000148362	517	745	604	709	659	614	626	514	579	591	540	547
ENSG00000148377	8	12	5	5	8	7	5	9	14	9	4	5
ENSG00000148384	645	1057	810	764	725	700	607	599	558	631	607	594
ENSG00000148396	11306	17763	13500	12448	12967	11902	11430	10933	9887	12532	11331	10829
ENSG00000148399	830	1382	1083	906	970	828	803	786	725	906	795	793
ENSG00000148400	9257	15798	11893	12301	12749	12217	11471	10826	9779	12052	10335	10175
ENSG00000148408	0	1	7	2	1	0	2	1	0	2	1	0
ENSG00000148411	918	1479	1213	902	949	865	916	929	792	1051	889	840
ENSG00000148426	373	540	495	399	363	390	343	368	251	413	315	308
ENSG00000148429	482	818	561	706	728	612	546	522	505	624	515	509
ENSG00000148444	1112	1976	1273	1277	1284	1238	1268	1232	1081	1301	1163	1124
ENSG00000148450	371	587	469	434	493	450	384	348	370	453	314	371
ENSG00000148459	763	1089	853	658	810	593	600	572	542	643	549	619
ENSG00000148481	685	1179	905	822	856	833	761	871	716	902	761	701
ENSG00000148483	196	255	229	221	214	253	215	247	257	247	254	229
ENSG00000148484	2705	4145	2584	2872	3029	2520	2447	2169	2117	2443	1985	2141
ENSG00000148488	1297	2160	1413	1868	1896	1829	2041	2014	1719	2199	1853	1608
ENSG00000148498	1	2	1	7	3	4	1	2	0	2	1	2
ENSG00000148516	18	48	27	43	44	37	58	25	21	41	26	25
ENSG00000148572	670	1203	862	737	775	663	652	725	538	725	756	638
ENSG00000148600	169	445	326	185	162	203	199	269	149	252	222	204
ENSG00000148604	2	0	1	0	0	2	0	0	2	0	2	0
ENSG00000148606	3037	4873	3704	3420	3639	3177	3157	3107	2856	3409	3026	2854
ENSG00000148634	3933	6647	4595	4326	4582	4031	4043	4299	3691	4374	4008	3694
ENSG00000148655	214	433	329	425	396	392	328	353	307	387	307	298
ENSG00000148660	1682	2765	2152	2061	2281	2095	1760	1803	1615	2057	1812	1647
ENSG00000148671	5	11	5	3	9	3	1	5	1	1	1	5
ENSG00000148672	12902	19591	14359	15235	16186	14063	12169	11213	10268	12784	11081	11247
ENSG00000148680	1193	2145	1517	1261	1400	1139	1355	1213	1089	1421	1321	1212
ENSG00000148688	1178	1892	1420	1280	1374	1121	1272	1155	1071	1208	1183	1049
ENSG00000148690	318	483	278	344	330	315	340	361	309	385	319	331
ENSG00000148700	1713	2974	2029	3708	4202	3673	2413	2246	2098	2376	2146	1971
ENSG00000148719	1519	2394	1758	1847	2014	1785	1477	1456	1283	1570	1326	1341
ENSG00000148730	13293	20190	14326	14300	15487	13460	12870	12340	10935	13832	12629	12045
ENSG00000148734	112	220	114	142	158	140	179	196	175	186	148	157
ENSG00000148735	0	0	0	0	0	0	2	0	2	1	2	3
ENSG00000148737	130	254	165	218	266	231	146	140	141	170	137	139
ENSG00000148773	17092	25735	16902	16716	17057	14580	16104	14910	13328	16653	14073	15568
ENSG00000148795	6	16	9	10	14	16	15	13	16	18	8	7
ENSG00000148803	412	630	563	351	432	377	257	277	267	378	332	290
ENSG00000148814	386	705	551	529	657	561	457	445	426	496	479	418
ENSG00000148824	1233	1936	1433	1346	1322	1204	1039	1093	1027	1121	1129	1050
ENSG00000148826	10	38	20	17	15	13	11	24	10	20	19	10
ENSG00000148832	110	237	184	155	149	181	139	216	167	183	163	166
ENSG00000148834	2870	4796	3655	3215	3669	3233	2887	2815	2473	2910	3209	2606
ENSG00000148835	1083	1687	1214	1007	1072	942	1077	958	974	1054	1058	1044
ENSG00000148840	3398	5045	3541	3466	3601	3107	2975	2721	2474	3095	2721	3137
ENSG00000148841	1531	2838	1991	2290	2340	2229	1719	1646	1442	1861	1569	1517
ENSG00000148842	887	1721	1185	1108	1163	1124	1128	1212	962	1242	1105	864
ENSG00000148843	7120	10469	7870	7301	7592	6382	6498	5751	5826	6749	5938	6215
ENSG00000148848	8	17	16	13	8	9	8	13	10	9	5	3
ENSG00000148908	606	1084	851	641	678	594	711	680	619	696	734	608
ENSG00000148925	969	1513	1185	1076	1176	1008	1084	1031	813	1041	983	966
ENSG00000148926	8	48	31	34	21	23	32	79	36	85	88	0
ENSG00000148935	31	33	35	23	26	17	19	14	8	23	20	15
ENSG00000148943	6841	11331	7624	6958	7472	6643	6014	5838	5096	6218	6013	5647
ENSG00000148950	184	349	262	191	203	205	260	305	235	291	298	254
ENSG00000148985	527	879	712	612	693	599	548	570	520	622	565	492
ENSG00000149016	1032	1616	1274	1052	1096	938	1099	1009	954	1096	1081	930
ENSG00000149054	31	59	29	28	37	25	25	53	38	28	52	36
ENSG00000149084	7587	13598	9874	6809	7259	6709	6677	7100	5744	7346	7750	7051
ENSG00000149089	720	1195	932	857	968	819	775	661	716	782	815	753
ENSG00000149091	7962	13329	11006	8616	9180	8098	8548	8636	7140	9511	8707	8134
ENSG00000149100	8665	14678	11220	9556	10303	8825	9100	8838	8179	9338	9879	8555
ENSG00000149115	2378	3321	2706	1983	2092	1851	1939	1853	1676	2243	2044	2068
ENSG00000149131	8	23	10	15	10	8	7	6	8	5	11	14
ENSG00000149136	12048	18523	14710	11483	12408	10702	10643	9443	9271	10986	10539	9918
ENSG00000149150	2679	4131	3274	1968	2105	1809	2133	2049	1763	2415	2189	2010
ENSG00000149177	5733	9785	6987	6665	7191	6738	6269	6565	5526	7505	6484	5627
ENSG00000149179	347	540	441	347	372	351	374	374	315	416	360	344
ENSG00000149182	4932	8101	6461	5326	5473	4941	4341	4410	3724	4733	4543	4064
ENSG00000149187	6321	10314	7595	7582	7836	6935	6123	6473	5395	7090	5971	5981
ENSG00000149196	1165	1877	1497	1230	1335	1246	1033	1129	972	1181	1175	1083
ENSG00000149201	23	32	16	37	29	12	53	28	19	24	41	31
ENSG00000149212	1688	3237	2181	2294	2545	2394	2533	2917	2283	3104	2545	2569
ENSG00000149218	594	965	721	604	613	538	633	602	549	658	624	533
ENSG00000149231	1512	2763	1624	1737	1787	1615	1563	1749	1377	1687	1696	1470
ENSG00000149243	40	78	44	39	63	60	52	56	42	54	59	53
ENSG00000149256	2	12	4	8	10	7	6	12	6	9	10	4
ENSG00000149257	1291	2134	1754	1706	1765	1635	1452	1401	1253	1592	1508	1359
ENSG00000149260	73	142	111	190	222	250	132	141	96	151	105	123
ENSG00000149262	1827	2694	1926	1808	2003	1705	1835	1832	1528	2022	1746	1683
ENSG00000149269	3680	5964	4292	5431	5872	5136	4122	3736	3545	4385	3871	3714
ENSG00000149273	57030	103414	82951	67421	74390	68749	61818	61045	52941	67385	66430	53622
ENSG00000149289	120	262	188	43	51	45	85	150	68	125	121	70
ENSG00000149292	102	243	155	175	155	150	120	147	109	158	145	104
ENSG00000149294	131	199	159	66	114	74	123	125	74	144	100	103
ENSG00000149305	63	120	86	109	105	72	124	120	86	111	82	107
ENSG00000149308	3033	5006	3035	3507	3571	3141	2814	2925	2501	3033	2582	2758
ENSG00000149311	17046	29038	20080	24470	25546	23877	24025	26453	22354	27502	24906	22147
ENSG00000149313	3143	4812	3403	2944	3198	2822	2778	2623	2501	2992	2901	2772
ENSG00000149328	616	911	760	617	651	547	670	636	565	732	558	596
ENSG00000149346	1044	1837	1247	1202	1249	1201	1176	1323	1076	1401	1187	1115
ENSG00000149357	1601	3024	2139	2082	2147	1961	1906	1645	1463	1959	1714	1613
ENSG00000149380	0	1	1	1	2	1	0	0	2	2	4	1
ENSG00000149418	603	939	749	388	439	386	624	606	513	767	641	573
ENSG00000149428	9814	14286	11548	9341	10003	8283	6597	5951	5525	6527	6054	6533
ENSG00000149451	2	0	0	0	0	0	0	0	1	2	0	0
ENSG00000149474	1425	2322	1778	1518	1781	1508	1340	1339	1267	1426	1378	1297
ENSG00000149476	1355	2338	1781	1688	1728	1631	1457	1421	1246	1605	1579	1344
ENSG00000149480	7974	12259	8693	8630	9268	7835	7698	6626	6352	7587	6488	6858
ENSG00000149483	1419	2318	1506	1557	1579	1337	1627	1667	1466	1740	1523	1558
ENSG00000149485	23839	37963	24435	16853	17599	15931	15171	15564	12092	17585	14598	15039
ENSG00000149488	6	10	6	12	16	6	5	10	8	7	12	12
ENSG00000149489	31	134	100	69	85	55	78	69	61	94	86	64
ENSG00000149499	3577	5751	4541	3646	3967	3778	3587	3528	2987	3767	3436	3077
ENSG00000149503	3879	5765	4403	4144	4166	3889	3699	3302	2914	3571	3461	3393
ENSG00000149516	11360	18555	11943	6942	7375	6154	9852	10756	8313	11340	10399	9908
ENSG00000149527	4	0	10	1	7	0	0	3	1	0	0	0
ENSG00000149532	4409	6678	4929	4826	5198	4504	4262	3779	3645	4301	3760	3968
ENSG00000149534	66	126	87	88	52	46	78	118	82	100	90	93
ENSG00000149541	1237	2034	1710	1316	1613	1276	1264	1233	1095	1352	1351	1219
ENSG00000149547	5159	7548	5647	5009	5298	4425	4591	4061	3748	4530	4007	4248
ENSG00000149548	602	1124	830	544	635	539	551	692	491	723	765	587
ENSG00000149554	3009	4536	3115	2700	3164	2639	2660	2597	2224	2846	2629	2461
ENSG00000149557	106	159	119	109	105	95	129	123	97	128	131	112
ENSG00000149564	5	10	3	2	8	2	7	5	5	11	7	6
ENSG00000149571	23	41	27	33	17	22	33	27	25	29	25	22
ENSG00000149573	7	50	35	52	42	44	50	53	57	61	60	35
ENSG00000149575	0	0	0	0	2	1	0	0	1	0	1	0
ENSG00000149577	2069	3474	2442	3715	3900	3500	2798	2675	2390	2882	2447	2240
ENSG00000149582	200	320	197	198	177	195	199	204	196	229	176	143
ENSG00000149591	373	567	458	587	579	572	584	570	539	619	510	473
ENSG00000149596	1	37	41	17	13	19	51	92	33	112	69	21
ENSG00000149600	1934	3249	2504	2407	2572	2309	1905	1861	1652	2178	1987	1835
ENSG00000149609	10	24	4	12	9	16	21	16	11	15	11	9
ENSG00000149633	0	1	3	2	1	4	0	6	1	0	2	4
ENSG00000149634	24	57	20	18	27	24	23	26	22	25	32	35
ENSG00000149635	1019	1955	1577	459	496	472	701	858	530	921	845	653
ENSG00000149636	1483	2368	1731	1320	1426	1278	1401	1470	1084	1336	1438	1294
ENSG00000149639	8676	13032	9593	9561	9997	8627	8717	8335	7600	9344	8100	8514
ENSG00000149646	164	257	158	218	214	171	204	234	180	204	208	177
ENSG00000149654	9	6	8	11	5	11	6	4	1	3	4	5
ENSG00000149657	2176	3692	2780	2410	2649	2403	2227	2150	1877	2346	1987	2048
ENSG00000149658	2644	4082	2902	2777	3125	2691	2437	2193	1940	2370	2011	2240
ENSG00000149679	457	753	556	579	516	468	540	428	455	593	447	456
ENSG00000149716	612	930	719	628	731	560	626	610	568	629	582	559
ENSG00000149743	386	610	534	582	542	533	373	397	318	361	459	316
ENSG00000149761	930	1651	1487	1346	1396	1266	1086	1007	968	1192	1140	1039
ENSG00000149781	4231	7584	6060	5747	6283	5810	5304	5104	4464	5959	5136	4523
ENSG00000149782	2308	3933	3056	2484	2576	2461	2608	2718	2113	2824	2640	2415
ENSG00000149792	1621	2489	1961	1580	1698	1414	1395	1216	1187	1417	1339	1278
ENSG00000149798	10	3	36	12	57	4	40	13	21	18	32	35
ENSG00000149806	4514	8153	6363	5689	6040	5575	5180	4618	4111	5200	5231	4378
ENSG00000149809	1759	3445	2592	1622	1718	1644	1729	1680	1275	1911	1689	1765
ENSG00000149823	3431	5814	4816	4680	4667	4665	3842	3835	3543	4180	3919	3350
ENSG00000149922	58	149	123	106	109	125	139	139	115	137	145	95
ENSG00000149923	3684	6416	5398	4442	4711	4201	3821	3448	3113	4049	4171	3459
ENSG00000149925	44110	83181	65047	50240	53020	52514	52553	52309	44576	61137	55966	43012
ENSG00000149926	109	160	108	121	96	84	115	141	97	141	118	100
ENSG00000149927	138	297	212	157	207	147	194	233	207	203	212	166
ENSG00000149929	609	948	775	607	623	552	585	498	478	569	639	496
ENSG00000149930	2943	4259	3144	2840	3016	2630	2750	2538	2222	3057	2614	2591
ENSG00000149932	1769	3132	2518	2083	2200	2029	1927	2109	1666	2407	2275	1764
ENSG00000149948	172	292	188	206	234	174	251	223	232	219	242	218
ENSG00000149970	99	175	105	130	141	101	116	113	132	117	85	84
ENSG00000150054	13	21	20	15	14	12	11	28	15	20	12	11
ENSG00000150093	7485	12238	8867	6346	6868	5882	6398	7258	5435	7273	7531	6547
ENSG00000150281	15	33	17	15	10	11	11	11	9	16	18	15
ENSG00000150316	836	1529	1167	1046	1055	940	977	901	853	1013	949	938
ENSG00000150337	2281	4283	3201	1810	1829	1744	2112	2462	1647	2559	2356	2129
ENSG00000150347	148	265	132	147	137	138	100	133	93	116	88	149
ENSG00000150394	214	329	216	277	310	253	253	301	290	298	263	221
ENSG00000150401	1581	2677	1926	2176	2265	1935	2317	2445	2255	2520	2360	2219
ENSG00000150403	2241	4191	3382	2660	2894	2735	2264	2284	1999	2422	2564	2017
ENSG00000150433	575	946	700	576	678	566	561	560	495	650	562	521
ENSG00000150455	77	136	68	143	166	143	88	91	104	97	78	118
ENSG00000150456	293	419	350	261	325	289	292	235	223	268	246	245
ENSG00000150457	1337	2212	1708	1574	1752	1632	1198	1242	1108	1411	1224	1091
ENSG00000150459	2419	4136	2845	3054	3162	2839	2641	2382	2129	2593	2395	2221
ENSG00000150471	7013	11557	7597	5823	6093	5794	5790	6590	5014	7440	6618	6312
ENSG00000150477	1496	2537	607	1915	1862	1649	2055	2559	2058	2450	1813	2031
ENSG00000150510	126	252	167	45	71	77	89	112	74	143	117	86
ENSG00000150527	1317	2164	1631	1799	1924	1747	1604	1414	1350	1631	1576	1433
ENSG00000150540	1659	3113	1916	3084	3233	2685	2029	1987	1658	2117	1801	1914
ENSG00000150556	13	21	18	3	10	7	9	11	5	10	10	18
ENSG00000150593	5411	8592	6349	3841	4147	3713	4872	5245	4206	5628	5480	4743
ENSG00000150594	0	2	0	6	2	3	4	2	0	0	0	0
ENSG00000150627	32	49	38	26	54	45	51	49	43	32	45	44
ENSG00000150636	36	45	35	14	36	47	39	34	32	36	22	28
ENSG00000150637	141	230	125	226	198	215	185	211	204	241	232	214
ENSG00000150656	29	38	35	67	40	42	47	52	48	51	46	44
ENSG00000150667	40	48	46	34	33	23	28	14	18	48	31	42
ENSG00000150672	6	6	9	4	14	5	7	11	21	7	4	4
ENSG00000150676	1	4	0	0	2	0	2	0	0	0	0	0
ENSG00000150681	921	1775	1168	519	519	493	805	1042	570	1022	990	755
ENSG00000150687	97	169	88	125	141	120	139	137	154	150	149	117
ENSG00000150712	2788	4890	3471	4487	4664	4262	3444	3099	2960	3393	3246	2967
ENSG00000150753	15207	22200	16781	14030	14762	12352	12310	10857	10108	11672	11588	12014
ENSG00000150756	666	1078	715	734	763	568	643	600	542	705	594	634
ENSG00000150760	51	74	67	39	47	52	89	78	68	89	79	100
ENSG00000150764	840	1195	843	666	744	573	642	715	528	721	672	586
ENSG00000150768	4308	6728	4565	3601	3948	3334	3541	3269	3039	3681	3356	3409
ENSG00000150773	20	32	25	7	21	5	5	15	10	14	7	12
ENSG00000150776	2293	3701	2696	2356	2499	2279	2228	2095	1951	2358	2218	2034
ENSG00000150779	686	939	745	552	675	568	548	417	436	469	499	473
ENSG00000150782	243	466	328	259	288	295	313	340	323	434	375	332
ENSG00000150783	7	7	14	8	16	12	8	6	8	16	18	6
ENSG00000150787	285	497	323	300	347	250	271	274	247	307	300	258
ENSG00000150867	4730	7742	5131	4956	5258	4491	4910	4736	4257	5568	4379	4438
ENSG00000150873	92	132	128	135	126	126	137	154	109	196	178	150
ENSG00000150893	3	4	2	4	4	3	2	3	6	3	3	5
ENSG00000150907	21	24	28	59	84	96	22	24	23	33	19	27
ENSG00000150938	2	9	9	13	8	13	4	6	6	10	4	6
ENSG00000150961	3534	6209	4505	3105	3120	2821	2447	2899	2158	3234	2891	2625
ENSG00000150967	266	507	356	299	351	308	338	354	303	420	320	319
ENSG00000150977	3289	5032	3969	3024	3059	2777	3065	3017	2551	3384	3115	2827
ENSG00000150990	3550	5213	4042	3631	3799	3408	3275	3037	2875	3368	3056	3034
ENSG00000150991	15180	27765	22035	16140	16962	15439	15117	15056	11765	16867	16241	12638
ENSG00000150995	10636	16844	11653	8821	9106	8067	10444	11483	9410	12273	10946	9901
ENSG00000151005	0	1	0	1	0	5	2	0	0	1	1	0
ENSG00000151006	283	517	304	311	263	291	439	367	258	396	327	240
ENSG00000151012	1034	2129	1485	801	772	696	726	644	563	660	636	960
ENSG00000151014	1336	2212	1629	1233	1300	1168	1301	1259	1088	1336	1251	1241
ENSG00000151023	2	1	0	1	0	0	0	2	0	1	0	0
ENSG00000151062	4948	8963	6614	7777	8008	7650	5942	5849	4875	6419	5419	4624
ENSG00000151065	513	834	623	629	704	614	522	488	473	570	502	471
ENSG00000151067	3	0	5	2	2	2	0	2	4	2	7	0
ENSG00000151079	6	29	26	11	10	8	19	14	19	9	10	22
ENSG00000151092	2512	4044	2909	2662	2926	2511	2540	2666	2392	2826	2616	2346
ENSG00000151093	344	590	358	275	331	277	276	339	223	369	384	254
ENSG00000151116	776	1308	752	973	1074	845	777	759	600	799	674	648
ENSG00000151117	15	30	16	63	50	43	19	41	32	42	24	27
ENSG00000151131	5869	9589	4070	9017	8572	7587	7631	9513	8000	9430	7945	7217
ENSG00000151135	559	1123	789	738	792	789	608	635	490	672	668	563
ENSG00000151136	100	157	108	107	115	92	111	125	105	136	120	123
ENSG00000151148	2361	3906	2942	3006	3103	2898	2745	2681	2388	2922	2652	2322
ENSG00000151150	47	76	50	59	67	66	65	57	62	64	70	63
ENSG00000151151	1507	2766	1750	1563	1637	1456	1503	1665	1347	1805	1658	1256
ENSG00000151164	140	297	234	139	178	177	137	202	143	194	190	145
ENSG00000151176	1453	2547	1908	2194	2213	2149	1804	1768	1517	2070	1608	1592
ENSG00000151208	280	390	641	495	277	335	424	244	343	623	538	224
ENSG00000151229	673	1147	660	657	726	619	693	704	584	678	671	559
ENSG00000151233	1403	2289	1582	1300	1512	1255	1371	1402	1228	1469	1458	1442
ENSG00000151239	1435	2312	1587	1699	1851	1486	1145	1179	1121	1138	1167	1151
ENSG00000151240	4	10	10	4	10	1	6	7	1	13	0	9
ENSG00000151247	4697	7447	5234	4573	4893	4256	4140	3914	3634	4349	4047	3928
ENSG00000151276	58	90	43	78	66	62	35	37	34	45	25	39
ENSG00000151287	954	1533	1165	766	830	712	844	860	758	870	875	797
ENSG00000151292	1344	2206	1386	1338	1452	1217	1183	1194	957	1181	1218	1056
ENSG00000151304	1053	1463	1040	1135	1166	960	826	736	759	796	778	815
ENSG00000151320	46	75	68	76	69	94	74	114	71	105	94	80
ENSG00000151327	608	968	725	820	878	707	864	903	781	937	830	734
ENSG00000151332	546	885	659	603	630	612	538	586	470	585	504	465
ENSG00000151338	962	1665	391	1499	1301	1274	1395	1765	1396	1779	1330	1412
ENSG00000151348	1968	2956	2110	2284	2456	2059	1961	1776	1632	2110	1811	1773
ENSG00000151353	665	1040	845	732	865	738	797	835	714	938	747	698
ENSG00000151364	13	9	14	13	11	8	20	13	10	10	9	11
ENSG00000151365	0	2	0	0	1	2	0	2	1	0	0	0
ENSG00000151366	2206	3774	3059	2825	3080	2822	2603	2491	2272	2671	2903	2298
ENSG00000151376	315	450	305	196	189	196	262	282	212	324	279	251
ENSG00000151388	0	0	0	4	0	2	3	2	3	0	0	1
ENSG00000151413	695	1137	785	797	805	707	834	758	671	809	752	724
ENSG00000151414	3266	5495	3958	3826	4198	3566	2956	3063	2789	3299	3297	2761
ENSG00000151422	780	1379	835	1005	955	903	1041	950	847	1134	919	980
ENSG00000151445	916	1642	1145	1164	1294	1147	1093	1134	990	1191	1044	966
ENSG00000151458	993	1677	1109	1553	1665	1451	1222	1100	1020	1291	1056	1099
ENSG00000151461	4613	7545	4906	4258	4530	3760	4284	4054	3672	4435	4126	4142
ENSG00000151465	8746	13994	9806	10795	11934	10206	8272	7488	7344	8522	7600	7857
ENSG00000151466	1030	1633	1149	1107	1033	950	1033	1047	890	1115	1048	963
ENSG00000151470	255	474	336	260	308	300	258	272	218	294	270	245
ENSG00000151474	196	323	173	331	311	304	277	283	222	323	263	250
ENSG00000151490	175	437	322	367	408	471	320	418	322	510	414	352
ENSG00000151491	176	301	232	178	141	127	144	143	134	176	142	146
ENSG00000151498	907	1484	1072	1410	1728	1398	1006	944	840	1006	973	853
ENSG00000151500	757	1283	887	878	907	863	803	720	642	810	805	684
ENSG00000151502	4019	6276	4869	4581	4627	4314	4241	3782	3684	4638	4039	3655
ENSG00000151503	8710	12253	8918	8374	9109	7311	7005	6614	6081	7502	6585	6877
ENSG00000151532	1945	3166	2166	2387	2382	2042	1984	1885	1811	2060	1760	1672
ENSG00000151552	690	1065	728	635	735	654	574	531	499	625	599	599
ENSG00000151553	1141	1777	1177	1225	1389	1235	1177	1151	1006	1265	1191	1084
ENSG00000151575	64	147	87	95	99	72	113	120	115	137	98	121
ENSG00000151576	2500	3859	2917	4042	4320	3646	2949	2681	2536	2930	2761	2702
ENSG00000151611	366	610	404	407	424	397	441	400	349	372	335	359
ENSG00000151615	0	1	2	0	0	0	0	4	0	0	2	1
ENSG00000151623	16	23	18	19	9	13	8	18	8	15	14	9
ENSG00000151632	127	247	183	45	50	58	200	187	153	194	183	141
ENSG00000151640	3	7	9	8	8	8	2	11	4	2	6	5
ENSG00000151650	1049	1941	1507	804	811	848	1154	1337	1020	1424	1316	1031
ENSG00000151651	306	647	529	470	482	466	472	442	432	549	455	388
ENSG00000151657	593	1111	794	776	725	691	670	667	615	737	710	582
ENSG00000151665	772	1287	865	812	863	740	800	810	654	868	791	698
ENSG00000151687	125	206	163	176	147	139	179	209	155	193	152	121
ENSG00000151689	363	486	349	461	443	363	282	282	244	302	214	303
ENSG00000151690	161	265	211	265	347	265	140	129	119	154	128	159
ENSG00000151692	4644	8096	5599	6121	6560	6001	6262	5706	5354	6208	5624	4952
ENSG00000151693	166	198	183	158	184	152	110	138	91	152	121	114
ENSG00000151694	2230	3744	2667	2436	2465	2156	2238	2293	1958	2383	2333	2123
ENSG00000151702	4753	7870	5483	5104	5425	4764	4805	4996	4132	5408	4667	4344
ENSG00000151704	10	13	5	8	6	2	4	6	4	2	3	3
ENSG00000151715	10	23	17	40	38	34	11	17	18	20	16	9
ENSG00000151718	295	492	349	368	382	348	330	276	285	317	353	320
ENSG00000151725	2924	4836	3345	2785	3014	2584	2723	2599	2313	2829	2616	2631
ENSG00000151726	6196	10689	7849	5973	6564	5852	6947	6816	5566	7213	6742	6175
ENSG00000151729	19	54	45	74	72	55	27	23	28	41	33	38
ENSG00000151743	313	594	379	314	364	326	371	443	303	441	380	331
ENSG00000151746	639	864	539	747	837	681	541	562	450	551	471	476
ENSG00000151748	2049	3231	2175	2253	2483	2082	1657	1515	1424	1727	1571	1578
ENSG00000151773	209	368	210	310	278	236	272	326	287	335	260	263
ENSG00000151779	4154	6614	4612	4139	4683	3902	3676	3897	3331	4490	3927	3495
ENSG00000151789	32	62	42	52	58	39	62	63	66	72	50	65
ENSG00000151806	3269	5201	3609	3364	3619	3027	2788	2682	2394	2933	2794	2822
ENSG00000151835	11767	16927	12143	12061	12670	11050	10899	10832	9572	11913	10992	10907
ENSG00000151846	2	3	3	0	8	6	3	3	3	4	2	4
ENSG00000151849	2137	3419	2367	2038	2150	1740	2359	2443	2066	2458	2340	2228
ENSG00000151876	904	1457	1024	894	1004	844	824	792	737	923	840	849
ENSG00000151881	594	939	596	557	642	518	466	426	409	487	428	456
ENSG00000151882	1	6	2	1	3	8	5	4	5	5	1	3
ENSG00000151883	27894	46548	29611	32777	35042	30592	28697	28362	25833	31126	27162	26110
ENSG00000151893	4143	6896	4818	4527	4772	4292	4096	4165	3623	4462	4108	3834
ENSG00000151914	335	558	364	396	430	369	510	468	430	553	527	523
ENSG00000151917	94	143	96	101	114	77	98	102	73	120	93	89
ENSG00000151923	5790	9653	7101	6373	6761	6027	6483	6450	5612	7040	6397	5893
ENSG00000151929	397	618	502	543	520	507	420	336	315	396	357	354
ENSG00000151948	4	7	10	6	8	8	8	4	8	6	9	6
ENSG00000151967	1	5	1	4	4	0	2	2	3	3	0	0
ENSG00000152034	3	2	2	2	8	4	3	2	5	4	4	4
ENSG00000152049	162	236	113	226	207	205	214	242	189	237	170	192
ENSG00000152056	1215	1866	1363	1217	1244	1048	1289	1175	1133	1199	1109	1138
ENSG00000152061	3459	6327	4296	3814	3889	3552	4292	4492	3733	4937	4065	3656
ENSG00000152076	77	128	105	148	177	134	90	83	75	85	79	73
ENSG00000152078	30	66	38	45	42	28	49	37	53	69	51	54
ENSG00000152082	1154	1924	1672	1223	1316	1124	1209	1066	960	1288	1183	1073
ENSG00000152102	7597	11549	8270	8912	9757	8307	7070	6586	6004	7095	6500	6449
ENSG00000152104	4540	7960	5778	12499	13477	12632	8288	7536	7357	8308	7007	6718
ENSG00000152127	3758	6237	4776	5603	6031	5506	4448	4323	3874	4580	4422	3878
ENSG00000152128	96	133	97	57	66	65	109	94	95	103	91	87
ENSG00000152133	1454	2531	1721	1477	1612	1411	1632	1695	1495	1678	1699	1470
ENSG00000152147	612	1029	715	739	740	697	745	760	677	767	806	708
ENSG00000152154	4	10	9	14	9	16	15	14	10	18	8	3
ENSG00000152192	50	90	75	46	42	44	42	58	40	50	55	56
ENSG00000152193	1482	2226	1638	1419	1393	1273	1292	1273	1156	1476	1224	1293
ENSG00000152207	98	125	105	60	77	78	83	124	59	120	100	87
ENSG00000152213	695	1245	872	947	1082	1011	839	916	780	928	827	754
ENSG00000152217	1	6	2	4	0	2	3	3	1	9	0	2
ENSG00000152219	992	1664	1168	1164	1262	1096	1068	996	951	1135	1022	957
ENSG00000152223	2857	4383	3102	3048	3217	2795	3293	3603	2876	3652	3331	2851
ENSG00000152229	2950	4971	3151	2615	2672	2237	3196	3193	2892	3429	2817	2795
ENSG00000152234	29789	47311	37300	31630	35209	30372	26331	24506	22911	27458	27301	25038
ENSG00000152240	886	1615	1151	973	1098	937	851	795	701	856	796	830
ENSG00000152242	3502	5578	3888	3608	3830	3446	3174	3324	2752	3709	3313	3091
ENSG00000152253	157	306	21	173	286	100	208	188	156	334	141	209
ENSG00000152256	4647	8799	5791	5667	5709	5602	5329	6398	5037	6871	6128	4096
ENSG00000152270	18553	32845	22638	17515	18584	16471	19529	21305	17496	23110	20698	19048
ENSG00000152284	9	14	11	10	5	4	4	8	10	7	9	2
ENSG00000152291	14948	26034	18139	17905	18890	17173	16864	16239	14329	18161	16434	15045
ENSG00000152292	11	13	22	7	3	5	12	7	3	10	10	8
ENSG00000152315	48	75	41	641	797	676	96	68	113	87	64	52
ENSG00000152332	10671	17014	11934	11675	12440	11427	10669	11047	9330	11960	11180	10275
ENSG00000152348	376	638	429	516	531	470	384	303	348	371	385	310
ENSG00000152359	556	952	597	567	613	541	536	551	559	550	576	544
ENSG00000152377	485	820	515	522	551	464	790	690	682	782	642	634
ENSG00000152380	51	83	76	46	41	38	39	50	34	45	63	44
ENSG00000152382	747	1048	748	761	751	723	711	644	595	725	719	646
ENSG00000152402	3	14	4	14	9	8	4	8	2	9	4	5
ENSG00000152404	542	867	599	488	557	457	531	591	464	559	568	506
ENSG00000152409	1144	1824	1320	1054	1024	885	1033	1023	958	1109	996	977
ENSG00000152413	951	1434	1099	1227	1361	1140	852	743	687	768	727	755
ENSG00000152422	611	938	750	607	711	688	632	583	499	603	666	595
ENSG00000152433	117	170	150	153	160	151	103	131	112	167	127	124
ENSG00000152439	471	877	606	605	606	561	646	644	571	700	595	584
ENSG00000152443	1473	2487	1764	1816	1760	1708	1655	1725	1529	1855	1693	1540
ENSG00000152454	283	500	336	298	357	337	306	342	310	385	295	290
ENSG00000152455	1646	2481	1665	1506	1519	1327	1259	1239	1122	1371	1198	1211
ENSG00000152457	1820	2974	2147	2393	2612	2302	2282	2122	1966	2379	2052	1957
ENSG00000152463	13	29	38	26	35	39	38	33	49	37	27	28
ENSG00000152464	315	523	394	384	362	346	331	276	248	295	300	296
ENSG00000152465	311	516	384	409	391	331	442	488	404	489	468	402
ENSG00000152475	140	224	210	136	138	153	99	99	94	110	118	97
ENSG00000152484	2663	4273	3002	2906	3092	2583	2507	2306	2067	2489	2380	2204
ENSG00000152492	847	1382	1017	1548	1615	1473	1070	962	889	1047	953	852
ENSG00000152495	4	11	5	14	11	20	12	14	8	27	19	19
ENSG00000152503	355	580	344	298	292	304	329	396	281	400	373	303
ENSG00000152518	21078	35941	26123	20064	21412	19551	22494	23260	19021	26368	23980	19950
ENSG00000152520	11134	18483	12379	14934	15581	13966	13268	13134	11816	14721	12514	11557
ENSG00000152527	281	579	345	338	315	286	309	391	266	361	308	301
ENSG00000152556	194	308	227	406	419	400	218	265	261	272	261	245
ENSG00000152558	12386	20508	12551	14327	15417	13132	11992	11245	10028	12502	10785	10721
ENSG00000152580	775	1016	696	603	666	510	740	643	627	702	565	805
ENSG00000152582	1136	2041	1276	769	813	743	1294	1474	1132	1547	1303	1214
ENSG00000152601	37214	59647	39213	42619	45965	38657	32559	31929	28276	34272	30134	30115
ENSG00000152611	3	0	4	0	0	1	2	0	0	0	0	0
ENSG00000152620	3040	4541	3278	2272	2493	2209	2161	2142	1921	2440	2322	2275
ENSG00000152642	1345	1931	1541	1183	1327	1047	1248	1148	1055	1273	1225	1171
ENSG00000152661	0	17	11	5	10	3	0	4	6	1	6	5
ENSG00000152670	1	2	0	0	2	1	1	0	0	0	2	3
ENSG00000152683	2418	3788	2526	2355	2438	2322	2178	2409	1892	2372	2161	1983
ENSG00000152684	429	705	554	478	459	443	388	372	287	476	397	350
ENSG00000152689	344	557	369	501	506	420	489	573	492	584	504	438
ENSG00000152700	3036	4745	3312	3730	3986	3389	3086	3252	2910	3385	3017	2964
ENSG00000152705	32	49	48	47	39	30	26	31	25	28	24	34
ENSG00000152749	1308	1884	1172	1134	1377	1144	1012	1076	890	1104	1005	984
ENSG00000152760	51	94	65	20	9	25	65	75	63	75	76	66
ENSG00000152763	34	45	29	29	50	41	36	37	38	37	43	43
ENSG00000152766	53	85	54	175	233	195	91	84	82	64	94	99
ENSG00000152767	267	432	284	379	380	338	320	379	339	356	309	275
ENSG00000152778	13	9	13	30	48	32	9	16	5	11	4	7
ENSG00000152779	8	10	5	1	6	6	4	5	3	4	12	6
ENSG00000152782	1242	2080	1348	1123	1100	1057	1096	1092	916	1263	1161	1150
ENSG00000152784	1683	2588	2031	1229	1360	1152	1213	1075	863	1250	1056	1113
ENSG00000152785	16	18	18	14	17	17	16	22	28	25	25	19
ENSG00000152795	12472	19424	14013	12264	13261	11394	10843	10443	9483	11108	10808	10148
ENSG00000152804	1165	1894	1371	1509	1606	1511	1107	1105	874	1236	1152	1182
ENSG00000152818	6524	11157	7571	8669	9082	8109	8156	8341	7092	9192	8165	7432
ENSG00000152822	0	1	0	7	1	3	1	3	1	1	0	1
ENSG00000152894	3	5	6	3	3	11	3	1	2	5	5	1
ENSG00000152904	1168	1959	1464	1322	1388	1256	1119	1167	966	1250	1149	1036
ENSG00000152926	2199	4320	2692	4272	4224	3875	3731	3831	3387	4020	3512	3259
ENSG00000152932	7	20	16	8	5	10	18	17	15	10	20	11
ENSG00000152936	4	1	1	9	1	9	3	7	0	4	4	4
ENSG00000152939	24	19	1	0	0	26	1	2	4	1	25	55
ENSG00000152942	123	1486	1007	961	1057	691	345	924	778	863	177	552
ENSG00000152944	1100	1846	1093	1031	1186	1011	1112	1048	902	1139	1026	1008
ENSG00000152977	0	0	2	1	4	1	0	0	1	0	0	2
ENSG00000152990	1183	1767	1152	1377	1443	1158	1184	1079	1028	1083	1054	1018
ENSG00000153006	2854	4235	2826	1980	2092	1897	2257	2453	1852	2583	2299	2316
ENSG00000153015	854	1256	918	634	624	567	744	686	612	645	662	694
ENSG00000153029	1877	3383	2331	2498	2517	2492	2534	2800	2180	3012	2468	2088
ENSG00000153037	1165	1831	1325	1438	1552	1286	1191	1136	1043	1113	1166	1156
ENSG00000153044	1825	2898	2399	1831	1905	1642	1413	1404	1280	1562	1543	1492
ENSG00000153046	1158	1823	1362	1434	1547	1386	1168	1015	972	1153	996	1064
ENSG00000153048	1686	3022	2444	2312	2528	2447	2160	2172	1855	2318	2040	1784
ENSG00000153060	2	1	1	4	2	10	6	0	5	5	4	6
ENSG00000153064	50	66	28	41	42	28	38	80	44	50	43	62
ENSG00000153066	1701	2605	1746	1952	2007	1886	1481	1408	1346	1575	1273	1421
ENSG00000153071	24	41	22	16	23	24	32	38	19	33	22	23
ENSG00000153093	3	1	0	0	1	3	0	1	0	0	0	1
ENSG00000153094	1632	2699	1833	1528	1711	1524	1459	1560	1372	1758	1559	1480
ENSG00000153107	9215	13842	9503	9085	9636	8162	8822	8291	7683	9190	8272	8159
ENSG00000153113	1531	2668	1832	2165	2451	2267	1763	1813	1487	1957	1725	1612
ENSG00000153130	1376	2370	1620	1420	1600	1283	1179	1209	1015	1409	1370	1126
ENSG00000153132	1	0	0	0	0	0	5	0	1	5	0	3
ENSG00000153140	311	508	358	292	277	271	292	304	247	410	364	264
ENSG00000153147	6070	9534	6835	6218	6652	5882	5705	5330	4773	5708	5536	5305
ENSG00000153157	72	103	93	70	86	70	116	153	76	122	108	95
ENSG00000153162	3	5	9	2	3	5	7	8	10	6	3	5
ENSG00000153165	1	3	0	1	2	0	1	0	0	4	0	0
ENSG00000153179	2098	3486	2528	3308	3570	3357	2415	2471	2157	2581	2348	2056
ENSG00000153187	72824	113823	75909	80597	83487	71389	77372	78330	69393	82584	73448	73871
ENSG00000153201	15072	22678	16056	16288	17005	14551	13320	12202	11487	13412	12245	12830
ENSG00000153207	10295	15499	10387	10080	10974	9111	8463	7860	7399	8782	8133	8090
ENSG00000153208	15	26	8	42	33	54	22	30	29	23	25	16
ENSG00000153214	2157	4153	2875	2470	2556	2549	2358	2604	2052	2806	2644	2074
ENSG00000153234	201	374	276	201	249	200	138	141	98	162	158	101
ENSG00000153237	4	16	8	12	13	7	3	8	10	11	4	13
ENSG00000153246	10	7	8	10	9	9	11	16	9	18	17	6
ENSG00000153250	1508	2418	1743	1813	1900	1660	1580	1466	1270	1719	1468	1424
ENSG00000153283	86	150	122	153	114	116	146	163	147	159	131	149
ENSG00000153292	31	49	29	42	40	39	49	33	27	44	45	36
ENSG00000153303	3	13	3	6	9	3	8	7	5	9	6	3
ENSG00000153310	8906	13823	9944	11059	11935	10508	9181	8539	8101	9427	8855	8085
ENSG00000153317	1951	3322	2027	1826	1906	1773	2229	2346	1804	2531	2020	1967
ENSG00000153339	5445	8593	6115	6589	7328	6265	5324	5186	4657	5420	5039	5067
ENSG00000153347	0	0	0	1	1	1	0	2	0	0	0	1
ENSG00000153391	573	954	683	489	475	479	482	462	379	497	447	431
ENSG00000153395	3678	4884	4419	3668	3718	3784	2717	2590	2519	3623	2725	2436
ENSG00000153404	15	41	13	25	25	12	24	16	14	19	21	16
ENSG00000153406	1413	2227	1875	1631	1705	1520	1512	1391	1144	1637	1486	1352
ENSG00000153443	776	1209	1064	812	855	802	798	637	586	710	731	609
ENSG00000153446	1	1	0	7	4	3	0	0	0	1	2	1
ENSG00000153487	907	1434	949	1061	1124	942	849	869	699	914	782	710
ENSG00000153495	4	3	1	8	2	6	9	3	5	5	9	7
ENSG00000153531	128	238	182	150	136	129	139	192	127	180	175	152
ENSG00000153551	230	417	306	253	268	269	239	240	227	303	235	264
ENSG00000153558	33	73	30	60	65	52	61	70	38	39	56	59
ENSG00000153560	8007	12401	8433	10698	11205	9781	7922	7478	6993	8235	6989	7351
ENSG00000153561	8462	12650	9055	8557	8989	7859	7751	7008	6491	7787	7030	7054
ENSG00000153563	25	27	27	37	51	24	37	16	22	28	17	23
ENSG00000153574	1624	2609	2098	1523	1775	1356	1458	1336	1222	1503	1476	1378
ENSG00000153707	10	10	9	48	34	44	19	18	10	22	23	19
ENSG00000153721	572	1063	732	897	867	902	1004	975	855	996	902	847
ENSG00000153767	1769	2844	2112	1843	1936	1752	1772	1823	1707	1935	1833	1649
ENSG00000153774	435	595	489	404	413	363	404	426	317	431	427	407
ENSG00000153786	1816	2970	2194	2644	3097	2700	2152	2161	1847	2357	1973	1849
ENSG00000153789	4	6	0	7	2	9	3	7	7	6	1	7
ENSG00000153790	87	156	99	100	106	97	99	91	70	102	75	72
ENSG00000153802	0	0	1	0	0	0	0	0	1	0	1	2
ENSG00000153814	17	27	17	30	34	33	17	22	18	20	21	16
ENSG00000153815	2572	4592	3297	4070	4141	3909	3485	3336	3127	3985	3359	2930
ENSG00000153823	3	10	3	16	29	14	6	3	10	5	3	2
ENSG00000153827	21361	33606	23357	24052	25646	22475	20531	20314	18130	22186	19742	19724
ENSG00000153832	172	253	178	174	175	164	218	214	195	233	197	160
ENSG00000153879	7323	11598	9117	6960	7287	6744	6692	6488	5836	7036	6821	6862
ENSG00000153885	2391	3771	2881	1824	1984	1536	2095	2051	1744	2271	2098	2033
ENSG00000153896	2	8	2	6	1	5	4	7	4	4	3	3
ENSG00000153898	146	224	185	83	87	53	177	191	142	186	180	153
ENSG00000153902	1	3	5	0	0	0	1	1	1	1	2	0
ENSG00000153904	21	33	11	8	10	11	7	8	8	13	7	10
ENSG00000153914	5921	9874	6644	6675	7230	6162	6940	7428	6580	7806	7326	6406
ENSG00000153922	5507	8796	6132	6003	6368	5223	5337	5155	4637	5596	5202	5153
ENSG00000153930	119	211	122	164	184	162	153	170	170	228	169	132
ENSG00000153933	1881	2885	2030	2212	2338	1770	1804	1662	1580	1656	1670	1655
ENSG00000153936	3058	5115	3495	2962	3439	2952	2885	2944	2441	3178	3094	2627
ENSG00000153944	3943	6412	4183	4818	5078	4572	5014	4575	4443	5157	4330	4232
ENSG00000153975	472	699	510	564	547	452	460	425	353	467	435	407
ENSG00000153976	30	59	37	22	24	24	28	12	18	34	18	27
ENSG00000153982	93	126	121	137	125	114	116	127	129	142	126	119
ENSG00000153989	5419	8729	6437	4952	5654	4795	4491	4319	3729	4609	4741	4165
ENSG00000153993	0	5	2	7	0	2	0	0	1	4	0	3
ENSG00000154001	3860	6040	4182	4262	4731	3867	3795	3606	3193	3980	3579	3402
ENSG00000154016	618	984	817	891	980	851	645	573	626	708	677	664
ENSG00000154025	60	69	77	61	78	62	40	36	28	48	54	33
ENSG00000154027	214	327	245	360	416	387	311	242	239	322	265	248
ENSG00000154040	13	17	10	19	15	8	11	7	2	9	15	7
ENSG00000154059	2104	3238	2361	2180	2274	2093	1895	1908	1710	2054	1910	1882
ENSG00000154065	2	5	0	3	2	1	6	12	2	15	5	8
ENSG00000154079	391	684	614	468	522	481	517	508	417	535	562	422
ENSG00000154080	5	7	10	12	6	6	8	5	8	4	3	3
ENSG00000154096	4	6	6	3	2	2	6	5	2	8	5	8
ENSG00000154099	147	241	201	209	193	144	193	241	159	208	183	185
ENSG00000154102	615	1115	814	1061	1108	1079	680	806	580	801	853	624
ENSG00000154114	890	1412	944	1111	1136	1002	926	867	907	964	888	820
ENSG00000154118	5	16	22	10	4	15	10	11	3	17	10	6
ENSG00000154122	190	259	190	652	802	759	200	179	159	182	180	161
ENSG00000154124	2856	4406	3058	3488	3546	2973	2846	3029	2500	3250	2753	2752
ENSG00000154127	871	1617	1149	860	986	922	870	843	741	971	880	799
ENSG00000154133	0	0	3	0	0	0	4	0	1	0	0	0
ENSG00000154134	239	409	317	273	285	286	250	277	222	285	262	227
ENSG00000154144	1891	3137	2229	1927	2049	1872	1999	2024	1716	2152	1927	1903
ENSG00000154146	562	826	717	450	490	441	517	559	387	571	586	475
ENSG00000154153	113	212	132	67	76	67	91	113	77	122	95	94
ENSG00000154162	1	11	6	12	7	5	9	15	8	8	12	10
ENSG00000154165	1	7	5	7	6	12	3	5	2	4	3	4
ENSG00000154174	5730	8985	6535	6833	7235	6374	5668	5416	4856	5719	5442	5079
ENSG00000154175	11	9	11	8	6	10	8	14	13	15	10	10
ENSG00000154188	77	144	84	156	123	139	72	75	62	82	80	84
ENSG00000154217	1778	3282	2478	3365	3789	3387	2359	2163	2146	2509	2276	1964
ENSG00000154222	1028	1648	1293	1167	1256	1067	1018	950	875	1101	970	937
ENSG00000154227	0	0	0	1	1	0	2	1	1	1	2	4
ENSG00000154229	1472	2036	1482	1140	1219	1062	1455	1549	1148	1716	1528	1332
ENSG00000154237	2163	3463	2303	3707	3900	3534	2543	2555	2291	2885	2297	2313
ENSG00000154240	83	142	103	139	127	109	131	132	134	142	124	152
ENSG00000154252	0	0	6	0	0	0	0	0	0	1	0	0
ENSG00000154258	39	90	43	186	179	150	76	76	62	96	68	61
ENSG00000154262	197	321	213	991	1077	872	356	358	370	416	348	401
ENSG00000154263	58	72	51	72	85	58	53	55	46	61	50	49
ENSG00000154265	159	262	162	102	121	103	202	234	167	256	206	183
ENSG00000154269	1	3	4	6	4	6	5	3	3	4	4	3
ENSG00000154274	115	238	144	164	189	139	192	217	196	209	201	171
ENSG00000154305	2570	4442	3251	2758	2858	2574	2556	2485	2076	2693	2481	2506
ENSG00000154309	54	122	45	106	88	90	100	101	86	107	84	70
ENSG00000154310	3	15	4	5	6	3	5	7	5	15	8	4
ENSG00000154319	114	220	202	91	117	99	158	142	126	143	129	107
ENSG00000154328	397	640	512	452	515	446	417	354	334	447	423	354
ENSG00000154330	12	21	10	28	19	20	20	34	18	20	5	25
ENSG00000154358	1714	3397	2688	1809	1719	1727	2165	2900	2054	2888	2532	2148
ENSG00000154359	1012	1661	1248	725	831	711	736	920	809	904	1038	871
ENSG00000154370	2107	3255	2639	2275	2189	2007	2024	1957	1696	2097	1942	1782
ENSG00000154380	240	432	278	455	430	341	322	372	321	347	322	333
ENSG00000154415	50	98	87	93	86	68	77	99	81	77	64	70
ENSG00000154429	4601	7377	5146	4737	4980	4304	4108	4430	3691	4641	4753	4227
ENSG00000154447	537	1036	783	535	562	469	599	561	496	647	637	559
ENSG00000154451	46	81	52	46	37	56	57	59	46	63	58	52
ENSG00000154473	16185	25110	18711	18935	20414	17624	16221	15165	14238	16282	16181	14537
ENSG00000154479	1	1	1	1	2	0	0	1	0	0	1	0
ENSG00000154485	1	3	3	7	5	8	12	9	3	4	8	4
ENSG00000154511	8	15	6	14	22	14	10	18	11	10	12	2
ENSG00000154518	5069	7892	6252	4735	5157	4377	4414	4212	3617	4475	4481	4016
ENSG00000154529	58	85	64	62	89	60	49	67	68	78	82	59
ENSG00000154548	1	3	5	2	2	3	1	0	2	6	1	5
ENSG00000154553	45	118	66	104	77	102	108	99	90	105	103	70
ENSG00000154582	2923	4805	3203	2954	3245	2770	2702	2502	2446	2742	2666	2569
ENSG00000154589	2	6	5	71	89	87	10	7	8	3	1	7
ENSG00000154611	277	401	327	271	350	273	263	243	201	283	234	230
ENSG00000154620	33	71	63	68	72	47	46	50	41	50	63	34
ENSG00000154639	17	39	31	151	161	135	32	22	23	17	16	16
ENSG00000154640	408	575	457	336	371	322	326	377	261	398	373	335
ENSG00000154642	2078	3517	2323	2253	2376	2129	1781	1887	1650	1963	2001	1796
ENSG00000154645	2	1	0	1	2	0	0	0	1	1	0	3
ENSG00000154654	236	424	307	164	184	161	296	300	248	325	306	298
ENSG00000154655	0	2	0	1	1	1	4	3	3	4	3	0
ENSG00000154678	1	0	1	0	0	0	2	0	2	0	0	0
ENSG00000154710	1275	2235	1701	1395	1537	1360	1206	1283	1111	1351	1252	1181
ENSG00000154719	1300	2171	1721	1255	1308	1156	1189	1138	964	1180	1183	1081
ENSG00000154721	9	16	11	22	5	12	17	21	9	18	8	7
ENSG00000154723	1507	2246	1431	1383	1386	1171	1337	1175	1053	1292	1305	1311
ENSG00000154727	3549	5422	3557	3552	3845	3312	2982	2842	2629	3214	3201	2760
ENSG00000154734	8	7	13	31	17	21	19	21	15	15	24	9
ENSG00000154736	3	3	1	9	8	9	3	4	4	5	0	3
ENSG00000154743	861	1165	828	759	791	709	846	761	814	868	710	815
ENSG00000154760	301	436	328	510	497	473	339	335	325	335	264	310
ENSG00000154767	2077	3147	2545	2187	2352	2010	2039	1869	1753	2191	1916	1863
ENSG00000154781	649	1128	876	718	775	818	708	686	651	723	700	646
ENSG00000154783	81	128	107	111	124	126	127	147	116	121	127	129
ENSG00000154803	1800	3421	2658	1909	1841	1819	1997	2239	1788	2496	2128	1929
ENSG00000154813	1179	1811	1374	1155	1158	974	1034	968	886	1017	1033	1064
ENSG00000154814	718	1090	886	637	666	580	714	634	568	822	679	676
ENSG00000154822	31	43	39	24	23	23	28	32	33	19	23	33
ENSG00000154832	2735	4656	3944	2871	3043	2830	2958	2973	2542	3289	2890	2603
ENSG00000154839	1613	873	1607	1298	1307	1281	1348	1304	1489	1703	1679	1533
ENSG00000154845	1841	2834	2052	2215	2252	1989	1643	1420	1358	1647	1503	1471
ENSG00000154856	38	91	57	71	83	83	47	83	69	80	76	68
ENSG00000154864	436	688	449	522	573	424	505	503	407	583	453	436
ENSG00000154889	945	1549	1063	1115	1236	1070	1125	1089	1040	1222	1041	953
ENSG00000154914	205	386	278	263	244	252	295	255	270	265	245	247
ENSG00000154917	85	141	90	22	35	15	65	86	38	77	66	52
ENSG00000154920	453	743	580	400	452	322	474	550	424	560	474	512
ENSG00000154928	1	4	0	0	1	3	1	1	3	0	3	0
ENSG00000154930	347	514	388	253	303	253	349	269	291	359	299	295
ENSG00000154945	2125	3137	2128	2450	2454	2127	1838	1686	1532	1925	1746	1751
ENSG00000154957	341	593	462	448	501	396	440	357	368	411	328	397
ENSG00000154978	1618	2540	2003	1685	1967	1743	1909	1780	1619	2056	1813	1471
ENSG00000154997	78	144	75	107	99	89	91	108	96	121	92	98
ENSG00000155008	1804	2989	1974	1955	2046	1877	1870	1833	1626	2015	1761	1659
ENSG00000155011	72	107	81	26	23	20	47	61	37	72	74	46
ENSG00000155016	2	6	3	6	4	4	5	1	3	3	3	3
ENSG00000155026	11	25	7	7	14	10	16	5	7	9	10	7
ENSG00000155034	1401	2247	1762	1903	1981	1752	1721	1866	1555	1989	1711	1694
ENSG00000155066	14	26	13	21	24	19	28	18	22	13	31	17
ENSG00000155085	165	380	197	238	205	236	282	245	272	234	265	239
ENSG00000155090	2572	4998	3196	3666	3917	3777	3263	3255	2780	3554	3031	2483
ENSG00000155093	289	666	460	584	603	613	568	583	495	672	478	428
ENSG00000155096	20559	34884	24865	21715	24013	20758	19293	19022	16781	20662	20298	17871
ENSG00000155097	4652	7418	5226	5304	5677	5008	4284	4295	3720	4513	4390	4203
ENSG00000155099	416	676	512	407	460	385	505	419	381	523	424	416
ENSG00000155100	1790	2601	1638	1839	2004	1554	1516	1385	1336	1628	1424	1493
ENSG00000155111	3510	6355	4410	4296	4536	4433	4025	4302	3598	4654	4248	3537
ENSG00000155115	1258	1928	1534	1452	1591	1291	1139	915	895	1033	1193	1084
ENSG00000155158	674	1155	805	994	881	828	958	1130	918	1019	929	972
ENSG00000155189	7402	11597	8202	6901	7390	6350	6495	6454	5828	7373	7052	6253
ENSG00000155229	2972	4718	3507	3116	3396	2829	2754	2808	2403	3112	2872	2647
ENSG00000155252	902	1435	1150	1625	1755	1499	887	670	670	795	668	743
ENSG00000155254	1979	3009	2332	2094	2052	1890	1844	1772	1544	2030	1759	1708
ENSG00000155256	1184	1870	1377	1201	1384	1134	1245	1169	973	1216	1096	1035
ENSG00000155265	24	66	34	17	23	24	34	40	32	38	47	26
ENSG00000155269	11	14	12	1	0	6	5	9	4	10	4	11
ENSG00000155275	719	1072	798	747	784	663	706	777	643	813	715	618
ENSG00000155287	488	738	535	570	478	449	531	504	445	588	449	469
ENSG00000155304	3631	6393	4523	3249	3715	3429	3023	3110	2426	3231	3058	3043
ENSG00000155307	221	397	301	232	212	176	264	305	263	318	273	264
ENSG00000155313	2489	4056	2781	2621	2706	2362	2477	2630	2239	2737	2551	2450
ENSG00000155324	293	437	314	222	280	249	298	284	220	319	265	224
ENSG00000155329	765	1175	886	736	880	719	625	635	591	668	727	599
ENSG00000155330	803	1312	1011	984	1116	998	794	795	706	817	875	751
ENSG00000155363	153	266	280	246	267	253	242	257	184	261	240	222
ENSG00000155366	289	762	625	687	739	732	580	558	503	619	590	429
ENSG00000155367	5	11	17	6	8	6	4	3	6	17	3	1
ENSG00000155368	1208	1840	1267	1060	1103	1038	1116	1035	792	1042	973	824
ENSG00000155380	4363	6852	4954	4155	4431	3855	3401	3141	2950	3595	3404	3448
ENSG00000155393	2371	3267	2570	2567	2868	2403	1940	1861	1811	2156	1913	1881
ENSG00000155428	7	20	19	28	30	22	20	19	20	21	18	14
ENSG00000155438	1774	2927	1934	1974	2168	1826	1925	1819	1607	1885	1806	1866
ENSG00000155463	4373	7065	5202	5073	5387	4835	4109	3737	3335	4373	3696	3594
ENSG00000155465	123	182	173	689	709	565	163	146	187	185	159	134
ENSG00000155506	21951	31933	23034	22075	23516	20163	19722	17653	16762	20498	17457	18561
ENSG00000155508	5456	9701	7100	8452	8972	8110	6606	6508	5981	7051	7053	5891
ENSG00000155530	25	43	17	28	15	22	24	23	28	34	18	26
ENSG00000155542	348	576	354	422	469	435	309	250	274	314	313	268
ENSG00000155545	846	1268	875	918	984	857	721	750	699	743	730	709
ENSG00000155561	12169	18334	13516	12033	13154	11172	11366	10497	9784	12064	11422	10789
ENSG00000155592	717	1120	840	809	841	861	765	787	674	833	854	763
ENSG00000155621	437	604	493	453	551	461	427	357	334	449	437	393
ENSG00000155629	17625	28816	21232	17581	19154	17025	16361	16053	14409	18004	17269	15475
ENSG00000155636	449	713	569	498	562	452	415	393	363	526	392	447
ENSG00000155657	228	371	232	183	222	170	218	314	242	312	245	209
ENSG00000155659	8	10	5	5	2	8	6	6	2	1	2	1
ENSG00000155660	10214	15301	12392	10040	11092	9331	7331	6713	6166	7702	7547	7457
ENSG00000155666	149	302	211	258	274	228	208	236	201	271	198	213
ENSG00000155719	12	7	24	44	43	42	25	33	25	24	22	37
ENSG00000155729	1235	2159	1534	1313	1366	1309	1287	1217	1047	1306	1328	1152
ENSG00000155744	2961	4678	3474	3213	3334	2983	3040	3345	2896	3450	3316	2954
ENSG00000155749	16	33	8	7	16	13	7	8	10	23	11	13
ENSG00000155755	121	277	189	182	195	168	139	160	126	178	186	119
ENSG00000155760	411	711	534	367	401	414	403	520	367	476	496	358
ENSG00000155761	1	4	0	4	10	10	9	1	1	2	5	5
ENSG00000155792	535	867	664	447	516	446	548	565	478	683	634	554
ENSG00000155827	1770	2688	2166	2089	2154	1960	1870	1890	1614	2006	1888	1760
ENSG00000155846	2216	2941	2247	1834	1898	1476	1989	1715	1728	2035	1810	1872
ENSG00000155849	1691	2772	1960	1911	1843	1647	1819	1780	1576	2112	1691	1695
ENSG00000155850	3143	4657	3439	3268	3646	2971	2794	2463	2295	2762	2527	2726
ENSG00000155858	827	1363	922	712	748	725	867	854	711	949	864	781
ENSG00000155868	364	624	445	419	446	408	401	386	389	404	449	359
ENSG00000155875	2	0	0	1	3	0	1	1	1	1	0	3
ENSG00000155876	1124	1879	1499	1212	1341	1110	1123	1058	956	1348	1122	935
ENSG00000155886	0	0	0	5	1	0	1	3	0	0	2	0
ENSG00000155893	40	52	40	22	40	28	33	25	15	24	23	31
ENSG00000155903	1882	2970	2005	1540	1735	1587	1603	1797	1470	1870	1768	1626
ENSG00000155906	1061	1827	1330	1151	1158	1145	1010	1135	928	1225	1084	941
ENSG00000155926	905	1645	1122	2170	2443	2148	1500	1564	1384	1673	1452	1212
ENSG00000155957	3701	5939	4386	4371	4818	4301	3664	3549	3202	3778	3688	3309
ENSG00000155959	2124	3364	2609	2197	2343	1957	1878	1750	1674	1811	2099	1726
ENSG00000155961	2	0	2	1	0	1	4	0	2	0	2	1
ENSG00000155962	41	68	62	65	67	59	46	50	61	47	57	52
ENSG00000155966	4	0	0	6	9	6	3	0	3	5	1	1
ENSG00000155974	674	1157	808	306	363	280	918	1105	848	1278	1123	911
ENSG00000155975	1915	3259	2153	1968	2139	1910	1939	2013	1615	2243	1834	1823
ENSG00000156011	170	398	291	337	356	382	305	353	236	360	246	230
ENSG00000156017	3415	5185	3621	2741	2997	2513	2448	2457	2124	2633	2601	2490
ENSG00000156026	1521	2241	1519	1266	1307	1153	1370	1393	1192	1540	1430	1332
ENSG00000156030	7073	12668	9300	9368	9814	8974	8558	8002	7524	9298	7937	7451
ENSG00000156042	33	70	31	105	63	60	36	37	38	43	41	34
ENSG00000156049	21	44	19	26	22	29	21	20	18	33	19	31
ENSG00000156050	100	185	142	59	88	76	118	115	99	139	125	100
ENSG00000156052	9696	15089	10621	11577	12253	10263	8371	7682	7154	8717	7966	7887
ENSG00000156096	2	5	1	7	0	3	4	3	2	8	1	7
ENSG00000156097	1	4	5	5	7	5	4	1	1	4	1	0
ENSG00000156110	5110	8261	6206	4602	5118	4435	4797	4628	4150	4948	4984	4707
ENSG00000156113	5	5	4	5	7	5	2	4	1	3	0	4
ENSG00000156127	152	294	274	142	124	116	181	137	148	189	162	139
ENSG00000156136	3493	5699	3684	4050	4437	3751	3467	3299	3072	3680	3575	3351
ENSG00000156150	6	8	7	5	5	1	2	2	1	7	5	4
ENSG00000156162	2758	4754	3260	3070	3334	3135	3027	3246	2711	3700	3507	3004
ENSG00000156170	589	868	652	685	671	556	627	520	556	628	595	567
ENSG00000156171	1409	2478	1570	1746	1920	1587	1839	1755	1537	1791	1584	1535
ENSG00000156172	247	399	282	265	272	253	241	228	230	278	269	222
ENSG00000156194	27	45	32	43	43	28	47	55	50	55	54	39
ENSG00000156206	1	0	1	1	2	0	0	0	0	0	0	0
ENSG00000156218	1104	1897	247	1554	1410	1269	1496	1860	1505	1745	1318	1311
ENSG00000156219	12	42	20	29	31	29	26	36	36	20	42	19
ENSG00000156232	886	1526	1150	1207	1270	1137	988	1001	883	999	984	904
ENSG00000156239	125	204	122	156	191	116	132	168	125	165	110	132
ENSG00000156253	886	1437	1121	935	1049	818	737	656	696	746	630	642
ENSG00000156256	2525	4233	2900	2822	2899	2446	2709	2553	2260	2594	2494	2369
ENSG00000156261	25415	44217	35454	23635	25730	22829	24652	24429	20681	26954	27608	22195
ENSG00000156265	133	297	231	172	191	150	198	254	174	232	199	185
ENSG00000156273	3858	6488	4424	3901	4140	3878	3572	3785	3096	4098	3805	3217
ENSG00000156299	345	552	377	576	711	598	335	284	250	354	271	317
ENSG00000156304	2988	4932	3254	3464	3627	3116	3022	2793	2554	3224	2672	2740
ENSG00000156313	409	555	401	611	523	482	419	449	375	448	359	441
ENSG00000156345	364	654	483	426	417	377	487	423	396	544	386	385
ENSG00000156374	1082	1791	1375	1090	1198	1051	1075	1022	872	1169	999	920
ENSG00000156381	1433	1968	1541	1617	1524	1380	1305	1305	1065	1371	1219	1194
ENSG00000156384	565	974	660	484	609	572	586	660	510	662	653	558
ENSG00000156398	790	1180	827	698	858	666	652	600	503	653	557	639
ENSG00000156411	1290	2180	1639	1591	1717	1414	1390	1140	1160	1336	1270	1148
ENSG00000156413	24	27	18	35	28	26	28	28	24	34	31	33
ENSG00000156414	8	29	27	78	80	76	28	43	37	38	27	26
ENSG00000156427	1	10	7	4	7	8	9	3	7	5	8	1
ENSG00000156463	20	18	14	15	8	12	14	20	15	23	12	18
ENSG00000156466	1	0	5	0	1	2	0	1	0	2	0	0
ENSG00000156467	1752	2891	2059	2088	2151	1886	1770	1612	1514	1735	1750	1619
ENSG00000156469	852	1329	893	759	860	688	809	714	693	725	724	738
ENSG00000156471	12190	19022	13720	12318	13361	11467	10338	9630	9049	11084	9957	9692
ENSG00000156475	1	3	1	3	1	0	3	0	2	1	0	3
ENSG00000156482	11357	18882	14256	13410	14084	12879	12896	12131	10559	13296	11946	10712
ENSG00000156486	0	0	1	0	4	1	1	1	0	0	0	1
ENSG00000156500	1015	1824	1238	1397	1397	1282	1196	1477	1139	1415	1291	1132
ENSG00000156502	1420	2112	1590	1411	1385	1192	1369	1161	1194	1374	1296	1258
ENSG00000156504	3165	4896	3181	3537	3784	3322	2974	2902	2593	3335	2756	2619
ENSG00000156508	368314	639211	497720	457213	503053	454603	399276	378481	334984	420718	413565	347205
ENSG00000156509	454	689	432	513	515	433	478	492	440	579	488	501
ENSG00000156510	2	6	8	10	10	6	0	6	4	4	6	2
ENSG00000156515	4469	6757	5345	6354	7213	6157	4505	4112	4014	4611	4259	3876
ENSG00000156521	1018	1541	1175	940	956	827	814	743	759	844	792	830
ENSG00000156531	3847	6558	4532	4088	4399	3754	3510	3597	3106	3783	3556	3524
ENSG00000156535	230	589	558	723	855	832	472	620	444	598	490	388
ENSG00000156574	0	0	0	0	0	0	0	0	0	2	0	1
ENSG00000156587	216	369	277	204	204	219	213	210	171	244	207	205
ENSG00000156599	5375	8613	5731	5784	6179	5348	5122	4772	4218	5360	4540	4857
ENSG00000156603	335	532	419	326	390	364	334	329	313	320	369	335
ENSG00000156639	1928	3537	2684	2593	2650	2361	2200	2060	1805	2307	2018	1846
ENSG00000156642	1509	2482	1643	1756	1983	1637	1427	1434	1173	1541	1454	1379
ENSG00000156650	2481	4655	3115	5292	5427	4817	3552	3609	3200	3791	3252	2930
ENSG00000156671	570	1125	791	1489	1520	1358	830	914	784	942	830	706
ENSG00000156675	3655	6714	5057	6327	6602	6516	4789	4976	4076	5576	4839	4246
ENSG00000156697	668	1131	744	723	790	688	834	666	607	731	643	766
ENSG00000156709	2220	3338	2552	2148	2400	1909	1785	1613	1565	1777	1731	1859
ENSG00000156711	107	191	136	273	251	254	161	177	149	171	152	143
ENSG00000156735	4817	7563	5141	4755	5155	4407	4309	4439	3780	4750	4266	4234
ENSG00000156787	1425	2287	1611	2201	2458	2027	1501	1502	1352	1562	1435	1478
ENSG00000156795	820	1171	865	800	909	733	792	772	645	925	886	749
ENSG00000156802	14900	23744	16309	13597	14614	12726	13713	13967	12281	14599	14563	13762
ENSG00000156804	280	399	320	391	393	341	338	314	272	318	320	276
ENSG00000156831	657	1053	805	748	804	695	583	680	575	618	669	628
ENSG00000156853	775	1202	829	930	976	794	738	603	567	741	580	684
ENSG00000156858	1041	1866	1331	1106	1265	1227	1216	1082	927	1309	1205	1009
ENSG00000156860	3935	7432	5536	5428	5779	5417	4874	4342	3747	4923	4232	3793
ENSG00000156869	247	452	305	308	317	307	301	393	286	426	389	299
ENSG00000156873	1168	1810	1530	1428	1341	1283	1020	1047	910	1072	1096	930
ENSG00000156875	3474	5389	4055	3655	3959	3694	3135	2903	2634	3201	3170	2699
ENSG00000156876	1108	1691	1149	898	1076	908	988	937	846	1078	944	840
ENSG00000156886	0	1	3	1	1	0	2	2	0	1	0	0
ENSG00000156928	626	951	745	556	602	527	596	502	472	555	576	583
ENSG00000156931	1414	2370	1616	1723	1831	1749	1734	1834	1492	1914	1604	1448
ENSG00000156958	1752	2821	1980	1619	1716	1549	1558	1712	1371	1819	1614	1359
ENSG00000156959	4	5	5	0	6	3	5	4	1	6	2	4
ENSG00000156966	5982	10601	7921	10266	11178	10120	8619	7477	7319	8580	7444	6939
ENSG00000156968	1058	1824	1318	1242	1290	1165	1381	1186	1227	1415	1247	1209
ENSG00000156970	5035	7390	5189	4406	4618	3842	4363	4051	3676	4399	3961	4436
ENSG00000156973	641	1062	710	735	767	653	656	589	540	672	640	624
ENSG00000156976	11567	18846	13724	13252	14372	12825	12020	12047	10287	12448	12459	10094
ENSG00000156983	2640	4284	3085	3205	3370	3011	2819	2583	2358	3104	2678	2577
ENSG00000156990	981	1497	1343	835	842	792	868	925	717	947	938	845
ENSG00000157014	4520	7515	5750	5561	5687	5156	4883	4927	4529	5545	4980	4444
ENSG00000157017	53	120	80	76	52	70	92	95	70	118	84	104
ENSG00000157020	2808	4387	3360	3258	3331	2932	2558	2294	2076	2405	2254	2250
ENSG00000157036	736	1155	911	903	916	885	833	817	796	850	937	811
ENSG00000157045	272	357	242	556	422	598	282	287	217	180	257	269
ENSG00000157064	27	37	28	18	23	22	20	28	11	30	19	13
ENSG00000157077	185	235	177	223	224	187	181	149	159	184	142	137
ENSG00000157087	7	14	11	11	18	9	8	9	3	13	9	14
ENSG00000157103	91	186	80	92	133	128	144	124	115	153	141	119
ENSG00000157106	17796	28718	18551	22100	22498	19780	21129	23015	20000	24377	20491	19979
ENSG00000157107	198	337	217	232	155	176	146	191	123	199	194	163
ENSG00000157110	8	25	17	21	24	28	22	14	20	18	15	12
ENSG00000157150	0	0	0	2	3	2	0	4	1	0	0	0
ENSG00000157152	39	49	50	23	43	7	20	37	28	42	17	18
ENSG00000157168	105	189	134	186	158	176	192	203	206	193	165	167
ENSG00000157181	689	1182	822	835	900	686	825	883	684	835	787	670
ENSG00000157184	1734	2808	1961	1942	2065	1850	1788	1589	1370	1922	1617	1544
ENSG00000157191	1587	2756	2166	1692	1791	1633	1771	1902	1531	2120	1743	1659
ENSG00000157193	7053	10452	7187	6985	7302	6086	6116	6036	5260	6381	5499	5823
ENSG00000157211	1	1	7	3	1	3	1	0	4	6	0	0
ENSG00000157212	2706	4141	2978	2351	2588	2120	2425	2297	2063	2544	2157	2221
ENSG00000157214	200	231	173	249	239	237	235	258	253	274	246	185
ENSG00000157216	729	1150	761	689	738	606	681	643	566	669	623	597
ENSG00000157224	565	983	675	353	360	314	412	440	363	551	520	421
ENSG00000157227	12601	21427	16916	16051	16811	15921	11693	10680	9612	11922	10922	10384
ENSG00000157240	543	784	631	621	596	543	474	417	346	558	441	397
ENSG00000157259	1226	2326	1392	1507	1512	1461	1521	1625	1353	1694	1534	1331
ENSG00000157303	705	1235	985	531	517	492	780	879	735	1055	851	780
ENSG00000157315	22	32	29	32	21	32	32	36	42	27	28	32
ENSG00000157322	33	88	22	67	67	56	64	73	35	50	64	60
ENSG00000157326	255	433	371	327	362	319	240	195	169	209	215	179
ENSG00000157330	80	124	90	112	114	99	94	144	107	137	97	106
ENSG00000157335	20	27	33	25	11	21	15	21	18	30	10	11
ENSG00000157343	5	11	6	5	8	5	13	20	13	6	4	5
ENSG00000157349	821	1429	1046	905	896	973	981	966	831	1032	880	917
ENSG00000157350	1505	2468	1861	1357	1512	1327	1619	1839	1381	1884	1782	1465
ENSG00000157353	517	848	743	747	837	793	700	674	547	796	730	591
ENSG00000157368	1	3	3	1	1	1	1	1	0	2	0	0
ENSG00000157379	280	485	324	321	347	310	288	295	175	289	223	245
ENSG00000157388	329	553	381	569	580	579	464	511	428	507	448	419
ENSG00000157399	41	65	56	41	31	39	37	39	47	47	54	28
ENSG00000157404	210	417	328	330	390	326	678	606	643	661	631	467
ENSG00000157423	15	35	22	12	3	2	13	27	11	9	18	1
ENSG00000157426	806	1240	853	993	1125	955	872	840	791	986	849	834
ENSG00000157429	34	86	65	58	70	62	52	62	54	68	69	56
ENSG00000157445	166	327	202	106	90	113	232	275	232	288	291	295
ENSG00000157450	1774	3080	2120	2333	2577	2203	1960	2072	1838	2227	2053	1786
ENSG00000157456	2842	4276	3052	2848	2952	2572	2570	2471	2264	2671	2314	2384
ENSG00000157470	348	537	391	257	249	235	249	227	180	226	192	231
ENSG00000157483	872	1670	1117	868	848	851	941	967	804	1065	954	821
ENSG00000157500	4089	6828	4650	4409	4828	4268	4470	4886	4087	5401	4815	4114
ENSG00000157510	20	18	14	10	28	16	17	25	21	24	26	14
ENSG00000157514	2425	5305	4157	1820	1822	1810	1731	2344	1357	2390	2259	1285
ENSG00000157538	2832	4655	3442	3265	3621	3259	2995	2823	2421	3130	2714	2652
ENSG00000157540	8736	14349	9893	9706	10262	9096	8541	8700	7492	9305	8265	8211
ENSG00000157542	23	18	19	23	26	23	34	17	31	20	20	19
ENSG00000157551	591	986	407	886	783	697	796	951	871	967	669	870
ENSG00000157554	3	13	10	18	9	11	10	4	7	9	13	9
ENSG00000157557	6033	10949	8191	10528	11186	9639	8091	7531	6922	8197	7389	6719
ENSG00000157570	1	4	0	0	1	1	0	3	0	1	0	2
ENSG00000157578	83	155	92	129	158	134	119	156	136	153	142	116
ENSG00000157593	1527	2287	1627	1615	1668	1463	1348	1323	1187	1460	1252	1164
ENSG00000157600	4621	7236	5163	3849	4042	3640	4247	4337	3536	5030	4333	4030
ENSG00000157601	31	56	63	33	49	28	41	80	36	58	57	45
ENSG00000157613	6	4	5	7	13	6	3	1	2	1	3	0
ENSG00000157617	776	1506	1025	961	1042	940	1094	1086	903	1137	940	928
ENSG00000157625	1646	2748	1822	1852	1932	1696	1742	1718	1455	1797	1547	1584
ENSG00000157637	11063	17757	14637	12219	13360	12177	9414	9490	8316	10548	9728	8823
ENSG00000157653	16	13	9	18	17	14	10	16	17	17	12	16
ENSG00000157654	10136	16562	10765	9993	10677	9222	9778	9325	8232	10380	8735	8698
ENSG00000157657	4718	7215	5091	5910	6175	5271	5082	4889	4517	5200	4433	4549
ENSG00000157680	5	4	4	2	5	2	1	8	1	6	5	2
ENSG00000157693	729	1305	1034	1116	1253	1021	774	784	712	813	687	775
ENSG00000157703	1	0	0	1	0	1	0	2	1	6	0	3
ENSG00000157734	234	394	280	220	224	205	185	154	154	163	185	140
ENSG00000157741	3547	5845	3828	3915	4160	3819	4176	4519	3576	4864	4148	3774
ENSG00000157764	3416	5482	3596	3831	3986	3619	3716	3888	3243	4047	3543	3269
ENSG00000157766	0	4	1	0	0	2	2	6	0	1	2	1
ENSG00000157778	904	1367	1085	927	886	728	725	692	603	776	656	715
ENSG00000157782	7	42	22	33	42	37	28	39	18	39	24	19
ENSG00000157796	697	1102	771	644	684	578	632	592	528	614	615	542
ENSG00000157800	75	172	105	170	214	169	142	187	151	209	147	160
ENSG00000157823	590	1016	761	661	721	631	613	592	563	747	609	600
ENSG00000157827	18	12	16	44	17	25	8	10	13	11	10	13
ENSG00000157833	612	1057	784	617	697	588	627	648	547	694	608	553
ENSG00000157837	1526	2424	1755	2055	1993	1982	1636	1515	1444	1854	1357	1418
ENSG00000157851	4	14	4	6	8	5	7	5	4	6	15	7
ENSG00000157856	0	0	5	0	0	1	1	1	0	0	0	2
ENSG00000157869	603	946	772	609	622	525	546	590	484	623	634	507
ENSG00000157881	0	193	247	154	115	161	72	213	137	0	82	0
ENSG00000157890	2	3	7	5	0	3	6	1	6	2	6	1
ENSG00000157895	605	883	708	659	672	583	563	531	505	589	516	526
ENSG00000157911	575	934	739	614	647	589	544	483	429	560	453	510
ENSG00000157916	2900	4885	3534	3524	3599	3172	2991	2846	2686	3184	3029	2711
ENSG00000157927	309	527	455	448	425	388	431	424	361	393	402	364
ENSG00000157933	6321	10702	7905	7902	8322	7803	7031	6891	5888	7786	6723	6281
ENSG00000157954	3589	5792	4250	4124	4580	3781	3421	3264	2896	3534	3166	3233
ENSG00000157978	1220	1883	1594	910	1002	894	1063	1114	871	1240	1174	1126
ENSG00000157985	15	10	9	26	21	23	17	27	21	13	12	18
ENSG00000157992	26	36	48	40	39	36	36	48	28	40	31	27
ENSG00000157999	4	14	9	10	10	2	5	3	1	2	5	1
ENSG00000158006	574	944	698	833	815	805	646	641	576	770	620	618
ENSG00000158008	2	3	0	20	10	9	10	9	4	12	2	5
ENSG00000158014	11	32	42	40	28	28	34	44	44	57	48	38
ENSG00000158019	1503	2611	1811	1583	1752	1557	1358	1542	1331	1699	1435	1398
ENSG00000158023	128	287	193	194	197	216	186	276	184	287	258	180
ENSG00000158042	1221	1754	1405	1070	1174	968	1152	1073	912	1112	1122	1057
ENSG00000158050	424	672	627	342	344	335	381	417	316	444	469	351
ENSG00000158055	2	3	2	2	0	0	0	0	1	4	2	0
ENSG00000158062	1282	2316	1965	1575	1572	1448	1339	1423	1046	1598	1452	1217
ENSG00000158079	455	802	507	585	584	504	542	556	525	650	577	519
ENSG00000158089	0	1	1	0	2	0	1	1	4	1	0	0
ENSG00000158092	1153	1967	1508	1326	1411	1223	1183	1190	963	1309	1202	1043
ENSG00000158104	182	275	227	346	353	306	332	270	255	293	317	225
ENSG00000158106	738	1070	904	546	586	490	670	664	593	761	714	553
ENSG00000158109	1826	3014	2111	1799	1973	1710	1647	1856	1576	2061	1646	1757
ENSG00000158113	4	7	5	5	2	1	2	2	5	3	10	3
ENSG00000158122	1290	2112	1400	1446	1518	1386	1203	1274	1060	1340	1210	1145
ENSG00000158156	208	270	263	233	279	242	215	211	186	229	223	196
ENSG00000158158	467	846	599	618	665	620	545	562	482	595	577	493
ENSG00000158161	3487	5618	3886	3583	3657	3341	2886	2709	2564	2995	2705	2698
ENSG00000158163	14	19	12	13	9	8	17	24	4	20	7	13
ENSG00000158169	1189	1560	1291	1191	1179	1133	1085	1036	904	1152	1122	1059
ENSG00000158186	1691	2346	1796	2269	2318	2038	1428	1360	1304	1496	1268	1316
ENSG00000158195	10277	17795	13146	11546	12572	11094	11034	10839	9171	12293	10861	10211
ENSG00000158201	1044	1534	1031	1304	1445	1259	929	870	699	952	806	803
ENSG00000158220	164	220	156	217	184	149	165	178	154	175	155	173
ENSG00000158234	131	180	115	115	109	105	101	82	83	88	63	96
ENSG00000158246	82	150	122	74	95	120	96	125	113	119	118	93
ENSG00000158258	4442	7154	4672	1929	1960	1613	3265	4323	2956	4968	4125	4422
ENSG00000158270	232	388	252	335	309	278	316	362	305	336	357	284
ENSG00000158286	216	324	269	323	298	286	375	372	348	402	333	295
ENSG00000158290	3985	7392	4954	4874	5289	4692	4632	4671	3968	5010	4730	4231
ENSG00000158292	654	882	624	588	634	548	445	447	372	530	467	452
ENSG00000158296	554	1052	829	149	182	159	350	349	230	421	342	379
ENSG00000158301	74	132	105	151	134	124	130	99	91	127	116	96
ENSG00000158315	19	46	33	44	35	26	37	51	57	49	24	27
ENSG00000158321	103	165	92	755	832	739	212	164	179	151	152	166
ENSG00000158352	41	69	45	50	37	60	57	52	68	46	52	40
ENSG00000158373	6365	10683	6472	7647	8217	7258	7375	6607	5675	7327	5553	6525
ENSG00000158402	655	981	774	564	640	556	619	560	503	626	645	533
ENSG00000158406	12333	20431	17206	14064	15514	13864	12333	11126	10200	12165	12744	11778
ENSG00000158411	501	863	596	483	488	440	535	624	479	648	617	534
ENSG00000158417	4967	7254	5203	4319	4531	3788	3929	3737	3468	4013	3833	3956
ENSG00000158423	10	1	2	3	4	8	7	9	9	7	5	9
ENSG00000158427	1	8	0	8	6	5	4	7	2	6	12	5
ENSG00000158428	7	9	9	3	16	16	10	6	7	12	9	27
ENSG00000158435	2959	4604	3810	3135	3213	3065	2688	2672	2305	2953	2871	2573
ENSG00000158445	417	696	236	520	527	512	539	719	527	663	550	498
ENSG00000158457	66	101	69	134	149	133	41	55	36	43	41	38
ENSG00000158458	0	0	2	0	0	0	2	1	0	1	1	0
ENSG00000158467	602	1069	789	861	941	856	720	721	654	814	664	660
ENSG00000158470	4832	7386	5302	3894	4125	3537	5067	4930	4295	5372	4942	4331
ENSG00000158473	126	204	172	330	342	326	308	271	301	257	273	209
ENSG00000158477	2	2	1	139	149	93	16	3	3	2	6	10
ENSG00000158480	472	853	522	534	631	544	457	536	464	580	445	438
ENSG00000158481	2	0	4	54	51	57	6	4	3	8	4	7
ENSG00000158483	280	470	267	327	334	252	262	215	193	261	166	222
ENSG00000158485	0	1	0	3	2	1	0	0	0	0	0	0
ENSG00000158486	9	13	4	2	2	4	3	6	8	11	13	7
ENSG00000158488	1	0	0	3	6	5	1	0	0	0	0	1
ENSG00000158497	1	0	0	2	3	1	1	2	0	0	1	1
ENSG00000158517	192	674	491	1154	1124	1224	1062	888	866	965	801	470
ENSG00000158526	676	1011	753	725	769	656	742	607	583	683	643	602
ENSG00000158545	2587	3931	3042	2994	3023	2520	2509	2339	2124	2505	2090	2212
ENSG00000158552	686	1203	1001	753	798	701	754	758	575	855	756	687
ENSG00000158555	535	907	716	647	560	530	517	501	460	582	476	476
ENSG00000158571	4	5	15	9	11	6	5	2	7	9	5	9
ENSG00000158604	2491	4093	3042	2869	3071	2779	2524	2520	2297	2737	2565	2342
ENSG00000158615	7750	12562	8672	8088	8628	7867	7264	6829	5960	7237	6836	7263
ENSG00000158623	3952	6202	4695	4290	4829	4278	3531	3462	3222	3876	3412	3393
ENSG00000158636	1583	2490	1504	1577	1626	1472	1455	1580	1325	1636	1336	1289
ENSG00000158669	3852	6209	4623	4410	4600	4269	3652	3499	3195	3936	3564	3253
ENSG00000158683	17	64	28	45	25	46	35	50	38	37	38	35
ENSG00000158691	489	761	551	574	528	526	584	507	476	582	545	558
ENSG00000158710	13596	21951	17810	15809	17215	15724	15044	13817	12489	15468	14475	12699
ENSG00000158711	5474	8539	5641	6072	6658	5829	5501	5520	4944	5917	5100	5279
ENSG00000158714	52	67	47	22	11	16	55	44	35	55	34	40
ENSG00000158715	484	1034	710	409	438	438	755	951	578	983	889	603
ENSG00000158716	177	398	270	200	247	198	210	185	176	236	192	166
ENSG00000158717	2384	3724	2771	2658	2784	2485	2491	2229	2116	2606	2076	2340
ENSG00000158747	133	215	180	155	152	138	120	101	106	151	114	98
ENSG00000158748	1	5	3	4	4	0	4	1	3	5	4	3
ENSG00000158769	491	869	744	425	459	442	617	730	566	821	851	555
ENSG00000158773	1461	2389	1863	1885	1995	1677	1791	1569	1463	1750	1581	1434
ENSG00000158786	7	7	6	4	11	4	4	10	12	13	8	8
ENSG00000158792	371	717	583	384	391	405	369	420	311	447	458	361
ENSG00000158793	440	773	628	590	559	543	426	529	432	605	572	441
ENSG00000158796	1262	2136	1464	1205	1394	1210	1235	1195	1090	1357	1268	1105
ENSG00000158805	3240	5373	4081	3831	3904	3539	3488	3572	3085	3727	3296	3039
ENSG00000158806	30	80	47	52	41	31	54	56	46	71	40	49
ENSG00000158813	2	1	1	0	1	0	2	1	0	1	2	0
ENSG00000158815	10	16	16	11	19	17	28	29	20	17	23	26
ENSG00000158816	48	85	65	99	89	75	91	114	90	95	101	87
ENSG00000158825	8	33	19	5	8	3	19	13	8	31	22	20
ENSG00000158828	1428	2278	1803	1191	1344	1106	1462	1456	1132	1609	1371	1447
ENSG00000158850	1030	1669	1276	1073	1093	957	1005	1035	831	1093	959	1006
ENSG00000158856	0	0	4	1	2	2	3	3	3	1	4	0
ENSG00000158859	283	473	346	420	408	335	385	389	404	467	308	358
ENSG00000158863	1123	1910	1444	1527	1438	1266	1267	1182	961	1226	1069	1087
ENSG00000158864	5040	8089	6228	5666	6120	5340	5080	4749	4277	5373	5220	4797
ENSG00000158865	0	2	1	0	0	0	5	1	4	1	0	1
ENSG00000158869	300	530	408	541	667	553	462	429	373	516	513	397
ENSG00000158874	0	2	0	0	0	2	0	0	0	1	0	5
ENSG00000158882	823	1373	1048	825	871	808	661	623	532	755	646	659
ENSG00000158901	29	65	23	37	55	39	54	63	26	33	37	39
ENSG00000158941	9561	15081	11401	11290	11890	10271	9002	7895	7577	9164	7829	8400
ENSG00000158955	16	18	19	20	21	22	21	32	14	22	24	23
ENSG00000158966	1	2	11	8	12	4	2	0	0	0	1	2
ENSG00000158985	6720	11505	7892	9262	10084	9395	8112	7740	7034	8698	7276	6599
ENSG00000158987	4728	8044	5401	5396	5587	4966	4415	4954	3857	5320	4621	4290
ENSG00000159023	5182	8721	5953	6194	6423	5419	5293	5576	4565	6005	5025	5084
ENSG00000159055	981	1549	1031	781	843	789	821	858	747	926	845	785
ENSG00000159063	2444	3875	2610	2669	2707	2371	2313	2211	1873	2431	2022	2058
ENSG00000159069	3428	5979	4772	4290	4608	4113	3510	3309	3024	3629	3278	3178
ENSG00000159079	681	1176	875	797	813	657	919	816	740	852	788	773
ENSG00000159082	1100	1680	1206	1175	1202	1111	1120	1076	1043	1266	1158	1070
ENSG00000159086	3568	5586	3852	4032	4399	3737	3701	3630	3250	3769	3464	3336
ENSG00000159110	3531	6006	4494	5601	6406	5787	4553	4271	4041	4808	4396	3908
ENSG00000159111	980	1666	1317	1251	1363	1185	946	975	902	1075	1073	964
ENSG00000159128	724	1484	1400	1462	1428	1490	1169	1081	903	1234	1186	892
ENSG00000159131	8225	12127	8928	7487	8082	6436	6578	6263	5764	6705	6356	6398
ENSG00000159140	34812	54619	41010	39635	42134	36728	34319	32207	30076	35604	33548	31357
ENSG00000159147	1390	2175	1574	1511	1626	1348	1093	1043	983	1218	988	1042
ENSG00000159164	273	656	368	258	289	262	377	344	253	385	347	308
ENSG00000159173	47	57	45	63	54	41	60	74	70	75	57	56
ENSG00000159176	3375	5891	4463	4187	4389	3666	3532	3329	2966	3670	3419	3063
ENSG00000159182	0	0	0	0	2	0	0	3	0	0	0	0
ENSG00000159184	0	1	1	4	2	1	1	2	1	5	4	0
ENSG00000159189	0	1	0	0	0	4	5	0	1	1	0	0
ENSG00000159197	0	3	0	3	0	1	4	0	1	0	0	0
ENSG00000159199	1207	1935	1322	1176	1283	1074	1179	996	905	1093	1102	1014
ENSG00000159200	1738	2496	2101	1270	1493	1103	1289	1316	1084	1494	1385	1387
ENSG00000159202	3016	5203	4151	3733	3900	3561	3121	2860	2478	3441	3034	2680
ENSG00000159208	32	49	24	34	32	18	35	37	24	43	50	28
ENSG00000159210	1267	2075	1775	1668	1768	1401	1512	1376	1322	1438	1332	1395
ENSG00000159212	4	9	6	5	8	7	7	2	9	6	1	6
ENSG00000159214	66	107	85	103	91	81	67	81	70	83	84	67
ENSG00000159216	27063	45988	30212	29360	31155	29186	25693	25975	21697	28854	24107	23752
ENSG00000159217	5039	7962	5482	5588	5770	4897	5233	4779	4383	5455	4756	4630
ENSG00000159228	522	797	720	454	521	441	481	433	387	491	477	470
ENSG00000159231	62	86	99	139	155	106	72	68	64	83	98	65
ENSG00000159239	77	167	86	136	119	124	153	148	105	142	106	125
ENSG00000159256	3146	5225	3718	3299	3598	3264	3366	3351	3003	3771	3408	3144
ENSG00000159259	1703	2445	1839	1497	1639	1388	1508	1378	1246	1543	1561	1322
ENSG00000159263	0	0	6	3	7	1	3	2	6	3	1	0
ENSG00000159267	1339	2243	1520	1886	2065	1813	1305	1232	1181	1410	1173	1173
ENSG00000159289	1	7	2	7	8	6	1	6	1	3	6	2
ENSG00000159307	1762	2774	1980	2798	2775	2540	2347	2286	1989	2496	2058	1882
ENSG00000159322	6216	10169	7348	7452	7771	6948	6925	6873	6181	7746	7097	6337
ENSG00000159335	87	189	166	178	176	161	144	89	95	109	112	85
ENSG00000159339	15	32	13	11	11	8	23	13	30	13	27	7
ENSG00000159346	2355	4093	2938	2759	2945	2731	2581	2617	2275	2959	2590	2347
ENSG00000159348	516	928	689	600	691	585	558	574	439	659	546	482
ENSG00000159352	3244	5340	4403	3714	3914	3469	3280	3040	2785	3195	3331	3006
ENSG00000159363	622	1043	803	700	661	614	773	681	626	797	736	710
ENSG00000159374	10	14	22	4	10	11	12	28	12	19	7	17
ENSG00000159377	4709	7417	5693	5691	6070	5256	4537	4273	3842	4656	4421	4113
ENSG00000159388	1093	2554	1889	1793	1825	1725	1432	1542	1072	1593	1426	1087
ENSG00000159399	9971	17698	13504	15200	16751	15742	11971	12741	10756	14362	12709	8634
ENSG00000159403	50	86	57	58	42	68	46	69	64	70	42	55
ENSG00000159409	3	5	4	2	3	5	3	1	2	4	0	0
ENSG00000159423	1212	2012	1489	1062	1184	971	1447	1368	1161	1606	1427	1286
ENSG00000159433	880	1545	987	1259	1205	1102	1375	1523	1245	1537	1262	1116
ENSG00000159445	807	1244	865	862	1119	857	926	854	750	944	797	862
ENSG00000159450	0	1	1	0	2	0	2	1	1	4	2	1
ENSG00000159459	1619	2563	1848	1628	1807	1625	1456	1544	1450	1670	1544	1521
ENSG00000159461	2613	3939	3199	3111	3532	3185	2265	2177	2095	2504	2370	2240
ENSG00000159479	848	1407	1113	1004	1081	975	883	750	745	927	815	789
ENSG00000159495	0	0	0	2	0	0	0	0	2	0	3	0
ENSG00000159496	44	55	37	30	37	41	30	39	27	30	13	29
ENSG00000159556	406	667	565	386	464	384	412	381	378	404	353	385
ENSG00000159579	2611	4322	3180	2870	3008	2816	2704	2730	2442	3018	2707	2404
ENSG00000159588	87	155	110	139	138	125	162	164	130	147	149	121
ENSG00000159592	7922	12679	8777	7974	8227	7797	7886	7899	6591	8680	7394	7201
ENSG00000159593	3328	5083	3684	2877	3335	2644	2855	2561	2455	2916	2902	2824
ENSG00000159596	1288	2166	1533	1385	1556	1361	1183	1131	1049	1307	1114	1130
ENSG00000159618	2668	4767	3340	3892	4086	3761	3784	3575	3295	3818	3119	3054
ENSG00000159625	30	86	82	40	30	37	49	41	42	48	49	31
ENSG00000159640	73	117	76	36	50	34	61	80	49	84	73	68
ENSG00000159648	0	5	0	3	0	0	1	0	0	0	1	1
ENSG00000159650	4	3	2	0	1	1	2	1	0	3	0	0
ENSG00000159658	4392	7011	4982	4322	4560	3932	4382	4290	3627	4849	4284	3980
ENSG00000159674	1941	4010	2907	1690	1745	1704	2371	2498	1964	2827	2595	2064
ENSG00000159685	85	134	86	105	91	89	79	78	76	87	69	74
ENSG00000159692	9437	15028	12126	10157	10542	9383	8974	8706	7961	9945	8899	8172
ENSG00000159708	5	21	8	10	16	0	9	6	9	6	8	2
ENSG00000159713	2	2	3	1	2	4	2	3	5	2	2	1
ENSG00000159714	1	10	4	12	10	14	10	4	3	6	5	3
ENSG00000159720	2502	3583	2975	2972	3036	2637	2366	2159	1994	2468	2169	2202
ENSG00000159723	0	3	3	0	7	0	4	0	3	1	0	3
ENSG00000159733	72	127	101	169	167	163	123	113	84	140	105	93
ENSG00000159753	121	207	159	104	98	111	175	164	107	218	188	111
ENSG00000159761	211	329	321	184	217	260	159	163	130	164	189	134
ENSG00000159784	42	73	70	47	35	31	24	32	22	47	44	31
ENSG00000159788	1139	2012	1547	2232	2158	1996	1676	1553	1480	1708	1427	1323
ENSG00000159792	1203	1897	1478	1329	1466	1377	1109	1119	982	1267	1091	1083
ENSG00000159840	5821	10935	7679	6883	7183	6824	7318	6897	5633	8268	6797	6051
ENSG00000159842	6204	10584	7250	9111	9276	8928	7277	6554	6088	7211	6672	6196
ENSG00000159871	21	32	28	19	29	15	30	27	30	35	15	30
ENSG00000159873	4987	7674	5624	5813	6660	5517	4362	3885	3710	4260	4362	3827
ENSG00000159882	703	1210	896	711	744	643	1095	1040	962	1155	1023	860
ENSG00000159884	334	574	437	319	364	334	276	321	247	327	315	299
ENSG00000159885	136	228	175	149	124	121	148	145	156	160	147	140
ENSG00000159899	0	1	2	1	0	0	1	6	0	0	0	3
ENSG00000159905	461	941	555	498	562	499	704	750	611	838	667	599
ENSG00000159915	14	28	12	19	17	23	42	35	29	22	15	36
ENSG00000159917	198	327	174	196	172	222	258	325	232	378	245	255
ENSG00000159921	3211	5796	4052	3359	3702	3252	3312	3649	2920	3669	3447	3095
ENSG00000159958	201	350	225	249	233	175	245	268	217	260	235	215
ENSG00000159961	15	33	32	45	36	29	40	35	53	48	25	34
ENSG00000160007	12241	19817	14357	14104	14837	13388	12090	11628	10095	12874	11393	11131
ENSG00000160013	522	980	760	570	577	576	603	658	508	716	669	427
ENSG00000160014	12609	20773	16166	13860	15245	13814	14104	13124	11475	14828	13217	12190
ENSG00000160049	2587	4123	2957	2882	3146	2549	2791	2558	2284	2752	2644	2320
ENSG00000160050	168	239	197	149	178	176	172	147	129	161	143	165
ENSG00000160051	122	174	123	86	110	76	96	91	94	133	106	76
ENSG00000160055	213	414	312	259	273	290	250	316	242	321	251	272
ENSG00000160058	1252	2154	1731	1601	1654	1458	1424	1477	1338	1646	1446	1253
ENSG00000160062	449	788	552	702	616	648	632	724	623	736	715	651
ENSG00000160072	2489	3796	2953	2563	2694	2220	1984	1757	1805	2041	1866	1974
ENSG00000160075	3862	5798	4434	4322	4597	3899	3867	3472	3239	4001	3627	3577
ENSG00000160087	1761	2683	2123	1967	2099	1804	1730	1577	1438	1730	1577	1480
ENSG00000160094	825	1419	1011	1173	1279	1087	1017	886	815	978	862	837
ENSG00000160097	0	5	2	0	1	1	0	0	0	1	0	1
ENSG00000160111	70	188	116	107	101	143	108	108	95	128	94	54
ENSG00000160113	1630	2725	2320	1533	1622	1560	1557	1491	1338	1805	1767	1524
ENSG00000160117	3012	4166	3403	2732	2860	2399	2728	2569	2409	3012	2632	2562
ENSG00000160124	136	228	205	127	120	93	140	124	105	135	119	94
ENSG00000160131	8881	13463	9069	8446	9496	8110	7334	7234	6453	7803	7448	7211
ENSG00000160145	3	4	1	5	1	2	5	6	1	5	8	6
ENSG00000160161	122	208	132	35	39	26	82	115	65	128	132	100
ENSG00000160179	11	13	16	2	6	3	7	4	10	11	12	12
ENSG00000160183	7	5	2	2	3	4	10	9	6	11	7	0
ENSG00000160185	1	0	0	0	1	0	0	0	1	0	0	0
ENSG00000160188	4	6	4	3	11	8	4	5	15	14	8	5
ENSG00000160190	594	1003	774	792	766	739	618	679	579	822	698	660
ENSG00000160191	7	16	12	37	33	20	14	11	10	18	16	4
ENSG00000160193	1381	1933	1462	1283	1332	1114	1143	1074	983	1169	1089	1112
ENSG00000160194	2312	3717	2748	2512	2772	2418	2537	2468	2181	2572	2446	2217
ENSG00000160199	1758	2847	2012	2120	2271	2002	1946	1835	1731	1995	1879	1825
ENSG00000160200	774	1194	891	495	508	454	417	337	333	520	336	469
ENSG00000160201	3349	5638	3794	4141	4000	3743	3686	3751	3300	3996	3659	3095
ENSG00000160207	26	29	22	24	31	34	32	25	22	23	19	19
ENSG00000160208	4738	7029	255	5583	5766	4861	4290	3691	3743	4253	3586	4068
ENSG00000160209	6839	11105	8683	6733	7292	6990	7322	7493	6368	8331	7557	6524
ENSG00000160211	2347	4162	2810	2736	2831	2611	2472	2237	2011	2780	2179	2332
ENSG00000160213	442	749	529	497	550	552	480	480	342	512	456	363
ENSG00000160214	1712	2659	365	1684	1792	1526	1674	1579	1554	1723	1618	1648
ENSG00000160216	5889	9018	6734	6567	6889	6255	5992	5339	4920	6263	5399	5249
ENSG00000160218	3736	5454	4059	4769	5045	4234	3493	3356	3016	3439	3210	3205
ENSG00000160219	1199	2047	1370	1271	1297	1223	1174	1248	1011	1352	1115	1086
ENSG00000160221	336	502	464	318	339	325	336	334	330	414	354	297
ENSG00000160223	1434	2592	1946	1623	1694	1603	1725	1860	1462	1993	1751	1576
ENSG00000160224	0	1	1	1	1	1	0	1	0	1	1	0
ENSG00000160226	869	1606	1234	1012	1053	1049	885	890	793	1012	907	775
ENSG00000160229	1980	3441	962	2890	2704	2537	2819	3461	2756	3393	2554	2705
ENSG00000160233	426	712	641	427	445	404	438	490	442	587	523	488
ENSG00000160255	9432	18045	12872	13253	14349	14125	13236	12315	11137	14538	12145	10571
ENSG00000160256	227	373	300	276	285	223	232	233	194	252	237	196
ENSG00000160271	2219	3802	2826	2461	2460	2349	2486	2409	2034	2717	2223	1935
ENSG00000160282	9	54	26	6	9	5	5	13	13	16	23	16
ENSG00000160284	469	907	841	636	481	462	460	436	348	551	587	461
ENSG00000160285	12812	23829	18502	8723	8902	9023	11772	13122	9316	15145	13207	12685
ENSG00000160293	2782	4521	3561	3102	3260	3095	2853	2750	2399	3184	2774	2512
ENSG00000160294	7535	11643	8857	9752	10391	9166	7692	7407	6796	8087	7407	6917
ENSG00000160298	1852	2646	2161	1790	1947	1671	1777	1837	1578	2104	1777	1705
ENSG00000160299	6454	10125	7711	7541	7700	6713	6962	6460	6229	7096	6826	6567
ENSG00000160305	2689	4475	3281	2995	3094	2817	3283	3318	2777	3623	3354	2856
ENSG00000160307	37	83	54	35	49	40	52	46	36	37	37	36
ENSG00000160310	1307	2278	1891	1582	1581	1533	1536	1678	1313	1912	1610	1450
ENSG00000160318	24	34	25	40	29	50	35	33	25	27	47	16
ENSG00000160321	23	29	29	23	31	23	41	28	22	43	21	37
ENSG00000160326	475	725	592	477	489	520	396	406	371	410	402	361
ENSG00000160336	863	1660	1026	1080	1160	980	1163	1244	1202	1298	1285	1091
ENSG00000160345	69	133	92	85	116	84	83	65	77	91	46	72
ENSG00000160352	3026	4942	3403	4286	4692	3818	3418	3628	3216	3806	3503	3249
ENSG00000160360	1167	2083	1564	1040	1029	955	1105	1172	1007	1315	1043	981
ENSG00000160392	721	1185	851	913	980	832	847	820	727	980	821	806
ENSG00000160396	1	0	2	0	7	0	1	1	1	2	0	3
ENSG00000160401	68	109	66	103	89	80	94	107	84	96	95	87
ENSG00000160404	1009	1789	1320	1112	1284	1084	988	907	771	991	976	818
ENSG00000160408	526	1060	757	651	598	627	764	771	569	795	759	654
ENSG00000160410	5218	8346	6254	6994	7466	6451	5420	4838	4606	5467	4900	4701
ENSG00000160439	516	614	649	492	547	422	389	529	454	534	358	422
ENSG00000160445	1087	1887	1407	1300	1429	1308	1262	1290	1158	1541	1299	1175
ENSG00000160446	806	1391	1213	1034	1001	983	869	820	663	1015	945	799
ENSG00000160447	742	1039	903	534	582	475	511	567	481	713	628	516
ENSG00000160460	8	30	20	17	7	17	14	20	10	17	14	16
ENSG00000160469	41	103	78	69	47	45	57	58	52	113	68	57
ENSG00000160471	177	309	252	273	296	256	316	326	311	318	273	280
ENSG00000160505	14	28	20	83	78	66	31	17	17	21	25	30
ENSG00000160539	202	298	239	211	223	198	196	199	151	191	159	138
ENSG00000160551	11394	18979	12899	13464	14204	12883	12039	12292	10582	13258	11603	11284
ENSG00000160563	640	916	749	713	830	657	590	493	563	581	639	571
ENSG00000160570	872	1708	1324	891	1031	978	1053	1073	863	1185	955	888
ENSG00000160584	2006	3268	2203	1910	1865	1661	1875	1955	1641	2158	1887	1785
ENSG00000160588	295	572	452	397	382	418	437	552	400	550	480	447
ENSG00000160593	234	496	367	719	790	745	824	879	765	994	857	585
ENSG00000160602	203	431	287	304	278	284	278	284	225	286	290	276
ENSG00000160606	92	129	99	59	74	54	69	74	55	73	57	48
ENSG00000160613	2966	4687	3464	4065	3987	3537	3547	3602	3302	3731	3335	3239
ENSG00000160633	3240	4878	3710	3529	3569	3061	3035	2923	2527	3036	2823	2845
ENSG00000160654	40	65	43	73	58	53	51	68	64	72	67	60
ENSG00000160678	4	11	7	2	4	3	4	1	5	6	7	2
ENSG00000160679	3403	5535	4297	4148	4397	3896	3716	3515	3228	3740	3383	3453
ENSG00000160683	11	20	22	14	19	27	24	6	18	15	8	10
ENSG00000160685	2893	5381	4112	2615	2789	2767	3224	3366	2598	3862	3712	2937
ENSG00000160688	1307	2002	1649	1600	1535	1349	1242	1143	1061	1254	1101	1162
ENSG00000160691	2718	4459	3292	3155	3087	2767	2938	2686	2472	3101	2653	2630
ENSG00000160695	1929	3137	2476	2182	2325	2110	2063	1988	1694	2238	1918	1772
ENSG00000160703	952	1486	1311	1126	1159	1001	1036	967	930	1139	1075	942
ENSG00000160710	13473	20595	14514	16599	17477	15118	12752	11455	11060	12901	11399	11589
ENSG00000160712	3531	5550	4078	2468	2684	2324	3428	3666	2920	3997	3552	3474
ENSG00000160714	2271	3486	2663	2464	2684	2353	2371	2232	1970	2414	2257	2030
ENSG00000160716	4	5	7	5	7	8	8	6	2	5	4	7
ENSG00000160741	669	1147	832	886	797	659	692	677	586	745	646	570
ENSG00000160746	290	562	384	349	360	331	302	269	296	325	270	291
ENSG00000160752	9619	17747	12773	7167	7242	6882	7529	8111	5917	8737	8059	7975
ENSG00000160753	922	1469	1140	931	1084	920	1029	871	732	1015	911	850
ENSG00000160767	975	862	1096	197	359	0	227	149	22	484	647	26
ENSG00000160781	136	226	183	226	254	197	139	149	129	154	122	125
ENSG00000160783	1351	2362	1949	1771	1878	1648	1583	1419	1287	1683	1549	1365
ENSG00000160785	1788	2768	1887	2290	2210	1975	1812	1600	1541	1825	1581	1697
ENSG00000160789	5728	10180	8250	11549	11945	11383	6191	6186	5341	6723	6205	5605
ENSG00000160791	132	249	166	597	604	626	359	264	313	314	247	221
ENSG00000160796	6058	9443	7430	9873	9953	9562	8142	7794	7186	8493	7601	6844
ENSG00000160799	924	1531	1233	1376	1471	1285	1034	867	873	1051	978	876
ENSG00000160803	2394	3395	2481	2651	2876	2299	2091	1737	1729	2084	1683	1937
ENSG00000160808	5	10	15	16	11	7	9	4	5	8	12	7
ENSG00000160813	570	964	828	611	696	612	672	568	482	631	636	494
ENSG00000160818	616	785	592	627	631	523	530	456	432	477	465	472
ENSG00000160867	86	193	158	97	95	78	79	86	51	80	89	79
ENSG00000160877	3828	6297	4924	4418	4682	4182	4001	3613	3230	4070	3638	3430
ENSG00000160883	197	451	354	215	242	283	396	465	362	551	408	321
ENSG00000160886	13	19	17	4	16	9	26	21	9	15	18	11
ENSG00000160888	4212	8128	6576	4226	4487	4132	4050	4289	3314	4670	4466	3335
ENSG00000160908	1592	2632	1947	1995	1992	1863	1829	1933	1612	2116	1759	1635
ENSG00000160917	1703	2375	1818	1624	1646	1473	1362	1246	1154	1554	1396	1339
ENSG00000160932	15	0	0	0	0	0	0	0	0	0	0	0
ENSG00000160948	52	138	98	103	60	102	147	84	66	141	110	106
ENSG00000160949	5335	7638	6261	4702	4954	4027	5287	4901	4485	5455	4798	4822
ENSG00000160951	47	116	82	81	97	81	69	57	47	71	55	51
ENSG00000160953	5477	7931	6669	6384	6966	5904	5380	4877	4551	5245	5137	4907
ENSG00000160957	5424	7618	6115	5127	5462	4704	4464	4085	3813	4749	4236	4064
ENSG00000160959	2700	4169	3334	2997	3092	2660	2303	2366	2220	2533	2330	2226
ENSG00000160961	1567	2695	2009	1844	1944	1667	2015	1968	1701	2151	2103	1812
ENSG00000160963	7	9	10	5	13	12	6	1	4	6	5	6
ENSG00000160972	1467	2347	1901	1367	1308	1152	1298	1301	1110	1376	1335	1239
ENSG00000160973	37	85	65	34	54	33	32	40	35	39	28	25
ENSG00000160991	2983	4759	3610	3504	3676	3395	3162	3024	2817	3152	2963	2834
ENSG00000160993	386	641	503	419	431	424	365	321	318	393	341	326
ENSG00000160999	742	1233	1038	866	914	876	733	768	591	859	816	659
ENSG00000161010	1413	2440	1756	1689	1726	1578	1849	2044	1695	1953	1837	1642
ENSG00000161011	4175	7968	6718	4686	5023	4779	4494	5195	3783	5460	5278	4230
ENSG00000161013	3210	4926	4112	2236	2380	2235	2560	2694	2242	3010	2692	2519
ENSG00000161016	26935	45909	34971	31480	32993	29474	29896	26273	23527	30442	27131	24636
ENSG00000161021	4	4	2	4	6	4	2	4	7	14	44	18
ENSG00000161036	751	1101	915	752	781	613	635	536	543	648	628	648
ENSG00000161040	178	364	254	151	168	137	226	292	202	334	353	221
ENSG00000161048	378	585	391	393	423	336	533	542	511	605	525	489
ENSG00000161055	8	10	6	3	0	5	1	4	2	3	6	2
ENSG00000161057	2796	4475	3438	2947	3174	2702	2732	2531	2271	2635	2685	2494
ENSG00000161082	4	5	8	8	22	12	8	9	10	12	4	10
ENSG00000161091	4362	7056	5948	5347	5583	5096	4233	4237	3676	4482	4265	3837
ENSG00000161133	122	219	206	87	86	85	145	133	98	124	141	123
ENSG00000161179	1784	2717	2321	1780	1971	1724	1456	1492	1331	1658	1679	1409
ENSG00000161180	35	78	60	58	50	57	37	43	28	51	38	26
ENSG00000161202	1689	2967	2069	2242	2440	2191	1893	1682	1590	1817	1467	1592
ENSG00000161203	7999	12895	9192	8778	9576	8388	7532	6991	6424	8218	7110	6950
ENSG00000161204	1586	2426	1995	1775	1929	1789	1613	1429	1312	1696	1558	1450
ENSG00000161217	2680	4250	3232	3032	3242	2734	2860	2939	2430	3276	2941	2802
ENSG00000161243	192	308	236	271	246	256	312	323	277	350	279	263
ENSG00000161249	11	34	19	18	16	13	6	11	15	16	21	14
ENSG00000161265	452	733	553	648	668	549	525	550	438	557	429	444
ENSG00000161267	1955	2916	2351	1803	1914	1668	1817	1692	1568	1922	1549	1583
ENSG00000161270	12	26	8	9	16	12	11	12	13	13	3	14
ENSG00000161277	99	214	160	108	132	120	146	154	122	175	162	108
ENSG00000161281	2	1	2	1	1	2	0	0	0	0	0	0
ENSG00000161298	276	483	316	345	362	361	397	459	344	465	387	335
ENSG00000161328	18	35	36	35	45	41	19	33	36	33	17	31
ENSG00000161381	9	21	9	16	17	7	17	23	10	11	12	14
ENSG00000161395	416	695	547	495	526	510	474	446	488	525	468	437
ENSG00000161405	478	846	539	723	640	662	819	777	704	822	790	684
ENSG00000161509	13	37	17	13	14	9	23	29	21	25	9	15
ENSG00000161513	709	1208	1001	771	732	785	659	600	563	688	663	534
ENSG00000161526	1238	1971	1435	1390	1531	1379	1341	1153	1033	1269	1278	1193
ENSG00000161533	3678	5891	4463	4304	4881	4273	3569	3488	3142	3798	3698	3329
ENSG00000161542	983	1642	1327	976	1017	947	892	978	863	928	861	833
ENSG00000161544	10	16	11	6	15	15	10	11	17	9	15	17
ENSG00000161547	14416	22603	16780	15286	16515	14012	14080	12546	11728	14641	13328	13119
ENSG00000161551	296	527	336	420	371	403	447	530	392	537	432	422
ENSG00000161558	617	1081	851	719	699	723	592	689	528	768	629	635
ENSG00000161594	0	1	0	2	0	0	0	3	3	1	0	2
ENSG00000161609	29	43	52	30	34	39	34	43	25	45	50	36
ENSG00000161618	3157	4828	4163	4175	4500	3928	2595	2472	2296	2810	2628	2322
ENSG00000161638	6739	13765	9944	8725	9474	8783	9288	9347	7680	10617	9411	7595
ENSG00000161640	5	14	7	33	53	40	14	10	15	12	10	6
ENSG00000161642	1036	2273	1702	1342	1490	1426	1790	1695	1393	2039	1638	1424
ENSG00000161647	251	382	264	174	203	192	263	268	242	292	288	237
ENSG00000161649	54	98	46	82	82	67	74	101	107	83	82	67
ENSG00000161652	35	43	35	33	48	31	44	54	55	51	32	39
ENSG00000161653	3	8	8	38	95	65	9	4	8	18	16	7
ENSG00000161654	3260	5052	3528	3718	3958	3142	3102	2745	2528	3114	2741	2736
ENSG00000161664	19	56	47	33	52	47	29	33	34	31	35	37
ENSG00000161671	3872	6357	5248	4536	4719	4490	4060	4110	3574	4575	4450	3792
ENSG00000161677	572	1044	855	599	726	734	516	541	473	570	559	520
ENSG00000161681	3193	4790	3674	4597	4749	4088	2996	2926	2671	3199	2795	2806
ENSG00000161682	85	121	126	104	118	101	71	79	61	101	62	68
ENSG00000161692	696	1142	761	733	822	718	758	739	595	901	689	700
ENSG00000161714	787	1382	953	1131	1101	982	1070	1174	1062	1234	1035	941
ENSG00000161791	2012	3874	2797	2739	2896	2779	2944	3049	2455	3273	2851	2316
ENSG00000161800	4640	7082	5217	4517	4802	4341	4124	4015	3537	4619	4259	4195
ENSG00000161813	5793	8475	5913	5553	6078	5091	4774	4298	4031	4685	4385	4625
ENSG00000161835	8	9	15	14	7	11	4	4	7	8	6	3
ENSG00000161847	4663	7272	5415	5702	5764	5153	4974	4229	3953	5043	4252	4295
ENSG00000161860	76	140	106	74	60	80	82	57	56	78	70	74
ENSG00000161888	2628	3981	3315	2700	2772	2366	2601	2561	2300	2914	2641	2434
ENSG00000161896	2	2	1	0	2	0	2	1	0	4	0	0
ENSG00000161904	1819	2875	2416	2111	2298	2089	1939	1907	1701	2146	1880	1635
ENSG00000161905	5	9	2	6	13	5	7	10	6	10	14	0
ENSG00000161911	4	11	2	0	0	2	7	4	2	4	7	5
ENSG00000161914	257	474	361	339	341	320	287	327	280	341	281	262
ENSG00000161920	257	424	351	308	372	345	312	290	308	349	336	350
ENSG00000161921	13	52	45	41	42	48	46	64	45	60	52	49
ENSG00000161929	324	632	382	930	937	927	780	719	716	781	647	572
ENSG00000161939	27	61	107	22	41	41	34	52	32	46	44	46
ENSG00000161940	21	52	32	14	13	22	20	26	20	27	21	23
ENSG00000161944	119	194	125	239	273	246	184	124	183	181	152	135
ENSG00000161955	1672	2767	2289	1705	1950	1719	1277	1271	1137	1348	1321	1166
ENSG00000161956	2334	3455	2571	2381	2521	2113	2069	1725	1788	1954	1822	1820
ENSG00000161958	70	229	180	131	122	114	171	255	139	238	199	139
ENSG00000161960	32830	53784	40239	37749	40232	35260	32686	28874	27146	31924	29990	28724
ENSG00000161970	20302	36644	27082	26009	28971	25845	23979	22089	19332	23069	21886	19820
ENSG00000161980	637	1052	772	739	746	652	705	721	618	718	673	624
ENSG00000161981	1953	3093	2646	1889	2099	1668	1838	1688	1553	1741	1763	1724
ENSG00000161992	0	5	2	0	1	0	0	2	0	0	0	0
ENSG00000161996	4770	6764	5412	4536	4607	4010	4419	4290	3998	4766	4369	4071
ENSG00000161999	1341	2137	1659	1415	1516	1313	1191	1048	943	1189	1107	1038
ENSG00000162004	857	1292	958	750	737	703	707	628	628	744	637	693
ENSG00000162006	0	2	0	0	1	0	1	0	0	0	1	0
ENSG00000162032	811	1427	1115	1107	1052	986	859	872	732	954	928	769
ENSG00000162039	595	906	618	354	361	339	569	656	470	595	632	590
ENSG00000162062	535	726	595	584	600	511	485	428	386	413	471	480
ENSG00000162063	5022	7409	5872	4854	5105	4513	4432	4014	3691	4435	4436	4298
ENSG00000162065	1625	2488	1912	1674	1715	1578	1595	1525	1387	1710	1554	1564
ENSG00000162066	619	891	729	699	690	639	572	569	503	589	600	572
ENSG00000162068	18	18	15	11	7	12	10	19	10	15	25	20
ENSG00000162069	9	15	23	7	0	17	14	29	13	26	33	7
ENSG00000162073	2612	4230	3271	2679	2969	2624	2405	2243	1879	2411	2158	2100
ENSG00000162076	356	631	493	490	533	491	354	367	332	386	408	344
ENSG00000162086	834	1413	945	977	1036	848	1025	935	804	1018	876	917
ENSG00000162104	11959	19809	14565	15365	15993	14176	13444	12629	11516	14351	11799	11888
ENSG00000162105	7	19	13	9	5	3	12	11	11	10	8	1
ENSG00000162129	5056	7749	5713	5205	5539	4729	4661	4300	3987	4748	4166	4249
ENSG00000162139	1500	2503	1690	1985	2068	1844	1679	1709	1467	1764	1634	1497
ENSG00000162144	2424	3455	2760	2726	2860	2610	1903	2014	1718	2184	1934	1906
ENSG00000162148	34	43	29	40	46	37	50	45	31	62	41	31
ENSG00000162174	392	584	414	296	294	264	310	318	320	356	300	346
ENSG00000162188	3	6	10	3	5	5	1	9	3	3	6	5
ENSG00000162191	1767	3076	2425	2316	2516	2332	1828	1614	1424	1769	1705	1522
ENSG00000162194	1532	2847	1954	1231	1167	1144	1282	1340	1023	1486	1285	1161
ENSG00000162222	471	737	560	628	650	557	585	507	493	639	545	558
ENSG00000162227	690	1023	931	835	794	719	673	653	605	680	648	519
ENSG00000162231	2509	4030	3173	3251	3395	2858	2585	2359	2151	2610	2307	2216
ENSG00000162236	1098	1914	1465	1389	1553	1349	1155	1160	861	1322	1178	1081
ENSG00000162241	132	215	170	155	182	172	166	147	106	146	160	138
ENSG00000162244	28644	49608	35325	36389	37494	33877	31924	29725	26018	34130	28350	27235
ENSG00000162298	1442	2383	1855	1683	1787	1587	1525	1372	1182	1646	1429	1323
ENSG00000162300	428	746	636	544	594	504	583	538	415	615	555	486
ENSG00000162302	4075	6410	4920	4883	5174	4792	4085	3522	3535	4150	3556	3511
ENSG00000162337	4232	6586	4962	3921	4094	3854	4185	4042	3637	4893	4250	3660
ENSG00000162341	1326	2272	1639	1679	1641	1622	1444	1499	1289	1679	1478	1258
ENSG00000162365	12	10	3	6	10	6	13	4	13	9	8	7
ENSG00000162367	9	19	9	1	6	11	2	5	2	11	4	5
ENSG00000162368	13230	21322	16017	16832	17977	15801	12986	11980	11227	13217	13559	11569
ENSG00000162373	31	88	80	80	88	86	88	62	64	113	83	49
ENSG00000162377	2551	3720	2470	2327	2450	2088	1950	1893	1745	1964	1664	2079
ENSG00000162378	2446	4007	2816	3146	3348	3119	2551	2652	2339	2946	2515	2512
ENSG00000162383	2	22	16	35	40	33	18	13	8	16	11	13
ENSG00000162384	625	1158	829	726	831	656	824	818	655	865	839	764
ENSG00000162385	457	719	490	479	505	451	447	425	348	468	415	460
ENSG00000162390	711	1236	900	751	639	600	924	1114	812	1226	923	887
ENSG00000162391	11	21	10	7	8	13	8	10	3	16	7	9
ENSG00000162396	288	438	345	289	337	279	282	308	260	321	259	308
ENSG00000162398	0	2	2	0	0	2	2	0	0	3	1	0
ENSG00000162399	5	10	12	6	4	12	7	13	8	13	12	15
ENSG00000162402	7902	12455	8743	7934	8657	7376	7903	8185	6949	8733	7960	7835
ENSG00000162407	6	18	6	0	7	3	3	3	2	4	4	3
ENSG00000162408	4196	6126	4377	4678	4944	4243	4377	3977	3890	4534	3984	3872
ENSG00000162413	2156	3399	2729	2148	2267	2026	2201	2116	1867	2383	2130	2065
ENSG00000162415	53	60	29	53	51	36	60	64	38	65	40	44
ENSG00000162419	1989	3131	2295	2225	2452	2080	1959	1870	1819	2021	1831	1834
ENSG00000162426	2	6	4	8	8	6	5	3	3	7	0	4
ENSG00000162430	2600	3932	3010	2623	2884	2379	2568	2501	2189	2819	2473	2486
ENSG00000162433	717	1873	1356	982	1004	1117	1364	1611	1276	1813	1622	935
ENSG00000162434	5362	9050	6548	6530	7066	6511	6158	5860	5099	6697	5963	5295
ENSG00000162437	1	6	2	3	4	5	2	4	2	7	1	2
ENSG00000162438	79	110	84	125	118	99	138	105	126	155	108	129
ENSG00000162441	2684	4185	3208	2922	3288	2882	2598	2534	2353	2791	2752	2558
ENSG00000162444	3	9	4	2	21	6	1	5	3	7	4	2
ENSG00000162458	808	1222	916	1075	1018	917	1262	1272	1207	1348	1170	1149
ENSG00000162461	33	52	43	44	43	47	56	43	53	61	28	44
ENSG00000162482	123	180	116	92	113	117	93	133	101	134	113	117
ENSG00000162490	125	286	135	183	178	162	172	188	167	141	124	171
ENSG00000162493	10	2	4	51	38	30	8	11	9	4	3	7
ENSG00000162496	4	6	9	73	67	67	42	36	30	36	31	9
ENSG00000162510	2	10	19	10	6	7	7	17	10	11	9	14
ENSG00000162511	12867	23069	15447	19053	20157	18157	18378	16850	14906	19710	16686	14618
ENSG00000162512	49	84	58	51	47	53	42	37	26	59	36	36
ENSG00000162517	1066	1762	1577	1255	1364	1202	1188	1214	989	1383	1260	1052
ENSG00000162520	107	169	135	111	140	95	110	122	91	108	71	79
ENSG00000162521	21082	32954	24067	22382	24120	20781	21135	19753	17975	21805	20398	19185
ENSG00000162522	220	376	285	195	173	175	240	248	162	275	254	225
ENSG00000162526	11	16	12	19	19	9	15	25	20	13	14	13
ENSG00000162542	408	716	462	598	570	509	464	438	414	518	457	400
ENSG00000162543	2	13	7	11	3	3	4	1	2	2	1	1
ENSG00000162545	4	2	0	3	1	1	0	0	0	1	0	2
ENSG00000162552	5	8	1	1	6	11	6	7	3	8	6	2
ENSG00000162571	5	28	9	7	23	14	20	22	19	13	23	12
ENSG00000162572	193	275	204	233	223	193	205	204	184	268	162	160
ENSG00000162576	123	295	227	169	190	189	95	135	115	140	137	83
ENSG00000162585	817	1327	1130	1059	1108	1039	891	863	749	823	873	795
ENSG00000162591	542	968	840	541	566	540	636	743	614	857	762	599
ENSG00000162592	13	32	13	21	19	21	31	19	17	22	25	24
ENSG00000162594	3	7	4	6	3	2	8	5	5	10	8	5
ENSG00000162599	188	327	184	310	320	266	287	342	310	303	293	264
ENSG00000162600	427	640	431	439	488	335	445	462	377	469	452	420
ENSG00000162601	4476	7624	4783	4967	5217	4566	5283	5483	4873	5836	5063	4796
ENSG00000162604	1059	1795	1148	1297	1373	1233	1346	1441	1179	1527	1406	1218
ENSG00000162607	7854	12615	9235	7453	7735	6967	6988	6554	5949	6744	6994	6768
ENSG00000162613	4518	6909	4106	4803	4903	4306	4029	4004	3481	4253	3510	3886
ENSG00000162614	99	152	88	269	269	216	97	95	86	82	85	97
ENSG00000162616	440	791	498	479	516	422	419	430	333	467	407	356
ENSG00000162620	30	48	42	27	39	22	45	18	29	22	30	24
ENSG00000162623	1758	2785	1977	1658	1789	1516	1554	1490	1270	1468	1452	1415
ENSG00000162630	0	13	0	2	4	4	2	3	8	4	0	3
ENSG00000162631	1	1	0	3	6	4	4	8	4	8	3	2
ENSG00000162636	4282	6911	4912	5826	6316	5735	4395	4503	3831	4717	4520	3895
ENSG00000162639	1804	2832	2165	2069	2310	1762	1779	1643	1539	1836	1771	1626
ENSG00000162641	4	11	9	13	22	12	9	13	10	11	6	6
ENSG00000162642	539	972	679	594	634	542	568	539	472	567	534	458
ENSG00000162643	1	10	9	4	3	1	7	6	4	3	3	4
ENSG00000162645	235	553	418	550	590	581	418	473	306	493	437	333
ENSG00000162650	355	599	448	493	513	475	433	370	356	435	396	360
ENSG00000162654	267	507	366	472	575	490	459	428	451	405	410	410
ENSG00000162664	3465	5425	3474	4034	4264	3593	3059	2917	2610	2997	2789	2638
ENSG00000162676	11666	19728	13726	16717	17666	16273	13069	13109	11475	14224	12251	11884
ENSG00000162688	1633	2640	1808	1833	1899	1756	1791	1945	1486	1900	1796	1706
ENSG00000162694	527	804	559	434	567	368	391	409	390	471	467	412
ENSG00000162695	3230	5305	3567	3548	3832	3182	3087	3143	2723	3217	2983	2900
ENSG00000162702	1404	2214	1391	1392	1419	1201	1255	1173	996	1320	1146	1228
ENSG00000162704	10307	16848	12603	12369	13540	11752	10849	10880	9573	11609	11928	10040
ENSG00000162711	3953	7002	5280	4144	4371	4095	4396	4370	3658	5074	4651	3670
ENSG00000162714	1301	2106	1802	1737	1832	1695	1466	1430	1311	1760	1513	1317
ENSG00000162722	33	56	57	67	88	48	74	65	74	71	57	81
ENSG00000162723	43	145	120	55	79	70	61	105	58	94	85	58
ENSG00000162728	0	3	0	0	0	0	0	0	3	2	4	0
ENSG00000162729	575	1096	857	623	673	708	593	577	523	590	675	540
ENSG00000162733	55	68	63	34	39	40	32	34	30	37	24	39
ENSG00000162734	2539	4083	2943	2287	2382	2121	2255	2018	1642	2278	1994	2067
ENSG00000162735	2635	4435	3441	2713	2951	2618	2815	2724	2395	3077	2851	2540
ENSG00000162736	3069	5248	3693	3676	3953	3528	3402	3404	2851	3787	3315	2972
ENSG00000162738	1	1	0	1	0	2	1	0	3	0	2	1
ENSG00000162739	8	34	18	11	12	17	16	25	8	23	33	28
ENSG00000162745	21	33	37	84	67	84	27	21	25	45	33	30
ENSG00000162746	89	166	168	395	415	393	195	166	158	215	180	106
ENSG00000162753	15	23	29	9	18	13	21	40	16	19	22	15
ENSG00000162755	0	1	0	1	0	1	1	2	1	0	4	0
ENSG00000162757	298	453	311	266	262	271	250	241	234	282	309	238
ENSG00000162769	1657	2407	1619	1285	1355	1202	1321	1451	1269	1612	1489	1342
ENSG00000162771	2	0	1	0	0	4	4	0	1	0	0	0
ENSG00000162772	319	702	492	377	349	408	219	251	198	240	198	201
ENSG00000162775	3528	5476	4051	3531	3774	3469	3441	3417	2943	3768	3285	3350
ENSG00000162777	1014	1592	1171	1146	1192	1107	1274	1237	1065	1433	1158	1028
ENSG00000162779	2	3	0	6	1	6	1	2	2	0	2	7
ENSG00000162783	1684	2852	2260	2133	2173	2175	1902	1833	1492	2036	1780	1291
ENSG00000162804	118	193	134	188	193	223	121	157	129	156	140	114
ENSG00000162813	991	1664	1373	1357	1482	1294	1070	1055	886	1200	1184	1031
ENSG00000162814	0	3	0	1	3	5	2	2	3	4	0	1
ENSG00000162819	4887	8383	5434	5505	5845	5140	4837	4808	4014	5339	4619	4445
ENSG00000162825	661	1119	830	877	946	843	810	938	753	1011	920	730
ENSG00000162836	65	139	102	102	86	68	91	111	71	111	78	62
ENSG00000162843	0	1	1	3	3	4	3	0	2	1	1	2
ENSG00000162849	152	239	150	542	552	544	204	262	213	230	81	147
ENSG00000162851	1129	1933	1486	1283	1482	1134	1156	964	968	1125	1068	1076
ENSG00000162852	2060	3083	2408	1878	1962	1752	1856	1954	1522	1964	1935	1798
ENSG00000162869	1139	1801	1442	1178	1279	1176	1327	1430	1157	1621	1285	1202
ENSG00000162877	0	5	0	0	0	0	0	0	1	2	3	0
ENSG00000162878	96	191	163	127	145	150	76	86	65	59	81	79
ENSG00000162881	72	109	77	121	145	98	106	113	85	121	94	86
ENSG00000162882	219	410	284	374	392	380	293	257	248	323	237	217
ENSG00000162885	3966	5953	4303	3857	3992	3447	3427	3246	2972	3581	3281	3219
ENSG00000162889	5167	8151	6414	6769	7455	6385	5346	4699	4383	5635	4926	4581
ENSG00000162892	0	3	1	0	3	3	7	0	1	0	1	1
ENSG00000162894	65	213	166	981	931	917	204	186	233	231	191	137
ENSG00000162896	129	243	170	1185	1300	1300	256	248	228	282	201	194
ENSG00000162897	105	181	142	342	384	329	157	128	125	170	138	122
ENSG00000162909	6906	11816	9019	8471	9274	8437	7844	7702	6696	8561	8100	7048
ENSG00000162910	607	916	786	715	816	697	584	536	519	635	569	522
ENSG00000162923	7856	14538	9993	10351	11015	10124	8799	9471	7684	10260	9021	8397
ENSG00000162924	4223	6928	2664	4938	4829	4211	5181	5935	4869	5937	4846	4797
ENSG00000162927	380	669	501	534	601	540	451	419	370	423	496	419
ENSG00000162928	1166	1948	1518	1308	1450	1356	1294	1376	1248	1471	1320	1144
ENSG00000162929	126	224	178	215	237	184	159	194	132	167	161	168
ENSG00000162931	10	19	0	3	3	6	5	7	10	9	7	5
ENSG00000162944	35	80	35	60	69	42	50	71	64	65	51	50
ENSG00000162946	1191	2063	1547	1417	1488	1353	1595	1799	1404	1816	1654	1376
ENSG00000162959	3083	4901	3191	3393	3653	3076	2918	2810	2648	3201	2696	2696
ENSG00000162961	550	892	634	559	568	485	567	487	434	639	511	523
ENSG00000162971	694	1205	710	828	842	733	830	883	785	950	750	814
ENSG00000162972	532	893	609	488	528	511	491	450	398	470	439	397
ENSG00000162975	5	15	8	43	35	47	36	12	19	15	12	13
ENSG00000162976	937	1573	1193	1238	1376	1289	1028	1026	850	1141	980	843
ENSG00000162980	4754	7214	4710	4251	4756	4223	4032	3759	3562	4129	3631	3751
ENSG00000162989	8	8	5	6	11	10	12	15	7	13	12	10
ENSG00000162992	1	2	0	0	1	4	1	0	2	1	0	1
ENSG00000162994	221	359	271	265	298	293	333	363	329	419	341	280
ENSG00000162999	43	83	48	54	51	48	54	60	43	57	51	46
ENSG00000163001	139	297	196	130	119	134	162	164	131	188	191	179
ENSG00000163002	734	996	755	608	689	611	584	638	579	711	660	605
ENSG00000163006	853	1315	916	600	753	584	788	653	580	692	680	716
ENSG00000163013	3622	5631	4401	4094	4210	3890	3444	3018	2857	3559	3174	3112
ENSG00000163026	828	1249	879	789	870	776	699	717	613	797	723	761
ENSG00000163029	1678	2480	1886	2609	2716	2164	1814	1747	1621	1821	1801	1812
ENSG00000163032	15	42	19	22	28	19	26	23	10	25	34	17
ENSG00000163040	51	72	53	111	126	89	53	56	47	64	57	46
ENSG00000163041	17463	29815	20629	21146	23366	20011	18899	17352	16224	19434	17423	15845
ENSG00000163046	555	1096	10	770	854	822	659	667	611	805	822	539
ENSG00000163050	3520	5418	4185	3303	3544	3078	3565	3448	3021	3841	3436	3155
ENSG00000163053	1	1	0	0	1	1	3	3	4	1	2	1
ENSG00000163060	14	31	18	40	32	34	23	27	25	37	26	16
ENSG00000163069	232	386	196	529	540	444	264	282	244	297	281	244
ENSG00000163071	7	18	13	5	5	7	13	6	12	19	4	18
ENSG00000163072	4	3	11	2	2	4	5	3	3	1	10	4
ENSG00000163075	5	20	13	16	12	16	17	23	13	7	20	24
ENSG00000163082	11	25	12	5	17	12	11	14	9	9	15	8
ENSG00000163083	2	1	2	3	5	6	0	3	1	3	3	1
ENSG00000163093	426	673	579	557	561	547	524	544	451	596	512	413
ENSG00000163104	3205	5370	3648	3705	3970	3509	3402	3164	2941	3480	3186	3143
ENSG00000163110	420	705	552	551	577	485	442	450	396	462	461	431
ENSG00000163116	6	8	6	4	6	7	6	4	1	3	2	4
ENSG00000163125	3508	5876	4065	4341	4579	4259	3718	3687	3088	3948	3559	3491
ENSG00000163126	69	108	119	159	159	146	95	108	95	160	119	74
ENSG00000163131	2720	4392	3393	4760	5262	4832	2874	2961	2531	3276	3079	2952
ENSG00000163138	670	977	643	855	810	690	661	717	618	725	696	617
ENSG00000163141	27	44	27	17	23	26	30	25	47	35	30	31
ENSG00000163154	858	1551	1377	951	1043	901	959	1044	810	1041	1008	841
ENSG00000163155	39	47	37	51	67	58	24	35	33	34	28	27
ENSG00000163156	1234	2028	1329	1454	1588	1394	1488	1531	1314	1636	1418	1320
ENSG00000163157	44	53	37	37	46	38	36	39	33	37	30	36
ENSG00000163159	1487	2419	1819	1477	1582	1420	1401	1379	1246	1511	1391	1388
ENSG00000163161	1996	3307	2316	2570	2762	2350	2063	2151	1929	2153	1965	1759
ENSG00000163162	705	1194	903	649	704	655	830	924	728	983	1012	722
ENSG00000163166	1456	2111	1631	1494	1517	1230	1340	1216	1144	1265	1380	1272
ENSG00000163170	507	696	523	435	476	414	391	326	337	399	336	329
ENSG00000163171	8161	14500	9700	10080	10766	10066	8604	8172	7316	8453	7306	6773
ENSG00000163191	907	1424	938	1150	1115	982	998	934	708	1138	965	910
ENSG00000163214	872	1260	923	870	851	783	831	871	672	884	875	771
ENSG00000163217	19	22	18	14	20	10	17	19	16	20	46	26
ENSG00000163219	814	1558	1109	897	934	859	973	1032	833	1108	975	787
ENSG00000163220	13	3	10	83	88	68	30	20	11	21	29	16
ENSG00000163221	0	0	0	29	24	25	2	0	2	1	0	0
ENSG00000163235	42	86	60	76	55	71	70	51	62	75	50	49
ENSG00000163249	1520	2389	1816	1015	1110	1028	1266	1478	1087	1497	1402	1391
ENSG00000163251	427	609	424	356	344	300	343	386	283	402	371	289
ENSG00000163257	3279	4966	3706	3107	3334	2978	2791	2808	2566	3223	2800	2626
ENSG00000163263	4	2	2	2	3	1	1	1	0	2	3	0
ENSG00000163273	1	0	2	3	1	1	0	0	0	1	0	1
ENSG00000163281	626	1054	623	585	640	588	709	671	555	685	617	635
ENSG00000163285	2	10	18	1	0	4	4	4	0	0	0	5
ENSG00000163288	2	1	1	0	0	2	4	2	0	0	2	0
ENSG00000163291	775	1204	788	750	806	690	669	635	592	681	620	613
ENSG00000163293	8	26	19	20	26	23	29	28	22	29	28	21
ENSG00000163297	6406	10873	7805	7508	7785	7025	5559	5527	4718	5791	5489	5190
ENSG00000163312	915	1588	1154	1092	1126	1032	1183	1084	1049	1179	1137	1034
ENSG00000163319	690	990	669	645	692	611	704	730	596	745	764	612
ENSG00000163320	6764	11081	7773	7407	8151	7353	6780	6840	6197	7588	7290	6367
ENSG00000163322	1949	3327	2155	2320	2407	2170	2105	2127	1837	2380	1945	1897
ENSG00000163328	140	268	187	264	220	264	168	256	207	248	202	149
ENSG00000163331	0	1	1	0	1	2	0	1	0	0	4	1
ENSG00000163344	626	834	782	611	596	616	494	504	431	473	525	490
ENSG00000163346	1205	2340	1958	1581	1647	1624	1616	1607	1378	1882	1634	1341
ENSG00000163348	1500	2605	2008	1599	1861	1705	1490	1450	1228	1718	1474	1369
ENSG00000163349	9335	14563	9872	7766	8058	7386	8226	8671	7042	9659	8444	8043
ENSG00000163352	1	4	2	3	2	6	1	6	6	8	8	14
ENSG00000163354	8	4	9	4	8	4	4	2	1	5	1	4
ENSG00000163357	1	0	3	0	2	2	1	0	0	0	0	1
ENSG00000163359	38	81	69	57	53	67	69	75	60	68	69	52
ENSG00000163362	1207	1854	1269	1225	1371	1203	1447	1384	1245	1604	1328	1191
ENSG00000163374	3488	5852	4322	3997	4128	3848	3576	3516	3278	4077	3455	3168
ENSG00000163376	1781	3199	2258	1716	1861	1536	1451	1463	1256	1642	1485	1539
ENSG00000163378	1030	1506	1012	1040	1122	853	836	871	776	964	774	827
ENSG00000163380	41	80	62	64	69	63	56	55	56	70	61	52
ENSG00000163382	1363	2107	1871	1479	1696	1376	1157	1008	899	1266	1144	1079
ENSG00000163389	1452	2160	1420	1359	1536	1197	1396	1336	1237	1486	1237	1233
ENSG00000163393	2288	3752	2661	1265	1312	1271	1966	2329	1714	2392	2038	1939
ENSG00000163399	13945	21517	16123	13972	15425	13241	11703	10741	9615	12066	11258	10773
ENSG00000163406	987	1974	1151	1316	1306	1192	1646	2016	1541	1954	1549	1401
ENSG00000163412	51	84	46	45	35	23	28	31	30	23	36	47
ENSG00000163421	178	299	188	36	59	58	96	98	64	133	123	123
ENSG00000163428	7914	12508	8382	7657	8192	7038	6647	6759	5955	7178	6726	6649
ENSG00000163430	6	31	16	20	26	19	12	30	12	14	26	17
ENSG00000163431	0	0	0	0	0	1	2	0	1	3	0	0
ENSG00000163435	26	39	44	43	53	35	28	53	34	44	31	34
ENSG00000163444	4691	7179	5573	4965	5286	4494	3915	3591	3464	4127	3987	3800
ENSG00000163449	39	83	64	74	96	79	47	47	54	66	51	56
ENSG00000163453	1022	1613	1267	1423	1619	1356	1134	912	948	1058	1039	960
ENSG00000163462	79	147	106	162	216	194	118	121	138	128	129	79
ENSG00000163463	988	1689	1235	1237	1297	1110	1219	1025	912	1261	988	940
ENSG00000163464	1	0	0	2	0	1	1	1	5	3	1	1
ENSG00000163466	17494	30100	20197	19173	20898	18413	19267	18366	16140	19860	17571	16902
ENSG00000163467	2	4	1	2	2	4	4	2	1	3	4	3
ENSG00000163468	12785	19015	13788	12292	13457	11169	10797	9399	8983	10501	9540	10429
ENSG00000163472	132	252	220	153	151	156	125	173	145	190	167	151
ENSG00000163479	5118	9909	7367	6501	7050	6355	5831	5688	4761	6385	5679	5406
ENSG00000163481	324	516	370	372	394	339	292	292	277	327	298	243
ENSG00000163482	667	1136	767	784	891	790	793	771	695	899	794	659
ENSG00000163485	10	27	27	116	144	122	32	32	49	36	23	28
ENSG00000163491	1	1	1	2	0	3	1	3	6	2	3	1
ENSG00000163492	3	3	1	1	2	1	2	1	1	1	2	0
ENSG00000163501	4	2	3	5	4	4	0	2	6	2	5	4
ENSG00000163507	1775	2888	2010	2012	2233	1698	1699	1713	1426	1791	1718	1659
ENSG00000163508	6	5	5	0	1	0	0	1	0	1	2	1
ENSG00000163510	1829	3019	2219	1689	1898	1618	1760	1741	1501	1865	1742	1741
ENSG00000163512	1160	2131	1505	1050	1104	933	1016	1117	823	1159	1046	1025
ENSG00000163513	3341	5832	3933	3195	3512	3279	3381	3566	2874	3965	3576	2988
ENSG00000163516	1750	3092	2297	1961	2009	1854	2631	2889	2334	3085	2647	2121
ENSG00000163517	43	139	104	85	100	67	77	74	66	83	72	60
ENSG00000163520	2	1	0	2	0	3	0	0	3	0	1	3
ENSG00000163521	97	184	129	123	103	143	100	103	106	106	87	82
ENSG00000163527	17203	28158	20333	17115	18687	16590	16016	16234	13798	17163	16028	15192
ENSG00000163528	823	1163	827	675	687	625	676	562	513	598	563	647
ENSG00000163531	22	54	39	46	40	34	26	42	34	33	59	38
ENSG00000163535	3671	5871	4159	3694	3847	3317	3414	3357	2845	3622	3573	3449
ENSG00000163536	61	153	109	57	57	47	85	96	85	98	82	91
ENSG00000163539	6372	9785	6826	7952	8623	7107	6103	6170	5532	6617	6140	5868
ENSG00000163541	2173	3783	2774	2606	2932	2511	2770	2708	2603	2906	2602	2443
ENSG00000163545	201	323	282	350	338	248	305	340	332	339	315	293
ENSG00000163558	1901	3081	2053	1958	2212	1879	1780	1774	1520	1878	1787	1653
ENSG00000163563	164	222	201	145	154	118	119	105	109	139	114	117
ENSG00000163564	11	21	32	19	15	10	26	20	22	26	22	20
ENSG00000163565	481	941	655	1279	1316	1158	873	738	690	845	690	747
ENSG00000163568	4	9	8	26	38	40	3	0	7	10	3	4
ENSG00000163576	83	150	80	105	131	132	107	138	139	113	108	113
ENSG00000163577	341	495	329	355	348	325	301	290	279	330	279	299
ENSG00000163584	1685	2745	1913	1575	1790	1554	1659	1435	1375	1703	1568	1495
ENSG00000163590	1345	2071	1462	1196	1338	1161	1229	1164	957	1346	1225	998
ENSG00000163596	368	640	480	540	552	426	528	570	470	544	548	554
ENSG00000163602	2184	3769	2731	4272	4435	3954	2715	2757	2503	2993	2697	2435
ENSG00000163605	5269	8646	6526	5874	6104	5139	4797	4634	4095	4839	5003	4464
ENSG00000163606	0	1	0	3	0	3	0	2	2	0	0	1
ENSG00000163607	623	1042	813	656	647	683	667	626	578	699	743	659
ENSG00000163608	2072	3226	2388	2377	2546	2141	2117	2115	1794	2199	2016	1929
ENSG00000163611	958	1530	1010	900	970	809	950	1062	895	1177	1021	1013
ENSG00000163617	178	329	201	196	206	153	234	262	216	262	275	217
ENSG00000163618	6	14	7	13	23	10	13	14	10	10	12	11
ENSG00000163623	0	7	0	3	2	3	0	2	2	1	1	0
ENSG00000163624	1	2	1	0	4	0	0	0	0	3	2	0
ENSG00000163625	2370	3986	2696	2871	2938	2416	2689	2878	2419	3055	2733	2514
ENSG00000163626	1294	2182	1600	1470	1546	1274	1204	1206	1021	1339	1336	1257
ENSG00000163631	2	2	0	2	3	0	1	0	1	1	2	3
ENSG00000163632	2	2	2	0	1	2	4	1	1	5	1	2
ENSG00000163633	13	4	9	10	19	11	9	11	1	7	8	2
ENSG00000163634	1165	2027	1616	1256	1404	1271	1233	1097	1026	1252	1258	1101
ENSG00000163635	1084	2229	1396	1544	1409	1284	1265	1339	1180	1498	1043	1295
ENSG00000163636	2821	4351	3138	2996	2960	2677	2496	2227	2246	2446	2160	2186
ENSG00000163637	26	65	34	27	23	21	32	30	23	37	33	42
ENSG00000163638	2	5	3	20	11	21	3	4	4	1	4	2
ENSG00000163644	1138	1872	1342	947	1042	971	1107	1252	956	1241	1224	1123
ENSG00000163645	1	5	0	2	0	1	0	0	0	2	0	1
ENSG00000163655	11416	17620	12071	10902	11687	9797	10415	10198	9293	11097	10434	10260
ENSG00000163659	1368	2764	1829	2254	2589	2249	1552	1534	1343	1629	1538	1239
ENSG00000163660	5815	10687	7384	7314	7818	7499	6291	6504	5286	6598	6614	5427
ENSG00000163661	25	45	30	14	14	17	24	47	15	50	54	21
ENSG00000163666	12	11	18	11	11	10	19	13	7	20	15	13
ENSG00000163681	3291	4901	3480	3233	3467	2950	2805	2775	2414	2962	2713	2658
ENSG00000163682	1813	2967	2195	1967	1951	1721	1732	1659	1555	1695	1728	1412
ENSG00000163683	758	1307	1031	2014	2326	1928	1174	1112	1084	1021	1085	945
ENSG00000163684	1725	2683	1960	1925	1907	1801	1841	1708	1537	1809	1747	1771
ENSG00000163686	112	178	139	230	262	194	104	115	103	135	101	106
ENSG00000163689	11	19	14	4	10	9	13	23	9	12	11	15
ENSG00000163694	115	152	114	2378	2608	2375	254	189	202	230	212	162
ENSG00000163697	34	46	60	80	86	78	51	28	43	61	49	49
ENSG00000163701	112	179	147	67	55	64	103	126	94	118	134	68
ENSG00000163702	88	105	89	88	91	68	70	106	62	97	87	76
ENSG00000163703	289	515	372	316	358	269	372	388	284	394	357	318
ENSG00000163704	33	70	68	56	65	68	64	71	71	85	60	44
ENSG00000163714	8837	14238	10223	8606	9341	7998	8623	8100	7383	9014	8904	7959
ENSG00000163719	2890	4853	3733	3807	4104	3606	3278	3031	2908	3590	3198	2921
ENSG00000163728	2149	3554	2441	3112	3142	2918	2714	2897	2456	3111	2742	2470
ENSG00000163738	512	814	583	598	677	577	522	558	506	626	534	486
ENSG00000163739	0	2	1	3	3	4	1	0	0	1	3	2
ENSG00000163743	1461	2200	1689	1068	1225	1134	1119	1434	1051	1476	1457	1119
ENSG00000163746	6	4	2	3	2	0	4	7	5	3	0	0
ENSG00000163749	102	225	133	174	162	155	152	224	176	210	174	130
ENSG00000163751	0	0	0	1	2	0	0	2	0	0	0	0
ENSG00000163754	1513	2191	1400	1457	1626	1427	1338	1297	1112	1441	1124	1287
ENSG00000163755	3167	5158	3584	5197	5601	4666	3312	3035	2998	3350	3008	2964
ENSG00000163781	9209	14055	9526	8691	9190	7620	8500	8323	7528	8914	8292	8035
ENSG00000163785	419	641	444	359	408	323	368	364	309	393	355	370
ENSG00000163788	3978	6017	4502	3935	4005	3456	3908	3914	3521	4248	3831	3866
ENSG00000163792	702	1179	760	734	909	766	825	790	743	789	676	743
ENSG00000163793	3	8	0	2	1	0	2	2	0	3	1	2
ENSG00000163794	31	63	44	50	67	49	55	65	39	84	60	51
ENSG00000163795	425	705	531	531	520	500	387	338	268	364	322	301
ENSG00000163798	892	1535	1155	1094	1151	1079	977	971	862	980	996	918
ENSG00000163803	335	618	445	263	251	263	525	654	480	741	596	520
ENSG00000163806	28	43	21	40	18	21	30	44	28	40	25	30
ENSG00000163807	3580	6011	3590	3926	4035	3595	3947	3377	3184	3951	3408	3306
ENSG00000163808	2555	4012	2813	2373	2658	2096	2330	2156	1996	2376	2236	2228
ENSG00000163810	2	7	9	1	4	3	9	4	5	4	5	5
ENSG00000163811	4852	7007	4807	4693	5087	4225	4089	3702	3282	3791	3521	3814
ENSG00000163812	3667	5772	3897	3689	3736	3348	4002	3858	3483	4289	3689	3589
ENSG00000163814	46	82	99	88	92	89	22	43	30	55	41	35
ENSG00000163815	14	13	0	13	13	27	17	19	15	16	23	19
ENSG00000163817	43	95	69	98	79	69	91	78	74	96	83	71
ENSG00000163818	1333	2356	1575	1162	1147	1139	1246	1309	1047	1413	1284	1128
ENSG00000163820	1477	2312	1587	1408	1501	1403	1439	1540	1363	1742	1259	1426
ENSG00000163823	1454	2901	1872	2559	2884	2634	2353	2253	1899	2493	1918	1657
ENSG00000163827	51	90	50	39	50	51	53	52	55	49	56	36
ENSG00000163832	901	1375	1113	905	999	855	825	800	745	894	775	844
ENSG00000163833	4	7	3	4	9	2	5	6	9	12	2	3
ENSG00000163840	3351	5552	3807	3753	3955	3393	3371	3465	2985	3761	3383	3300
ENSG00000163848	4451	7391	4761	4619	5241	4534	4144	4466	3783	4689	4316	3902
ENSG00000163864	6555	10934	1638	9612	8492	7680	9180	11550	9123	11342	8538	8674
ENSG00000163866	1210	1884	1478	1267	1324	1128	1189	1091	947	1336	1137	1136
ENSG00000163867	2048	3454	2556	2466	2406	2261	2869	3213	2720	3273	3050	2761
ENSG00000163870	1615	2657	2125	1941	2087	1784	1703	1511	1401	1896	1724	1493
ENSG00000163872	3192	5209	3617	3257	3353	3067	3464	3730	2919	4027	3505	2705
ENSG00000163873	33	42	28	5	6	1	16	20	12	33	17	30
ENSG00000163874	217	340	318	196	277	184	290	261	238	299	266	210
ENSG00000163875	1550	2480	1795	1844	1934	1670	1606	1404	1337	1553	1421	1381
ENSG00000163877	1114	2008	1421	1278	1433	1249	1374	1293	1122	1439	1247	1234
ENSG00000163879	1	2	3	0	0	0	0	1	1	2	0	1
ENSG00000163882	1310	2114	1598	1215	1354	1198	1422	1269	1138	1417	1303	1116
ENSG00000163884	8	11	10	4	4	1	6	4	0	14	5	10
ENSG00000163885	0	2	0	1	0	1	1	2	1	3	0	0
ENSG00000163888	4	9	11	11	11	5	8	12	5	13	5	6
ENSG00000163898	154	194	165	186	191	170	223	234	172	220	242	184
ENSG00000163900	668	1202	832	854	900	791	738	809	616	858	686	699
ENSG00000163902	14455	23034	17283	14110	15323	13584	12351	11536	10236	13612	12290	11693
ENSG00000163904	2103	3202	2296	2377	2632	2243	2059	2032	1795	2200	2002	1946
ENSG00000163909	236	422	259	307	305	297	266	248	228	326	285	311
ENSG00000163913	1839	2998	2054	1864	1953	1742	1905	1954	1743	2246	2025	1695
ENSG00000163914	1	0	0	0	0	4	4	1	2	1	2	1
ENSG00000163918	1607	2345	1874	1394	1584	1251	1384	1387	1196	1399	1507	1311
ENSG00000163923	228	357	273	283	256	257	248	207	190	211	240	239
ENSG00000163930	4406	7391	5608	5079	5666	4827	4717	4253	3946	4868	4231	4174
ENSG00000163931	20596	33821	23182	22694	23914	21514	20575	20035	16927	23389	17979	18066
ENSG00000163932	5655	9520	6745	5588	5830	5356	6020	5823	4992	6649	5332	5255
ENSG00000163933	2472	4283	3073	2631	2800	2545	2664	2647	2453	3067	2776	2592
ENSG00000163935	1499	2246	1643	1644	1655	1419	1387	1295	1101	1442	1213	1221
ENSG00000163938	4529	6961	5247	4913	5150	4274	3987	3542	3225	3629	3497	3453
ENSG00000163939	8110	12935	8834	10080	10386	8898	8466	7783	7149	8690	7759	7910
ENSG00000163945	2029	3342	2446	2690	2698	2501	2395	2533	2166	2794	2266	2212
ENSG00000163946	12916	20740	14264	13372	14376	12407	12367	12326	11036	13869	12261	11850
ENSG00000163947	1955	3348	2451	3505	3902	3339	2814	2427	2425	2780	2486	2122
ENSG00000163950	5204	7925	6306	5133	5499	4616	4612	4129	3713	4555	4695	4101
ENSG00000163956	3662	5725	4318	3780	3925	3514	4826	5001	4205	5488	4851	4302
ENSG00000163958	3	6	1	2	0	1	1	1	3	1	9	1
ENSG00000163959	6	6	5	4	1	4	1	3	7	5	1	13
ENSG00000163960	4961	8454	6067	5496	5990	5260	5457	5719	4743	6244	5555	4789
ENSG00000163961	2093	3216	2290	2211	2415	2185	1934	1906	1662	2085	1943	1830
ENSG00000163964	1891	3023	2149	2125	2351	2009	1762	1910	1604	1736	1881	1659
ENSG00000163975	893	1420	1181	838	925	860	842	892	760	918	857	691
ENSG00000163993	0	10	2	2	2	0	1	5	0	1	5	3
ENSG00000163995	3	1	2	0	3	1	5	1	0	1	0	0
ENSG00000164002	344	513	384	287	314	306	341	328	279	281	323	333
ENSG00000164007	7	24	13	13	31	17	12	21	12	18	16	14
ENSG00000164008	496	711	608	576	623	489	486	548	394	546	416	444
ENSG00000164010	1217	2177	1574	1665	1815	1549	1510	1437	1271	1628	1371	1283
ENSG00000164011	178	340	231	185	260	178	230	223	187	265	219	222
ENSG00000164022	3018	5045	3424	3087	3344	2877	3049	3033	2740	3204	2934	2767
ENSG00000164023	4	26	10	9	4	3	9	8	4	3	7	3
ENSG00000164024	4023	6497	4465	3925	4172	3456	3498	3426	3144	4027	3714	3365
ENSG00000164031	3124	5134	3433	3676	3890	3502	3272	3463	2979	3644	3539	2979
ENSG00000164032	14490	21639	16740	12394	13861	11577	11419	10675	9750	11824	12002	11219
ENSG00000164037	23	44	39	50	39	31	34	45	39	54	50	35
ENSG00000164038	637	994	643	503	569	439	666	647	629	678	609	670
ENSG00000164039	390	600	451	482	621	538	421	446	349	387	405	375
ENSG00000164040	1747	2750	1917	1451	1537	1461	1697	1678	1375	1855	1660	1448
ENSG00000164045	2656	3935	2900	2220	2396	2004	2088	1884	1684	2080	2104	2068
ENSG00000164047	2	4	0	4	6	0	0	1	0	3	0	3
ENSG00000164048	943	1473	990	1377	1501	1466	1095	1172	1003	1253	1011	994
ENSG00000164049	1	2	6	3	2	2	1	3	3	2	2	5
ENSG00000164050	942	1579	1235	1821	1901	1711	1192	1048	1162	1204	1171	956
ENSG00000164051	519	801	661	474	539	440	520	475	442	551	504	483
ENSG00000164053	644	926	786	719	710	588	604	564	547	658	517	570
ENSG00000164054	2200	3502	2727	2952	3260	2744	2172	1938	1762	2153	1945	1851
ENSG00000164056	8	18	8	3	3	7	8	8	3	4	7	4
ENSG00000164061	56	103	68	84	94	80	116	77	82	114	86	72
ENSG00000164062	5897	9052	7112	6414	6685	5603	4842	4341	4207	5031	4601	4597
ENSG00000164066	1119	1998	1223	1477	1433	1377	1438	1792	1415	1863	1533	1493
ENSG00000164068	2423	3826	2781	2699	2729	2317	2097	2093	1909	2356	2001	1899
ENSG00000164070	1418	2097	1481	970	1127	896	1082	1204	985	1151	1167	1103
ENSG00000164073	498	822	513	700	670	646	608	618	511	681	517	512
ENSG00000164074	1570	2786	1837	1839	1920	1671	1786	1859	1520	1845	1682	1613
ENSG00000164076	18	22	14	8	5	11	10	16	12	9	11	6
ENSG00000164077	321	493	392	405	396	371	269	200	206	290	217	274
ENSG00000164078	4	6	3	5	10	3	6	2	2	4	3	7
ENSG00000164080	3865	5822	4424	4628	5039	4307	4245	3937	3747	4470	3917	3765
ENSG00000164081	2056	3538	2972	1973	2053	1852	1939	1965	1615	2103	2034	2007
ENSG00000164082	23	41	30	24	17	14	16	13	14	16	22	18
ENSG00000164086	4694	8468	6121	5424	5902	5488	5559	5126	4323	5615	4802	4276
ENSG00000164087	1532	2323	1723	1472	1503	1347	1283	1236	1078	1432	1328	1290
ENSG00000164088	136	258	249	387	416	408	192	200	160	194	163	127
ENSG00000164091	7624	11946	8498	9184	9938	8698	7312	6718	6288	7471	6587	6922
ENSG00000164093	36	50	41	42	42	29	25	25	24	40	32	36
ENSG00000164096	2762	5784	3845	3217	3446	3144	4102	4465	3692	4922	4673	3533
ENSG00000164099	57	54	55	44	55	28	30	46	53	62	40	45
ENSG00000164100	15	26	15	31	25	34	20	23	36	29	21	19
ENSG00000164104	5273	8341	6552	5382	5749	5175	4940	4618	3796	4883	4954	4155
ENSG00000164105	430	746	517	517	562	528	398	430	359	401	405	386
ENSG00000164106	15	44	26	10	49	25	17	29	24	33	27	26
ENSG00000164109	4478	6825	4925	4018	4612	3823	3760	3498	3262	3654	3923	3530
ENSG00000164111	2175	3466	2542	2816	3204	2781	1923	2126	1687	2301	2193	2130
ENSG00000164117	423	814	527	409	450	399	458	462	417	498	419	452
ENSG00000164118	1705	2725	1961	1669	1828	1602	1586	1785	1397	1758	1784	1515
ENSG00000164124	148	301	227	236	306	241	144	182	161	234	187	182
ENSG00000164125	43	81	53	66	70	64	80	101	86	93	95	110
ENSG00000164134	8696	12863	9081	8297	8901	7307	7180	6915	6347	7427	6910	7015
ENSG00000164136	72	101	76	70	73	64	93	95	78	113	77	69
ENSG00000164142	1	3	0	4	0	0	0	3	3	2	0	2
ENSG00000164144	1912	3226	2409	2338	2447	2239	1848	1881	1652	2071	1944	1794
ENSG00000164151	4471	6723	4624	5165	5405	4699	4205	3714	3537	4287	3698	4001
ENSG00000164161	34	64	38	47	57	36	52	63	51	67	49	48
ENSG00000164162	482	731	488	465	514	452	475	377	388	466	445	378
ENSG00000164163	11705	17215	11987	10994	12278	9709	9595	8852	8315	9641	8945	9238
ENSG00000164164	8195	12814	8889	7844	8432	7424	7945	7574	6845	8531	7792	7427
ENSG00000164167	365	523	343	376	401	400	383	361	261	339	331	292
ENSG00000164168	1731	2517	1757	1767	2000	1686	1577	1507	1463	1614	1410	1565
ENSG00000164169	530	824	676	518	574	505	409	470	415	505	460	420
ENSG00000164171	62	94	84	56	68	72	50	64	39	58	42	68
ENSG00000164172	416	644	487	471	469	450	383	320	316	411	417	370
ENSG00000164175	1	0	1	0	0	0	0	0	0	1	0	0
ENSG00000164180	1386	2330	1560	1425	1610	1416	1580	1701	1458	1793	1611	1446
ENSG00000164181	19	32	19	30	26	15	18	20	24	26	21	40
ENSG00000164182	56	72	53	52	61	41	41	40	30	39	27	55
ENSG00000164185	2	1	2	1	3	3	4	7	6	8	1	3
ENSG00000164187	2541	4409	2892	2773	3074	2722	2478	2581	2076	2851	2507	2346
ENSG00000164188	0	2	1	4	0	0	0	1	2	0	0	1
ENSG00000164190	8163	12605	8721	9268	10013	8307	8342	7926	7215	8661	7614	7696
ENSG00000164199	400	587	396	576	484	459	564	657	549	561	531	537
ENSG00000164209	3813	6198	4250	3963	4459	3671	3475	3375	2973	3777	3438	3233
ENSG00000164211	4196	8730	6022	2756	2814	2883	4056	5088	3182	5285	5074	3423
ENSG00000164219	2409	4058	2686	2989	3285	2858	2355	2303	2064	2458	2359	2135
ENSG00000164220	4	4	0	2	0	1	4	2	0	3	2	3
ENSG00000164221	125	182	136	142	171	129	136	114	112	122	118	105
ENSG00000164236	102	204	210	121	99	106	127	137	122	170	136	117
ENSG00000164237	306	563	432	430	416	395	478	482	478	523	444	470
ENSG00000164241	220	369	250	260	254	206	222	226	206	259	201	247
ENSG00000164244	5576	8861	6236	5219	5548	4815	4549	4657	4193	5238	5054	4622
ENSG00000164252	2412	3963	2860	2616	2828	2423	2420	2382	2208	2756	2592	2290
ENSG00000164253	3953	6777	4935	3873	4150	3557	3898	4154	3389	4391	4228	3792
ENSG00000164258	1302	2182	1731	1192	1436	1216	1375	1369	1109	1460	1419	1218
ENSG00000164265	18	33	16	44	31	18	24	30	39	44	33	37
ENSG00000164284	2431	4050	2533	2020	2344	1942	2180	2002	1889	2088	1990	2340
ENSG00000164291	252	397	321	244	247	211	255	253	199	248	228	212
ENSG00000164292	1095	1733	1224	1464	1564	1296	1376	1328	1196	1350	1248	1099
ENSG00000164294	7	13	11	2	10	5	15	13	8	10	7	12
ENSG00000164296	266	422	281	242	265	227	184	216	181	238	222	223
ENSG00000164300	850	1337	1011	844	866	814	782	777	598	838	777	710
ENSG00000164303	28	36	27	59	64	50	41	27	29	46	26	30
ENSG00000164304	6	2	6	1	2	1	2	2	1	2	1	4
ENSG00000164305	3196	5083	3918	3613	3751	3304	2999	2783	2636	3029	3043	2944
ENSG00000164306	664	1165	790	753	905	734	729	733	547	772	705	685
ENSG00000164307	2506	4096	2730	2888	3036	2677	2379	2226	1964	2455	2146	2114
ENSG00000164308	599	953	652	1078	1119	965	615	725	544	701	633	568
ENSG00000164309	17	35	28	20	22	15	20	26	18	17	20	19
ENSG00000164323	2320	3440	2247	2497	2661	2322	2025	1706	1718	1937	1733	1750
ENSG00000164327	4792	8556	5221	5817	6100	5399	5749	6140	5283	6331	5708	5089
ENSG00000164329	3997	6715	4873	4199	4639	4026	4358	4514	3687	4946	4569	4046
ENSG00000164330	1	2	0	0	0	1	1	0	2	0	0	0
ENSG00000164331	401	802	527	482	458	402	518	510	439	590	548	380
ENSG00000164332	1379	2233	1648	1855	1998	1593	1362	1144	1126	1377	1302	1322
ENSG00000164338	1353	1786	1359	1347	1504	1188	1096	1019	981	1072	1022	1065
ENSG00000164342	305	502	394	502	505	444	474	591	498	550	502	494
ENSG00000164344	4	2	4	4	5	2	6	5	9	5	3	5
ENSG00000164346	1415	2352	1805	1519	1663	1351	1485	1375	1222	1369	1298	1293
ENSG00000164347	2039	3308	2471	2014	2211	1889	1976	1876	1803	1995	1796	1795
ENSG00000164362	470	783	580	497	529	370	610	569	549	646	560	496
ENSG00000164363	3	0	0	0	1	0	1	0	0	0	0	0
ENSG00000164366	476	919	625	644	673	660	606	651	568	652	605	539
ENSG00000164398	291	487	301	349	344	379	468	510	411	482	429	448
ENSG00000164402	1290	2187	1429	1136	1207	1061	1066	1201	1007	1360	1113	1179
ENSG00000164403	70	152	84	128	135	157	93	97	120	136	124	105
ENSG00000164404	12	17	5	22	10	12	17	11	17	12	10	11
ENSG00000164405	564	852	754	760	781	632	627	534	565	658	659	590
ENSG00000164406	29	45	30	49	29	50	38	38	30	26	38	26
ENSG00000164411	0	1	3	0	2	0	0	2	1	0	0	3
ENSG00000164414	857	1316	964	629	725	662	760	741	688	770	886	714
ENSG00000164418	31	91	44	70	52	67	71	76	59	77	63	62
ENSG00000164430	3585	6401	4907	4300	4705	4269	3640	3901	3229	4264	4108	3482
ENSG00000164440	15	23	26	22	26	18	29	39	12	35	17	28
ENSG00000164442	7122	11930	9097	4668	5017	4520	5483	6175	4613	6711	6406	5379
ENSG00000164463	809	1733	1085	1061	1131	1009	1138	1270	946	1374	1142	898
ENSG00000164465	780	1239	904	919	971	771	788	792	675	854	822	742
ENSG00000164466	5532	8567	5998	5035	5271	4620	4483	4413	4011	4987	4585	4095
ENSG00000164483	4	2	3	2	0	0	2	4	1	1	2	4
ENSG00000164484	31	85	67	16	28	36	71	102	66	103	85	38
ENSG00000164485	5	3	12	9	6	11	6	10	7	9	4	13
ENSG00000164494	1147	1764	1340	1291	1329	1112	1097	1032	1028	1181	1243	1069
ENSG00000164506	431	642	427	512	529	428	341	330	261	417	385	341
ENSG00000164509	150	294	224	860	903	826	510	376	437	397	336	277
ENSG00000164512	37	93	62	52	37	39	53	68	36	81	42	56
ENSG00000164520	44	53	42	36	34	33	44	63	18	48	36	55
ENSG00000164530	0	3	3	33	28	31	0	1	1	0	4	0
ENSG00000164532	271	335	258	203	254	182	214	214	182	268	196	203
ENSG00000164535	1675	2781	1995	2256	2295	1946	1776	1764	1530	1981	1725	1699
ENSG00000164542	5	6	7	5	5	5	1	4	3	4	0	0
ENSG00000164543	584	933	715	585	668	561	558	552	402	555	584	567
ENSG00000164548	3538	5873	4258	3995	4046	3686	3456	3235	2961	3557	3205	2917
ENSG00000164574	897	1239	946	987	1089	790	698	658	620	756	615	717
ENSG00000164576	1234	1876	1468	1588	1781	1497	1395	1240	1156	1420	1252	1259
ENSG00000164587	22069	44356	36260	32440	35160	32089	28364	26713	24319	30131	30343	25012
ENSG00000164591	7	6	7	3	5	1	5	6	4	3	2	1
ENSG00000164597	156	314	202	159	194	199	131	115	134	121	190	131
ENSG00000164603	1041	1828	1391	1148	1225	1106	1179	1143	1000	1200	1273	828
ENSG00000164604	1347	2062	1407	3073	3153	2679	1397	1121	1132	1228	1125	1333
ENSG00000164609	2375	3799	2771	2428	2635	2312	2422	2240	1969	2444	2238	2060
ENSG00000164610	135	251	148	125	178	147	151	116	115	151	131	115
ENSG00000164611	2139	3252	2638	2207	2491	2001	1915	1728	1579	1912	1883	1804
ENSG00000164615	660	1015	812	667	730	712	599	600	548	683	701	594
ENSG00000164620	1196	1716	1264	1250	1174	1066	1138	1068	911	1087	1022	1019
ENSG00000164626	606	889	722	352	353	348	473	492	401	573	521	472
ENSG00000164627	11	17	5	21	15	16	15	13	21	15	28	12
ENSG00000164631	1487	2769	1897	1913	2150	1881	1742	1948	1700	2089	1922	1638
ENSG00000164638	332	579	377	476	438	421	405	503	432	476	455	486
ENSG00000164647	9	6	7	0	2	3	1	6	7	10	1	7
ENSG00000164649	4100	6032	4636	3167	3429	2836	3145	3247	2732	3574	3471	3287
ENSG00000164651	0	0	0	1	1	1	3	0	0	0	0	0
ENSG00000164654	1357	2238	1717	1744	2076	1739	1574	1576	1476	1698	1655	1402
ENSG00000164663	1196	1926	1423	1522	1541	1400	1439	1464	1284	1572	1473	1307
ENSG00000164674	12	14	14	28	39	41	13	19	7	6	14	6
ENSG00000164675	8	27	23	16	15	23	24	15	24	22	19	12
ENSG00000164683	5	23	9	14	14	6	3	9	1	7	9	10
ENSG00000164684	22	28	30	46	39	22	17	28	17	33	20	15
ENSG00000164687	1727	2688	2018	1735	1881	1453	1318	1099	1077	1203	1128	1162
ENSG00000164690	85	122	94	44	62	67	75	110	76	111	81	57
ENSG00000164691	1382	2687	1812	1494	1523	1418	1451	1577	1182	1596	1503	1319
ENSG00000164692	4	2	4	3	0	0	0	0	1	2	0	5
ENSG00000164695	0	1	3	4	6	6	7	5	1	1	1	3
ENSG00000164707	7	5	4	5	4	5	1	3	8	4	1	2
ENSG00000164708	9	13	16	15	18	8	3	7	15	16	7	16
ENSG00000164713	599	1045	851	919	924	790	665	795	579	827	734	619
ENSG00000164715	740	1029	832	949	1056	865	710	588	567	703	585	706
ENSG00000164733	3522	6314	5093	9012	9905	9445	5203	5190	4632	5948	5548	4339
ENSG00000164741	9	19	23	81	94	98	13	10	23	12	25	22
ENSG00000164742	149	252	180	154	156	99	150	131	103	155	123	147
ENSG00000164744	2	2	0	0	0	0	0	0	0	2	0	0
ENSG00000164746	17	23	16	16	15	18	24	10	7	8	11	20
ENSG00000164749	25	30	31	14	22	17	27	17	19	17	24	23
ENSG00000164751	2114	3549	2660	3029	3271	2856	2168	2196	1978	2413	2205	2015
ENSG00000164754	26802	42638	30398	30872	32842	28108	24336	23050	21028	24422	23765	23362
ENSG00000164758	567	899	601	624	608	512	551	536	437	559	585	478
ENSG00000164761	0	2	0	0	0	0	0	1	2	1	0	1
ENSG00000164764	10	26	6	22	18	16	29	16	15	25	16	15
ENSG00000164776	82	115	76	65	69	81	81	77	55	73	53	60
ENSG00000164778	1	1	2	5	0	0	0	0	2	2	3	1
ENSG00000164794	47	62	35	90	66	68	42	65	49	69	56	38
ENSG00000164796	4408	7941	5092	7032	7018	6333	5583	5334	4813	5802	5008	4817
ENSG00000164808	3195	5247	3977	3604	3914	3559	3526	3585	3188	4004	3732	3256
ENSG00000164815	878	1374	975	958	1088	891	865	746	801	860	837	841
ENSG00000164818	2676	4033	3435	2267	2428	1991	2306	2118	2019	2555	2277	2327
ENSG00000164823	1675	2660	1837	1469	1635	1439	1516	1522	1329	1569	1517	1475
ENSG00000164825	0	8	8	4	0	1	2	3	1	9	2	6
ENSG00000164828	2174	3640	2393	4262	4350	3913	2707	2403	2250	2908	2518	2236
ENSG00000164830	4961	8433	6068	4347	4763	4400	4912	5481	4322	5787	5649	4339
ENSG00000164841	0	3	0	1	1	1	0	0	2	0	0	0
ENSG00000164849	74	180	123	131	118	93	167	174	154	223	157	116
ENSG00000164850	13	30	30	131	121	171	29	47	25	41	30	19
ENSG00000164853	4	7	5	3	8	2	3	10	3	5	5	6
ENSG00000164855	48	69	69	42	37	36	38	30	34	58	42	19
ENSG00000164867	256	320	257	357	364	344	268	230	273	300	259	244
ENSG00000164877	775	1145	950	934	925	883	789	914	681	890	886	711
ENSG00000164880	7533	11300	8965	7635	8272	6985	6424	6325	5707	7045	6273	6135
ENSG00000164885	480	892	678	702	693	627	552	477	379	541	563	535
ENSG00000164889	4337	7057	5662	4789	5048	4686	4994	4933	4128	5317	4651	4151
ENSG00000164896	1407	2309	1957	1688	1696	1616	1320	1379	1217	1573	1300	1238
ENSG00000164897	749	1209	1034	834	925	899	755	751	658	814	784	649
ENSG00000164898	187	400	320	263	356	309	308	275	298	370	311	291
ENSG00000164902	1464	2406	1686	1555	1747	1482	1498	1439	1287	1523	1453	1314
ENSG00000164904	100	176	111	189	173	185	161	169	134	171	159	152
ENSG00000164916	10624	17558	12861	13139	14242	13111	11969	11601	10434	12907	11320	10334
ENSG00000164919	3584	5711	4593	3513	3711	3131	3233	2870	2570	3157	3383	3098
ENSG00000164920	76	136	86	76	56	69	60	46	47	48	47	31
ENSG00000164924	37826	62763	44352	57707	62126	54658	38031	34872	32483	38942	34626	33706
ENSG00000164929	0	0	2	3	1	1	0	0	1	0	0	0
ENSG00000164930	173	276	189	181	199	197	220	200	180	206	198	173
ENSG00000164932	0	0	1	0	2	1	0	1	0	0	1	1
ENSG00000164933	3092	4535	3209	3521	3722	3093	2471	2233	2219	2559	2337	2307
ENSG00000164934	3885	6013	4623	3788	4361	3745	3487	3417	3033	3551	3794	3224
ENSG00000164935	18	35	35	8	4	5	8	8	3	12	12	19
ENSG00000164938	545	1029	669	798	912	793	646	570	488	675	510	533
ENSG00000164941	4828	7423	5391	5310	5775	4833	4519	4478	3982	4875	4485	4258
ENSG00000164944	8112	13981	9356	9229	9684	8603	7870	8274	7217	8567	7745	7348
ENSG00000164949	2	4	3	10	18	13	6	6	1	5	6	3
ENSG00000164951	2689	4495	3174	2505	2752	2600	2702	2454	2262	2934	2753	2463
ENSG00000164953	513	854	635	489	508	448	469	510	394	512	499	418
ENSG00000164961	4741	7350	5002	5227	5762	4884	4384	4157	3772	4641	4010	3824
ENSG00000164967	549	931	732	662	661	610	509	532	459	604	524	489
ENSG00000164970	220	305	239	219	243	204	168	189	155	182	149	183
ENSG00000164972	1	1	1	0	1	1	1	1	0	1	0	0
ENSG00000164975	1466	2689	1828	1862	1853	1675	1785	2079	1682	2213	1905	1549
ENSG00000164976	364	600	366	488	417	386	509	452	412	524	420	412
ENSG00000164978	269	511	375	312	370	298	280	252	224	278	284	227
ENSG00000164983	1468	2450	1623	2742	2793	2631	1638	1897	1440	1896	1688	1413
ENSG00000164985	2671	4155	2894	2844	3048	2682	2592	2440	2135	2715	2758	2494
ENSG00000164989	278	498	313	258	275	276	325	319	265	314	299	283
ENSG00000165006	1462	2447	1684	1642	1675	1468	1421	1443	1129	1499	1262	1300
ENSG00000165023	120	209	116	150	165	110	157	159	147	157	152	135
ENSG00000165025	16479	27586	19223	17919	19415	17412	17372	17266	14913	19224	16047	15850
ENSG00000165028	129	261	170	139	148	128	146	203	141	199	146	131
ENSG00000165029	661	918	732	465	452	382	328	386	292	422	394	486
ENSG00000165030	2162	3967	2927	3446	3611	3368	2219	2108	1946	2272	1982	1775
ENSG00000165046	400	760	503	438	468	451	466	487	380	489	474	352
ENSG00000165055	2497	4036	2994	2331	2472	2115	2324	2191	1908	2247	2286	2142
ENSG00000165060	1273	1995	1450	1428	1561	1279	1485	1454	1259	1481	1354	1381
ENSG00000165071	595	979	713	757	803	847	710	845	637	915	796	666
ENSG00000165078	0	5	2	0	1	0	1	0	1	4	6	3
ENSG00000165084	62	88	77	58	86	65	89	103	66	81	109	73
ENSG00000165091	0	5	0	9	1	1	2	0	5	4	5	3
ENSG00000165097	1754	2895	1943	1563	1606	1491	1695	1744	1426	1749	1596	1497
ENSG00000165102	4605	7077	5026	5901	6388	5589	4120	4484	3758	4817	4212	4127
ENSG00000165105	823	1519	539	1222	1121	1183	1138	1379	1118	1371	1131	1090
ENSG00000165113	17	20	13	22	11	11	11	11	12	15	28	25
ENSG00000165115	307	533	289	370	366	366	328	302	296	347	289	306
ENSG00000165118	844	1349	1013	871	979	853	725	782	721	810	732	748
ENSG00000165119	35558	55937	37073	36114	39241	33279	32204	29045	26383	31441	26899	29408
ENSG00000165120	0	5	0	1	4	2	0	1	0	1	1	1
ENSG00000165124	1	4	3	3	4	4	1	13	8	3	14	5
ENSG00000165125	2	4	0	0	1	4	0	2	0	0	0	1
ENSG00000165138	720	1027	776	807	827	705	690	641	633	723	667	618
ENSG00000165140	303	480	313	347	355	409	373	430	339	449	405	378
ENSG00000165152	373	596	449	295	274	291	304	300	215	356	355	308
ENSG00000165156	4745	7145	5031	4677	4961	4091	4057	3974	3570	4383	3720	4074
ENSG00000165164	9	27	20	23	20	10	31	32	19	25	23	9
ENSG00000165168	123	225	166	746	756	738	375	393	290	495	377	375
ENSG00000165169	103	227	160	209	253	165	120	135	121	140	186	167
ENSG00000165171	2	10	7	5	3	4	3	3	2	1	0	1
ENSG00000165175	3918	6513	5146	2542	2825	2658	2850	2777	2306	3285	2887	2920
ENSG00000165181	3	12	9	1	6	5	2	6	6	11	8	9
ENSG00000165182	0	2	0	2	1	0	1	1	0	0	0	2
ENSG00000165185	1982	3204	2009	2622	2701	2379	2011	2011	1811	2161	2012	1867
ENSG00000165186	15	27	30	32	37	33	29	26	19	35	36	33
ENSG00000165188	2	0	4	2	3	0	2	2	2	4	0	2
ENSG00000165192	3	13	5	14	10	8	18	7	16	8	8	20
ENSG00000165195	992	1714	1086	911	1039	829	932	1027	816	974	959	822
ENSG00000165204	2	2	0	0	0	3	1	0	1	0	0	0
ENSG00000165209	1139	1839	1272	1002	1136	1011	1203	1166	1017	1338	1120	1087
ENSG00000165215	2	0	1	1	5	0	3	4	2	7	3	3
ENSG00000165219	7475	11590	8178	7540	8124	7073	6451	6577	5597	7250	6514	6204
ENSG00000165233	1022	1816	1668	1293	1399	1367	1314	1371	1076	1575	1365	1081
ENSG00000165240	316	659	445	446	532	511	405	506	375	524	442	327
ENSG00000165244	1954	2929	2129	1731	1865	1572	1736	1702	1562	1912	1797	1622
ENSG00000165246	3	5	2	5	9	5	4	10	6	8	2	9
ENSG00000165259	60	84	53	187	194	177	79	80	65	80	58	55
ENSG00000165264	822	1320	979	878	985	762	803	746	679	810	799	695
ENSG00000165271	3898	5662	4274	4155	4603	3713	3264	2871	2689	3174	2885	3076
ENSG00000165272	363	599	430	322	364	321	291	282	230	321	308	292
ENSG00000165275	258	422	309	306	315	318	336	315	293	352	326	282
ENSG00000165280	15658	24099	19579	17986	19286	16733	13159	11771	11170	13096	12716	12717
ENSG00000165282	1368	2228	1687	1505	1562	1434	1401	1349	1223	1519	1349	1302
ENSG00000165283	3799	6257	4823	3942	4334	3650	3704	3286	3176	3806	3388	3446
ENSG00000165288	4692	8103	5101	4871	5041	4697	5250	5608	4661	6105	5302	4665
ENSG00000165300	197	323	257	307	262	213	297	317	306	300	257	304
ENSG00000165304	1665	2607	1656	1714	1740	1447	1334	1222	1232	1408	1214	1297
ENSG00000165312	185	423	356	357	392	383	201	243	189	218	232	150
ENSG00000165322	1066	1747	1184	2128	2289	1978	1424	1295	1219	1429	1283	1116
ENSG00000165323	70	83	75	68	89	73	74	108	84	103	64	93
ENSG00000165338	6	10	3	1	7	7	3	9	7	7	8	3
ENSG00000165355	1195	1921	1498	1326	1398	1285	1064	1035	926	1157	1055	1085
ENSG00000165359	1907	3625	2450	1749	1711	1621	2250	2395	1985	2576	2279	1986
ENSG00000165383	2	0	2	5	1	1	2	3	2	1	0	3
ENSG00000165389	2428	3611	2403	2337	2605	2163	2032	1761	1680	2019	1839	1783
ENSG00000165392	3044	4696	3260	3212	3416	2917	2885	2752	2505	2891	2811	2605
ENSG00000165406	821	1478	933	1140	1075	1043	963	953	763	937	1002	789
ENSG00000165409	92	138	96	136	123	110	161	177	130	186	145	134
ENSG00000165410	358	563	450	375	403	346	328	336	332	419	359	340
ENSG00000165416	4379	6614	4569	4532	4827	4209	4544	4583	3986	4809	4462	4186
ENSG00000165417	6600	10499	6719	6486	7188	5994	5707	5731	4996	6190	5530	5721
ENSG00000165424	1248	2100	1526	1491	1610	1562	1490	1362	1179	1577	1360	1389
ENSG00000165434	427	815	569	484	474	472	560	584	518	595	603	567
ENSG00000165449	5	19	10	10	12	12	19	10	23	27	15	24
ENSG00000165457	4	16	7	6	7	9	9	12	17	26	17	16
ENSG00000165458	8123	13297	10091	9165	9611	8961	9423	9037	8091	10435	8847	8081
ENSG00000165462	2	5	3	2	2	0	1	2	0	4	1	0
ENSG00000165475	256	490	350	366	367	367	219	277	177	242	242	191
ENSG00000165476	2497	4236	2744	3574	3637	3096	2085	2235	1856	2297	2126	2225
ENSG00000165480	1714	2630	1753	1841	1750	1494	1575	1231	1272	1455	1424	1525
ENSG00000165487	3099	4917	3659	3249	3518	3026	2882	2882	2480	2940	3253	2842
ENSG00000165490	987	1459	890	766	787	634	727	723	613	713	687	771
ENSG00000165494	5780	10217	6663	6645	7049	6555	6486	6490	5654	6926	6042	5682
ENSG00000165501	1342	1931	1481	1201	1315	1102	1073	984	886	1117	1020	1067
ENSG00000165502	1198	1876	1275	1163	1184	1124	1146	1012	850	1029	1146	1071
ENSG00000165506	911	1521	1188	935	969	911	762	734	606	774	770	679
ENSG00000165507	38	40	34	24	20	21	43	46	21	30	25	18
ENSG00000165512	1864	3162	2064	1873	2040	1838	1762	1608	1449	1887	1646	1698
ENSG00000165516	1354	2246	1713	1437	1565	1334	1102	1245	1025	1305	1178	1093
ENSG00000165521	64	60	55	48	43	46	41	44	42	33	31	27
ENSG00000165525	2373	3828	2659	2955	2951	2717	2608	2383	2382	2608	2437	2386
ENSG00000165526	1395	2229	1737	1446	1557	1291	1519	1434	1357	1574	1448	1427
ENSG00000165527	12069	19480	13160	14689	15343	13902	10532	10053	8941	11087	9937	10015
ENSG00000165533	192	293	161	194	190	151	191	179	163	186	124	163
ENSG00000165548	0	1	0	0	1	0	1	2	0	0	0	0
ENSG00000165555	27	55	28	37	35	33	37	52	33	40	50	35
ENSG00000165556	12	8	7	16	13	10	8	4	6	9	14	5
ENSG00000165566	28	65	57	46	51	55	64	55	69	65	72	52
ENSG00000165568	2	6	3	0	2	2	5	0	0	2	1	2
ENSG00000165572	506	789	561	542	633	495	532	579	433	629	470	593
ENSG00000165591	1	6	5	3	3	11	5	3	5	7	4	3
ENSG00000165609	8694	13723	10721	12467	13627	11828	9639	8675	8141	9585	9103	8817
ENSG00000165617	5	12	1	1	3	3	11	6	1	0	4	2
ENSG00000165626	38	81	39	49	72	54	72	88	78	67	83	71
ENSG00000165629	5814	9512	6843	6310	6740	6127	5697	5400	4800	5977	5554	5236
ENSG00000165630	817	1346	1026	1028	951	914	935	860	764	922	952	841
ENSG00000165632	866	1358	960	784	814	761	760	629	664	761	683	727
ENSG00000165633	266	464	266	403	452	348	426	433	434	471	459	397
ENSG00000165637	7199	12076	9093	7853	8363	7687	7316	6839	6055	7606	7859	6495
ENSG00000165644	135	244	234	133	151	109	144	137	93	130	138	133
ENSG00000165646	8	22	6	8	6	7	14	7	7	10	4	7
ENSG00000165650	4462	7011	4846	4594	4837	4153	4112	3899	3663	4369	3992	4036
ENSG00000165655	107	214	131	708	697	623	220	173	193	227	157	146
ENSG00000165660	1785	2992	2015	1972	2091	1868	1795	1737	1438	1891	1649	1641
ENSG00000165661	1541	2370	1814	1350	1444	1377	1510	1523	1311	1525	1449	1378
ENSG00000165669	2723	4940	3519	3016	3301	2703	3128	3193	2802	3277	3237	2900
ENSG00000165671	11225	17580	12704	12376	13433	11357	12002	11203	10349	12550	11339	11345
ENSG00000165672	14818	24289	18134	14868	16066	14331	12915	12645	10964	13510	13700	12429
ENSG00000165675	1021	1502	1077	1023	1206	937	797	674	689	848	827	788
ENSG00000165678	7698	12539	9482	8129	8915	7632	7390	6722	6210	7668	7259	6652
ENSG00000165682	1	0	1	0	0	0	0	0	1	1	2	1
ENSG00000165684	1368	2057	1559	1302	1345	1296	1360	1278	1158	1372	1150	1221
ENSG00000165685	21	38	30	48	37	36	31	39	27	31	34	14
ENSG00000165688	3871	5713	4655	3603	3926	3591	3871	3586	3414	4087	3781	3501
ENSG00000165689	2574	3815	3090	2390	2674	2330	2457	2168	2111	2479	2371	2259
ENSG00000165695	0	0	0	3	2	3	2	0	1	0	0	0
ENSG00000165698	54	88	56	59	61	60	58	71	65	72	71	56
ENSG00000165699	2093	3827	2732	2378	2584	2361	2595	2783	2257	2846	2665	2279
ENSG00000165702	33	79	64	194	173	155	45	56	26	54	41	41
ENSG00000165704	3902	5984	4666	3674	4450	3535	3354	3072	2877	3551	3414	3196
ENSG00000165714	619	914	651	648	688	591	624	606	559	659	593	552
ENSG00000165716	76	170	99	65	87	64	104	78	68	106	102	57
ENSG00000165724	1392	2183	1707	1164	1198	1017	1172	1058	1038	1236	1153	1150
ENSG00000165730	61	76	43	49	45	40	31	23	27	13	30	32
ENSG00000165731	136	169	105	32	27	25	101	127	89	173	133	120
ENSG00000165732	18767	27253	19232	18837	20537	16314	14777	12434	12425	13624	12737	14568
ENSG00000165733	2918	4581	3267	3202	3497	2794	2907	2552	2516	2807	2780	2594
ENSG00000165752	1114	1797	1582	1193	1317	1092	1147	1159	1083	1208	1094	1074
ENSG00000165757	45	58	33	29	24	32	57	44	30	58	42	53
ENSG00000165762	0	3	3	0	0	3	1	4	3	0	3	1
ENSG00000165775	1260	2106	1535	1374	1486	1334	1298	1234	1109	1425	1295	1317
ENSG00000165782	1115	1802	1331	1119	1213	1060	1163	1200	1008	1183	1148	1025
ENSG00000165792	2015	3260	2457	2218	2242	2092	2007	1973	1852	2245	1924	1943
ENSG00000165794	1	1	1	2	3	1	1	0	0	1	3	2
ENSG00000165795	355	661	570	334	359	371	448	548	423	627	530	466
ENSG00000165801	1672	2643	2167	1359	1511	1471	1707	2014	1507	2197	1871	1652
ENSG00000165802	3608	5801	4441	3840	4142	3819	3515	3066	2964	3780	3363	3107
ENSG00000165804	41	74	51	50	63	35	42	38	33	51	39	36
ENSG00000165805	972	1707	75	1363	1257	1232	1340	1667	1291	1668	1254	1181
ENSG00000165806	311	508	342	380	382	336	246	234	225	245	265	248
ENSG00000165807	3	13	4	4	8	5	5	3	4	1	5	5
ENSG00000165810	2	1	3	4	3	4	6	1	1	6	5	3
ENSG00000165813	492	865	625	628	641	611	483	510	443	545	476	508
ENSG00000165816	2	7	2	4	7	11	3	7	2	4	4	7
ENSG00000165819	2005	3287	2424	2201	2425	2122	1966	2030	1777	2270	1952	1935
ENSG00000165828	2	1	6	0	0	4	0	0	0	1	3	0
ENSG00000165832	1086	1834	1295	1322	1330	1201	1010	955	807	984	872	913
ENSG00000165837	0	2	5	0	0	0	1	6	2	1	0	0
ENSG00000165841	23	41	25	40	44	31	34	42	34	45	27	25
ENSG00000165861	974	1651	1229	1051	1163	1101	1068	1164	1010	1299	1049	963
ENSG00000165863	32	51	35	56	59	37	61	61	55	72	55	60
ENSG00000165868	41	45	45	53	42	44	48	40	51	58	57	35
ENSG00000165879	984	1661	1289	1434	1581	1385	821	775	688	857	816	620
ENSG00000165886	118	285	218	144	215	150	126	127	116	145	146	114
ENSG00000165891	1279	1864	1188	1281	1216	955	1155	1087	972	1144	1135	1132
ENSG00000165895	50	95	73	207	222	179	74	66	71	67	64	83
ENSG00000165898	481	937	579	584	633	601	567	531	491	622	530	514
ENSG00000165905	3	4	11	20	7	12	11	5	5	9	7	6
ENSG00000165912	169	161	167	145	183	122	103	81	76	97	100	85
ENSG00000165914	264	438	264	272	285	282	273	308	237	390	312	305
ENSG00000165915	825	1366	1142	851	884	875	661	655	588	746	658	619
ENSG00000165916	2382	3500	2747	2466	2538	2103	2193	1799	1732	2081	1837	2034
ENSG00000165917	9	14	9	9	9	11	2	1	9	7	2	10
ENSG00000165923	22	60	52	21	36	29	20	40	28	26	35	16
ENSG00000165934	8995	12307	8736	8610	9242	7828	7098	6584	6352	7085	6811	7015
ENSG00000165943	948	1388	1168	1171	1244	964	945	903	752	949	989	763
ENSG00000165948	0	84	50	22	31	37	0	48	25	61	15	27
ENSG00000165959	120	222	129	309	300	320	192	248	182	240	204	148
ENSG00000165970	2	2	6	6	5	5	8	3	6	2	3	0
ENSG00000165972	0	3	2	8	4	7	1	10	4	0	2	4
ENSG00000165983	2497	4241	2989	2645	3093	2617	2579	2474	2261	2651	2646	2312
ENSG00000165985	21	28	6	12	7	7	15	17	7	28	12	6
ENSG00000165995	146	200	123	164	158	150	200	210	156	216	178	171
ENSG00000165996	177	270	173	167	163	143	142	175	125	169	159	157
ENSG00000165997	2030	3396	2263	2206	2634	2250	1975	2099	1766	2369	2210	1744
ENSG00000166002	116	189	132	118	85	68	144	132	110	137	114	108
ENSG00000166004	2593	4177	2499	2447	2604	2228	2638	2638	2200	2784	2374	2433
ENSG00000166012	5262	9507	6526	6421	6810	5721	5755	5717	5069	6138	5831	5478
ENSG00000166016	397	526	507	410	438	380	346	366	330	393	379	382
ENSG00000166024	1039	1718	1176	1159	1119	1068	970	1068	882	1086	944	819
ENSG00000166025	3619	5690	3904	3583	3992	3515	3715	3500	3143	3851	3366	3204
ENSG00000166033	2	5	7	0	0	0	4	3	5	2	1	3
ENSG00000166035	6	16	5	5	7	8	4	12	10	4	9	4
ENSG00000166037	3820	6436	4275	3543	3789	3477	3696	3801	3236	4009	3962	3442
ENSG00000166046	184	384	350	350	310	304	234	236	176	281	313	193
ENSG00000166068	264	509	358	441	399	371	450	486	434	477	462	421
ENSG00000166073	21	36	27	9	16	14	23	16	18	24	17	15
ENSG00000166086	16	28	16	15	13	11	11	16	11	12	12	11
ENSG00000166105	16	32	25	21	23	14	27	24	21	25	17	21
ENSG00000166106	2	6	12	2	6	9	5	12	4	3	6	10
ENSG00000166111	112	179	110	152	164	126	160	195	187	194	171	169
ENSG00000166123	3936	6215	4687	1897	2011	1729	2618	2658	2085	2871	2659	3105
ENSG00000166126	328	466	399	252	241	210	284	266	255	307	343	252
ENSG00000166128	2634	4981	3557	2995	3348	3310	2796	3238	2568	3502	3157	2693
ENSG00000166130	1257	2078	1525	1105	1182	954	1104	1099	1030	1206	1164	1101
ENSG00000166133	573	861	753	574	633	498	454	446	374	491	475	474
ENSG00000166135	4065	6485	4787	4811	5187	4577	4697	4744	3973	5093	4634	4094
ENSG00000166136	1575	2442	2120	1571	1697	1438	1473	1311	1123	1415	1469	1311
ENSG00000166140	723	1322	1026	845	806	708	739	788	539	872	808	694
ENSG00000166145	535	968	811	999	1132	899	742	600	564	698	686	533
ENSG00000166147	217	341	264	233	204	188	153	121	136	181	150	124
ENSG00000166148	23	23	14	27	28	18	37	36	23	30	29	37
ENSG00000166153	156	250	164	135	156	113	172	170	113	175	154	164
ENSG00000166159	14	31	15	26	28	16	16	29	21	22	14	18
ENSG00000166164	1777	2679	1902	2010	2014	1788	1748	1582	1422	1725	1459	1463
ENSG00000166165	122	235	225	205	218	225	255	208	207	300	218	177
ENSG00000166166	840	1313	1127	925	936	982	863	814	760	902	778	719
ENSG00000166167	588	1043	718	737	801	722	717	689	592	715	677	617
ENSG00000166169	761	1274	1121	822	912	820	896	865	765	1058	955	778
ENSG00000166170	2836	4553	3337	3019	3272	2859	2549	2532	2190	2774	2431	2476
ENSG00000166171	221	441	337	209	229	188	241	202	200	271	274	206
ENSG00000166173	6	25	11	8	19	20	18	13	25	28	12	22
ENSG00000166181	7348	10983	7881	7274	7975	6803	6169	5720	5257	6264	6256	5893
ENSG00000166188	474	782	590	598	576	582	488	470	461	527	478	437
ENSG00000166189	1418	2436	1860	1539	1684	1570	1359	1319	1158	1581	1382	1304
ENSG00000166192	352	623	416	500	489	496	524	471	523	561	516	428
ENSG00000166197	7818	10913	7801	6945	7564	6255	6340	5511	5148	5935	5403	5894
ENSG00000166199	667	1216	859	779	795	717	717	680	571	761	682	665
ENSG00000166200	4480	7308	5029	4740	5240	4421	4238	4087	3602	4266	3915	3837
ENSG00000166206	26	43	20	31	9	19	22	21	22	21	27	31
ENSG00000166224	1665	2747	1922	2599	2554	2294	1540	1473	1417	1660	1586	1502
ENSG00000166225	1158	1892	1251	1292	1402	1192	1105	1158	1025	1153	1080	1038
ENSG00000166226	10213	15060	11094	10083	10905	9018	8641	7369	7319	8127	7787	7927
ENSG00000166228	1192	1914	1515	1400	1518	1307	1166	1074	1051	1269	1094	1047
ENSG00000166233	6287	10408	7245	7764	8200	7058	6575	7023	5991	7291	6611	6128
ENSG00000166246	14	37	31	30	24	19	26	14	9	15	17	7
ENSG00000166250	0	7	2	4	1	2	5	4	1	1	2	3
ENSG00000166257	4	9	12	4	8	6	15	10	11	8	3	7
ENSG00000166260	919	1540	979	941	970	889	977	944	839	1072	973	876
ENSG00000166261	1067	1393	1109	967	1003	908	1340	1180	1192	1349	1160	1169
ENSG00000166262	98	145	122	108	118	114	117	111	97	101	114	75
ENSG00000166263	680	1105	629	711	715	632	671	690	668	754	586	627
ENSG00000166266	3242	5433	3877	3679	4062	3469	3385	3253	2882	3586	3412	3076
ENSG00000166272	2269	3970	2988	2947	3118	3011	2669	2532	2203	2902	2475	2203
ENSG00000166275	1135	2053	1542	1446	1615	1542	1345	1353	1230	1363	1496	1244
ENSG00000166278	11	9	5	5	18	16	26	3	8	12	8	9
ENSG00000166289	446	900	737	384	437	376	465	521	363	550	455	466
ENSG00000166295	2619	4778	3358	3599	3941	3626	3462	3407	2970	3393	3148	2839
ENSG00000166311	716	1316	1094	1015	1031	1078	967	937	778	1026	945	804
ENSG00000166313	797	1564	1241	1150	1286	1174	1352	1067	1112	1238	1126	849
ENSG00000166317	173	321	249	289	234	235	222	190	202	262	267	244
ENSG00000166321	105	244	150	113	122	106	76	95	83	85	105	90
ENSG00000166323	9	15	16	15	11	11	20	14	7	18	21	8
ENSG00000166326	5376	8453	5947	6758	7233	6299	5672	5245	4918	5992	5337	5319
ENSG00000166329	4	11	14	4	5	2	4	7	6	16	15	3
ENSG00000166333	1998	3626	2873	2287	2412	2233	2435	2437	1938	2746	2502	2165
ENSG00000166337	1077	1763	1416	1514	1676	1302	1162	1055	874	1213	1008	942
ENSG00000166340	8679	15177	11045	10796	11265	10330	10042	10402	8598	11514	10143	8983
ENSG00000166341	112	203	183	122	141	129	165	237	209	244	212	149
ENSG00000166343	168	262	212	194	227	195	198	242	200	296	217	196
ENSG00000166347	640	1062	726	809	802	727	915	891	743	997	819	806
ENSG00000166348	910	1580	1108	612	638	572	769	822	694	842	782	756
ENSG00000166349	26	61	29	14	13	18	31	34	22	32	25	23
ENSG00000166352	105	206	141	124	106	120	115	103	110	122	150	109
ENSG00000166359	7	3	4	2	6	7	7	7	7	3	6	6
ENSG00000166377	2640	3991	2318	3332	3341	3068	2767	3107	2619	3306	2714	2575
ENSG00000166387	348	624	436	354	397	365	398	322	348	400	323	349
ENSG00000166394	28	32	35	37	25	36	26	16	31	21	31	23
ENSG00000166398	666	1051	652	1005	1066	970	652	668	554	737	622	475
ENSG00000166401	4536	7330	5075	6156	6770	5742	5391	5219	4626	5895	5087	5286
ENSG00000166402	308	314	264	94	109	81	155	168	161	208	169	226
ENSG00000166405	3	2	0	0	3	0	0	0	1	0	3	2
ENSG00000166407	2	7	6	0	1	1	0	1	1	3	5	2
ENSG00000166411	2382	3425	2513	2822	3025	2357	2103	1881	1890	2084	1843	1996
ENSG00000166415	59	88	44	75	60	57	53	78	43	67	59	71
ENSG00000166428	3333	6220	4827	3166	3579	3478	5123	4789	4500	5796	4870	4146
ENSG00000166432	351	739	462	659	700	687	744	820	661	838	704	518
ENSG00000166435	174	322	215	179	185	172	185	199	170	219	168	191
ENSG00000166436	1434	2500	1695	2167	2230	2006	1910	2006	1710	2225	1935	1745
ENSG00000166439	4791	7603	5183	4592	5021	4149	4632	4725	3862	4927	4549	4168
ENSG00000166441	14010	25970	19686	19229	19788	17661	18130	16126	13928	18215	17373	14930
ENSG00000166444	83	141	128	172	173	180	111	89	100	135	117	92
ENSG00000166446	700	1157	808	724	716	664	709	623	579	648	704	630
ENSG00000166448	7	23	10	17	26	17	10	20	9	20	11	25
ENSG00000166451	1278	1900	1611	1300	1490	1253	1117	956	878	1234	1065	1098
ENSG00000166452	574	875	700	546	588	551	553	562	452	636	553	558
ENSG00000166454	1830	2860	1938	2208	2498	2021	1665	1640	1482	1848	1492	1529
ENSG00000166455	28	66	40	34	32	27	48	24	25	44	4	40
ENSG00000166471	1967	3362	2395	2349	2703	2298	2117	2318	1936	2480	2294	2034
ENSG00000166477	783	1367	1027	786	902	712	807	826	687	854	860	760
ENSG00000166478	1122	1877	1283	1174	1199	1036	954	937	821	1043	888	898
ENSG00000166479	5371	8816	5841	5450	5798	5044	5150	5193	4375	5418	5088	4916
ENSG00000166482	0	11	14	1	1	0	1	7	6	1	4	3
ENSG00000166483	3985	6095	4664	4079	4508	3858	3612	3476	3195	3868	3722	3492
ENSG00000166484	478	810	654	589	580	592	553	573	456	681	559	460
ENSG00000166501	5204	8481	5775	4275	4440	4161	5714	6471	4875	6749	6038	5266
ENSG00000166503	99	173	118	153	109	128	153	122	131	150	138	135
ENSG00000166507	1566	2551	1804	1993	2087	1849	1517	1437	1398	1694	1335	1511
ENSG00000166508	18564	27683	19821	17324	18319	15345	15974	14160	13610	16054	13856	14589
ENSG00000166509	10	8	11	11	12	3	11	11	10	10	14	12
ENSG00000166510	8	16	8	8	8	4	8	5	6	3	10	8
ENSG00000166523	2	0	0	3	0	0	0	0	0	0	0	1
ENSG00000166526	1292	2042	1442	1600	1764	1559	1511	1392	1217	1499	1414	1264
ENSG00000166527	1	2	0	0	0	0	1	0	2	2	0	0
ENSG00000166529	190	303	249	223	208	224	202	205	161	199	165	167
ENSG00000166532	187	306	170	269	298	240	163	148	152	168	132	126
ENSG00000166535	2	0	2	1	6	3	4	2	2	5	2	1
ENSG00000166546	5	12	6	13	4	2	11	9	4	5	14	4
ENSG00000166548	1887	3353	2558	2808	3138	2824	2556	2586	2347	3005	2699	2340
ENSG00000166557	3112	4707	3583	2976	3085	2729	2818	2984	2570	3283	2879	2785
ENSG00000166562	519	791	631	570	642	543	528	515	426	486	463	495
ENSG00000166573	7	5	6	3	16	4	5	3	9	11	12	2
ENSG00000166575	2274	3918	2712	2084	2267	2048	1762	1903	1491	2121	2046	1812
ENSG00000166578	5	2	2	11	13	18	12	16	8	10	12	6
ENSG00000166579	1255	2004	1415	1450	1488	1220	1163	1161	1044	1186	1020	1119
ENSG00000166582	1565	2754	2255	1382	1519	1353	1634	1535	1466	1874	1830	1445
ENSG00000166592	6	2	4	5	2	3	3	4	2	4	2	5
ENSG00000166595	968	1740	1268	1181	1348	1095	1017	962	886	1083	1006	891
ENSG00000166598	23949	39166	28708	23454	25400	21709	21198	20292	17370	21665	20889	20216
ENSG00000166619	1510	2466	1784	1940	1996	1694	1430	1454	1261	1647	1312	1357
ENSG00000166634	2	1	1	0	0	1	4	3	5	1	0	5
ENSG00000166664	96	151	122	67	54	78	69	96	68	86	76	41
ENSG00000166669	1066	1899	1259	1454	1472	1237	1417	1349	1206	1434	1274	1309
ENSG00000166676	15	49	21	31	22	40	19	32	37	27	25	29
ENSG00000166681	712	1073	791	477	499	502	553	575	423	610	628	548
ENSG00000166682	25	26	12	33	16	29	15	18	10	21	14	20
ENSG00000166685	893	1344	1025	928	905	801	778	774	686	876	791	754
ENSG00000166689	257	462	295	336	313	291	358	398	373	381	329	328
ENSG00000166704	563	884	616	725	774	724	775	666	627	739	787	593
ENSG00000166707	0	3	1	6	7	4	1	0	0	4	3	1
ENSG00000166710	9615	16437	12131	12943	13759	12232	10789	10232	8915	11010	10475	9428
ENSG00000166716	3897	6390	4539	5034	5093	4769	4651	4416	4058	5058	4234	4186
ENSG00000166734	4575	8000	5369	4502	4945	4334	4551	4395	4063	5000	4518	4205
ENSG00000166743	15	25	22	11	14	10	19	21	11	17	19	16
ENSG00000166747	8288	12911	8886	8976	9446	8312	7656	7509	6793	8276	7445	7450
ENSG00000166750	227	577	407	1437	1512	1425	416	373	368	388	309	320
ENSG00000166762	292	413	221	303	316	248	287	389	266	443	291	284
ENSG00000166780	0	12	7	13	27	21	12	1	11	3	15	2
ENSG00000166783	2703	4554	4879	3434	5438	6402	2616	3879	4431	6170	3213	2925
ENSG00000166788	745	1169	770	738	783	651	711	649	514	720	658	673
ENSG00000166793	4	13	4	12	13	21	5	10	5	2	4	2
ENSG00000166794	6735	11233	8722	7536	7468	6983	6059	5777	4875	6235	5853	5661
ENSG00000166796	3	4	0	0	0	1	0	0	1	1	0	0
ENSG00000166797	2391	4023	3019	2423	2839	2374	2229	2319	2025	2342	2601	2008
ENSG00000166800	0	4	5	2	2	1	3	2	0	1	1	2
ENSG00000166801	4218	6699	4358	4993	5412	4555	4388	4460	3777	4686	3984	4078
ENSG00000166803	3599	6252	4375	3686	4163	3756	3419	3466	2928	3819	3698	3008
ENSG00000166813	4	4	1	6	3	5	5	7	4	1	3	2
ENSG00000166816	34	89	76	43	44	70	72	63	45	62	88	42
ENSG00000166819	1	15	8	4	0	0	7	8	6	10	6	9
ENSG00000166821	126	281	243	117	138	151	166	140	124	206	178	156
ENSG00000166822	2095	3482	2620	2936	3151	2851	2373	2399	2111	2411	2478	2123
ENSG00000166823	19	22	27	9	4	12	16	7	8	12	22	10
ENSG00000166825	95	247	177	93	99	85	134	188	98	189	175	135
ENSG00000166833	37	38	29	38	53	38	50	42	36	38	39	40
ENSG00000166839	91	122	87	130	132	95	100	86	97	101	95	90
ENSG00000166840	2	2	2	9	8	5	9	1	4	6	2	4
ENSG00000166845	1122	1788	1269	1008	1093	884	996	1032	884	1182	1143	1031
ENSG00000166847	5779	9060	5885	6372	6664	6065	5928	5736	5292	6283	5383	5492
ENSG00000166848	1774	2849	2518	1842	2039	1932	1860	1740	1584	1930	1843	1605
ENSG00000166851	4578	6923	5221	4507	4825	4141	4017	3541	3464	4120	3685	3888
ENSG00000166855	3992	6498	4945	4452	4502	4245	4092	3890	3635	4030	3898	3610
ENSG00000166860	897	1315	927	945	1000	910	874	805	737	857	862	874
ENSG00000166863	2	2	1	1	2	1	0	1	3	1	0	0
ENSG00000166866	16	23	18	82	79	89	22	14	15	18	19	20
ENSG00000166869	55	117	42	91	73	63	71	101	87	108	80	73
ENSG00000166881	4780	7644	5397	4710	4953	4447	4625	4718	3961	5050	4495	4392
ENSG00000166886	1145	1853	1574	870	942	861	897	867	747	1064	865	841
ENSG00000166887	4331	7260	5476	5649	6007	5587	4634	4648	4071	5116	4581	4192
ENSG00000166888	11265	18623	13920	16205	17214	15669	12893	12467	10882	13841	11343	11094
ENSG00000166889	2322	3940	2515	2616	2861	2440	2583	2377	2127	2711	2167	2241
ENSG00000166896	100	114	137	77	66	63	102	74	59	102	72	120
ENSG00000166897	2	6	2	0	0	2	2	0	1	2	3	3
ENSG00000166900	837	1280	1048	1366	1484	1272	910	794	762	916	778	807
ENSG00000166902	1370	2146	1749	1419	1492	1367	1321	1131	1065	1313	1338	1201
ENSG00000166908	619	976	636	520	686	479	544	481	466	555	498	512
ENSG00000166912	2123	3768	2575	2521	2693	2265	2105	2257	1913	2410	2192	1992
ENSG00000166913	18604	28404	21283	20462	22411	19619	18300	16074	15128	18324	17585	16776
ENSG00000166920	5	2	0	3	5	5	3	3	2	2	6	0
ENSG00000166922	0	126	76	11	45	72	35	14	55	65	35	19
ENSG00000166923	7	9	8	23	2	10	10	21	6	10	9	10
ENSG00000166924	1	13	11	4	5	5	2	5	7	5	0	4
ENSG00000166925	1842	3383	2682	1990	2116	1984	2012	1937	1733	2418	1997	1793
ENSG00000166926	9	14	9	6	11	7	11	11	18	7	14	8
ENSG00000166927	1743	3274	2267	2293	2384	2354	2485	2784	2067	2898	2603	2386
ENSG00000166928	150	395	248	322	303	279	247	284	230	339	289	244
ENSG00000166938	1993	2809	1937	1919	2036	1714	1735	1482	1422	1674	1563	1649
ENSG00000166946	2218	4098	3114	3119	3336	2884	2727	2744	2424	3092	2807	2466
ENSG00000166947	0	0	2	0	0	1	0	0	0	2	2	2
ENSG00000166949	2664	4350	3321	5467	5914	5227	3986	3815	3525	4037	3568	3223
ENSG00000166963	253	400	384	187	150	164	171	217	147	288	206	226
ENSG00000166965	1591	2321	1915	1611	1582	1428	1547	1482	1267	1653	1447	1440
ENSG00000166971	126	296	184	221	227	198	138	178	153	190	166	159
ENSG00000166974	1033	1735	1170	1014	1037	864	1066	1047	891	1148	970	1044
ENSG00000166979	6	19	11	28	21	11	6	11	19	28	13	11
ENSG00000166986	7253	10171	7929	6938	7512	5957	5414	4494	4495	5078	4436	5484
ENSG00000166987	927	1690	1095	1287	1195	1073	1152	995	771	1247	1016	1011
ENSG00000166997	542	872	638	715	722	611	696	714	653	661	649	697
ENSG00000167004	12156	19495	15254	12425	13185	11558	10294	9586	8648	11048	10416	9560
ENSG00000167005	10835	16890	12141	10336	11368	9636	10189	9186	8844	10218	9433	9663
ENSG00000167011	3	7	3	0	0	3	3	2	0	0	0	4
ENSG00000167034	3	0	0	2	1	0	0	0	0	3	0	0
ENSG00000167037	437	708	562	628	604	566	695	761	687	747	648	633
ENSG00000167065	211	344	266	301	333	298	215	242	179	257	201	232
ENSG00000167074	453	756	548	493	509	493	497	452	417	550	416	455
ENSG00000167077	122	283	240	194	165	184	156	192	160	179	178	158
ENSG00000167080	1885	3140	1941	1824	1690	1693	2430	3117	2407	3143	2540	2457
ENSG00000167081	4020	6699	4376	4692	4794	4302	3832	3827	3340	4083	3604	3433
ENSG00000167083	28	61	35	56	62	41	42	32	37	41	28	32
ENSG00000167085	3916	6111	4545	4153	4417	3362	3568	3242	3066	3493	3265	3434
ENSG00000167088	4508	6925	5059	4340	4875	4048	4220	3697	3407	3882	4123	3841
ENSG00000167094	10	5	13	9	4	2	6	6	6	8	13	7
ENSG00000167100	34	60	39	32	33	29	31	32	27	35	28	21
ENSG00000167103	59	87	52	61	67	48	67	107	57	79	64	55
ENSG00000167105	0	2	4	2	0	1	2	0	4	1	1	2
ENSG00000167106	599	905	724	682	645	585	518	493	461	591	563	490
ENSG00000167107	399	726	550	576	614	554	670	659	550	790	631	565
ENSG00000167110	1549	2963	2228	1799	1934	1799	1929	2110	1583	2211	1934	1720
ENSG00000167112	1791	2837	2295	2069	2107	1794	1835	1696	1548	1919	1825	1706
ENSG00000167113	831	1324	983	1028	1039	890	864	812	754	939	791	841
ENSG00000167114	858	1127	975	838	984	762	481	487	451	501	418	583
ENSG00000167117	25	27	36	37	19	30	38	42	30	38	33	30
ENSG00000167118	1737	3109	2309	2008	2162	1861	1798	1671	1429	1948	1699	1513
ENSG00000167123	2854	5406	4284	3213	3500	3420	3274	3804	2913	3994	3587	2841
ENSG00000167130	568	878	683	697	747	638	565	530	476	568	495	532
ENSG00000167131	3	7	2	8	4	6	10	2	1	1	15	3
ENSG00000167136	889	1453	1290	914	967	820	836	671	672	829	845	668
ENSG00000167173	5958	10974	8716	8383	8878	8674	7193	6605	5976	7314	7061	5782
ENSG00000167178	10	6	6	5	3	10	12	5	3	3	3	2
ENSG00000167182	462	765	520	588	514	509	491	489	415	576	443	448
ENSG00000167183	0	3	8	3	2	6	4	1	0	3	3	0
ENSG00000167186	654	1048	772	639	780	635	645	624	552	650	618	578
ENSG00000167191	9	8	1	2	2	2	5	6	2	3	2	1
ENSG00000167193	2301	3568	2656	3131	3114	2809	2125	1947	1854	2121	1915	1976
ENSG00000167196	2157	3219	2197	2295	2256	2005	1894	1921	1657	1920	1745	1824
ENSG00000167202	5615	9166	7006	3375	3538	3441	4813	5579	4374	6408	5513	5294
ENSG00000167207	1117	1768	1393	1471	1608	1384	1204	1332	1064	1542	1189	1094
ENSG00000167208	3882	6740	4564	4373	4629	4246	4007	3936	3352	4471	3726	3821
ENSG00000167210	1	4	2	0	0	0	3	0	0	0	0	1
ENSG00000167216	109	178	115	132	136	120	92	91	90	109	103	112
ENSG00000167220	1892	2988	2115	2042	2158	1954	1476	1566	1304	1611	1652	1437
ENSG00000167232	1433	2572	1749	2521	2542	2134	2226	2178	2045	2357	2076	1924
ENSG00000167257	1111	1983	1271	1154	1266	1062	1162	1180	1005	1302	1146	1048
ENSG00000167258	7495	12237	8084	8426	8821	7705	7437	6995	6480	7770	6490	6921
ENSG00000167261	97	250	168	166	208	215	201	263	188	281	210	166
ENSG00000167264	663	1056	859	678	758	662	697	636	633	708	680	652
ENSG00000167272	791	1248	1078	949	1001	893	642	617	599	728	618	598
ENSG00000167280	2405	3537	2817	3253	3462	2855	1976	2016	1865	2131	1999	1818
ENSG00000167281	37	57	48	58	41	36	52	58	47	60	71	40
ENSG00000167283	1219	1800	1309	1599	1514	1368	1358	1161	1013	1234	1362	1115
ENSG00000167286	0	2	1	0	2	0	0	2	0	0	0	1
ENSG00000167291	2140	3111	2518	3393	3793	3294	2516	2297	2065	2471	2094	2055
ENSG00000167302	1064	1606	1203	1267	1173	1130	943	986	823	1087	862	929
ENSG00000167306	0	1	0	0	0	0	0	0	0	2	0	0
ENSG00000167311	2	0	1	0	0	0	0	4	2	0	3	2
ENSG00000167315	1920	3000	2327	2264	2383	2231	1972	1916	1737	2186	1986	1693
ENSG00000167323	3036	5130	3739	3669	3878	3438	3093	3108	2590	3487	3196	2786
ENSG00000167325	8382	12725	9777	7532	8284	7287	7572	7326	6492	8073	7949	7133
ENSG00000167332	8	6	4	4	6	2	1	5	8	7	9	4
ENSG00000167333	339	501	392	398	409	379	327	327	300	348	336	297
ENSG00000167363	74	128	86	106	99	71	89	129	118	118	116	91
ENSG00000167371	6	7	3	9	1	4	13	8	8	6	7	5
ENSG00000167377	427	750	537	460	491	408	488	440	473	509	444	437
ENSG00000167378	5650	9199	6766	6738	6987	6420	5101	4925	4457	5674	4848	4972
ENSG00000167380	794	1456	942	1039	1075	985	1244	1361	1125	1348	1042	1048
ENSG00000167384	1060	1802	1229	1169	1250	1059	1095	1092	973	1159	1247	1075
ENSG00000167393	502	704	566	498	455	381	414	427	386	422	390	278
ENSG00000167394	894	1456	1154	1059	1084	1085	908	831	757	919	845	698
ENSG00000167395	2457	4344	3316	3018	3144	2945	2804	2930	2472	3376	2927	2572
ENSG00000167397	919	1539	1227	962	1035	953	972	1026	801	1128	1023	854
ENSG00000167414	1	0	1	1	1	1	0	0	0	1	1	1
ENSG00000167419	89	196	151	201	204	196	119	156	118	173	159	141
ENSG00000167447	1284	2164	1542	1344	1421	1407	1258	1204	1100	1395	1065	1139
ENSG00000167460	14976	26216	19121	39808	42874	37997	20975	18662	18483	20557	19077	17346
ENSG00000167461	3004	4540	3436	3474	3657	3180	3161	2753	2525	3105	2648	2841
ENSG00000167468	4065	7067	5489	4904	5146	4425	4203	3731	3686	4528	4161	3896
ENSG00000167470	4057	7405	6313	6111	5863	5622	5022	4467	4136	4949	4036	4129
ENSG00000167476	67	82	75	48	48	34	50	38	29	53	50	27
ENSG00000167483	640	997	814	665	676	622	647	768	639	786	680	621
ENSG00000167487	948	1576	1219	1087	1129	1029	979	891	819	1008	998	839
ENSG00000167491	6400	9856	6969	6801	7295	6053	6131	5220	4711	5981	4601	5395
ENSG00000167508	4024	7929	6240	2647	2605	2703	3380	3888	2592	4111	3771	3248
ENSG00000167513	5522	9465	7359	4951	5343	4763	5719	6047	5054	7068	6294	5170
ENSG00000167515	657	1109	893	669	732	661	690	630	576	773	631	569
ENSG00000167522	5078	8065	6561	7349	7361	6398	5502	5107	4552	5209	4731	4750
ENSG00000167523	418	678	511	452	516	495	533	541	453	570	536	496
ENSG00000167524	1468	2194	1446	1810	1791	1601	2099	2139	1867	2182	1922	1895
ENSG00000167525	203	343	241	232	217	210	275	315	207	322	289	216
ENSG00000167526	30601	53872	46430	40660	42007	39491	36245	33050	29480	38613	39629	30275
ENSG00000167528	986	1680	1208	1582	1676	1439	1239	1143	980	1234	1068	1123
ENSG00000167535	289	462	315	384	451	370	318	324	299	336	294	242
ENSG00000167536	176	242	179	183	191	173	137	126	131	139	178	126
ENSG00000167543	1917	3026	2576	1956	2129	1946	1973	1934	1772	2348	1953	1764
ENSG00000167548	12002	18925	13765	14039	14940	12626	14265	14231	12451	16389	13716	13610
ENSG00000167549	143	234	165	139	129	109	144	102	117	110	102	88
ENSG00000167550	77	120	73	61	71	37	41	40	35	58	40	40
ENSG00000167552	2708	5997	4144	2496	2506	2669	2859	3185	2069	3328	3078	2699
ENSG00000167553	8725	13313	10609	10320	10840	9275	7475	6826	6324	7800	7250	7094
ENSG00000167554	54	81	64	82	75	59	70	84	73	92	81	60
ENSG00000167555	403	813	546	627	605	564	692	710	640	816	718	613
ENSG00000167562	765	1513	1012	1175	1230	1052	1200	1266	1095	1320	1084	1040
ENSG00000167565	657	1342	840	810	789	825	771	755	637	932	687	660
ENSG00000167566	1485	2698	2103	2294	2385	2117	1538	1459	1295	1631	1519	1385
ENSG00000167578	1804	3080	2459	2461	2442	2463	2199	2044	1778	2224	2038	1859
ENSG00000167588	2	8	1	4	7	1	6	1	5	6	1	5
ENSG00000167595	979	1761	1234	1125	1167	1007	1177	1108	889	1133	952	901
ENSG00000167600	97	236	170	161	164	167	180	138	144	167	120	126
ENSG00000167601	383	874	762	415	468	515	672	820	671	948	844	608
ENSG00000167604	374	706	472	369	366	362	504	578	510	632	562	435
ENSG00000167608	0	1	0	0	2	0	0	0	1	0	0	0
ENSG00000167613	507	774	589	690	810	730	744	778	627	806	654	696
ENSG00000167614	3	4	3	5	13	31	29	2	36	6	4	1
ENSG00000167615	4377	6978	4936	6451	5808	5385	4898	4781	5311	5701	3768	4806
ENSG00000167618	6	8	1	1	0	5	2	1	1	1	5	1
ENSG00000167619	114	192	177	158	137	122	160	181	171	204	170	152
ENSG00000167625	1556	2667	1850	1745	1779	1675	1755	1858	1596	2036	1920	1796
ENSG00000167632	3013	4723	3444	3460	3511	3365	2825	2690	2515	3076	2607	2430
ENSG00000167635	8765	14765	10492	9540	10182	8880	8833	8362	7658	9188	8757	7977
ENSG00000167637	973	1583	1081	1185	1160	1024	1073	1154	1037	1360	1077	1109
ENSG00000167641	0	1	0	1	1	2	1	1	0	0	2	0
ENSG00000167642	1030	2143	1793	2750	3017	3010	1911	1765	1758	1936	1790	1457
ENSG00000167644	0	0	0	2	0	0	2	1	0	0	0	0
ENSG00000167645	2037	3348	2724	3144	3293	2990	2302	2283	1995	2439	2287	2044
ENSG00000167646	135	260	195	118	119	102	172	147	123	173	160	153
ENSG00000167653	9	33	30	28	31	24	13	20	18	27	31	16
ENSG00000167654	159	334	193	283	254	215	302	297	283	334	365	285
ENSG00000167656	0	2	0	0	0	1	1	0	0	1	0	0
ENSG00000167657	1219	1983	1735	1561	1660	1405	1190	1264	1092	1332	1244	1130
ENSG00000167658	188002	320854	232928	229795	245701	227686	205406	190663	170818	221377	182070	172447
ENSG00000167670	4336	6531	4961	3995	4198	3537	3823	3724	3353	4146	3756	3701
ENSG00000167671	1979	3378	2783	2293	2385	2177	2181	2123	1670	2367	2106	1805
ENSG00000167674	2588	4356	3624	2715	3055	2785	2712	2609	2278	3086	2881	2513
ENSG00000167676	37	108	69	64	52	75	82	86	59	74	57	39
ENSG00000167680	421	860	588	1123	1209	1249	1197	1075	1118	1115	1049	730
ENSG00000167685	1085	1871	1572	1243	1327	1250	1145	1210	992	1246	1130	1036
ENSG00000167693	805	1446	1047	1225	1279	1121	1214	1372	1266	1412	1320	1189
ENSG00000167695	108	145	101	51	54	32	69	65	49	97	66	41
ENSG00000167699	2067	3044	2295	1953	2213	1815	1958	1949	1759	2033	1936	1807
ENSG00000167700	1331	1862	1693	1231	1344	1162	848	804	718	884	886	807
ENSG00000167701	71	109	62	50	69	59	52	58	64	69	44	46
ENSG00000167702	2341	3452	2859	2492	2540	2291	2190	2127	1875	2369	2073	1975
ENSG00000167703	552	889	624	907	839	888	803	726	694	748	788	731
ENSG00000167705	171	245	202	209	238	189	172	177	120	162	183	160
ENSG00000167711	12	46	50	41	25	20	20	23	50	74	0	40
ENSG00000167716	1325	1814	1581	1580	1857	1732	1349	1335	1197	1586	1244	1191
ENSG00000167720	328	594	440	395	501	447	341	341	331	350	345	351
ENSG00000167721	5719	8918	6526	5611	5962	5100	5408	4888	4608	5383	4977	4820
ENSG00000167723	155	292	234	235	277	259	278	252	266	264	272	221
ENSG00000167733	132	179	174	145	127	133	125	138	95	157	153	113
ENSG00000167740	459	784	621	528	604	539	412	419	330	427	418	391
ENSG00000167741	45	80	73	81	65	66	77	82	70	80	101	60
ENSG00000167747	5570	9173	6598	5359	5825	5224	4896	4691	4196	5363	4782	4482
ENSG00000167748	88	134	116	103	94	73	77	87	66	99	88	88
ENSG00000167751	6	6	5	7	4	1	6	3	3	13	5	6
ENSG00000167757	0	3	0	3	4	1	2	8	1	1	3	3
ENSG00000167759	3	7	0	5	6	6	2	2	8	0	0	5
ENSG00000167766	514	967	786	756	758	755	771	805	687	871	819	698
ENSG00000167767	8	7	5	3	4	5	7	1	5	3	5	3
ENSG00000167769	24	18	16	27	12	14	21	19	24	16	24	17
ENSG00000167770	2048	3587	2488	2493	2637	2446	2294	2189	2008	2430	2106	2061
ENSG00000167771	185	321	275	200	251	218	191	214	194	252	204	158
ENSG00000167772	5	9	13	10	10	4	11	7	8	9	12	8
ENSG00000167774	32	92	29	23	27	30	18	15	19	8	29	38
ENSG00000167775	1169	1682	1433	1156	1286	1077	853	915	764	1049	972	873
ENSG00000167778	1000	1688	1321	1089	1064	1018	899	845	791	955	932	869
ENSG00000167779	2	4	2	16	9	21	4	3	4	2	7	6
ENSG00000167780	1	3	0	2	7	2	2	1	2	6	3	1
ENSG00000167785	1181	2194	1604	1536	1612	1609	1410	1502	1171	1694	1590	1173
ENSG00000167792	4677	7386	6359	4898	5319	4759	4794	4397	4002	4989	4549	4064
ENSG00000167797	1056	1783	1405	1199	1309	1264	1016	956	877	1060	947	918
ENSG00000167799	423	665	582	393	418	353	351	322	276	389	331	302
ENSG00000167800	0	0	0	0	0	4	0	0	1	2	0	0
ENSG00000167807	9	13	10	18	13	17	13	16	4	16	10	13
ENSG00000167815	6342	10197	8015	6694	6705	6153	5921	5162	4920	6224	6316	5422
ENSG00000167840	173	284	171	157	188	151	127	145	134	140	153	123
ENSG00000167842	1175	1897	1530	1085	1280	1121	1043	1044	928	1190	1133	1050
ENSG00000167850	453	920	667	669	688	717	570	533	471	614	609	481
ENSG00000167851	858	2261	1824	1349	1373	1457	1431	1573	1130	1788	1493	982
ENSG00000167861	1	4	4	0	0	1	0	1	1	1	3	1
ENSG00000167862	729	1179	839	790	853	649	699	654	563	647	585	665
ENSG00000167863	1957	3410	2662	2211	2316	2114	2015	1822	1614	2107	2036	1855
ENSG00000167874	11	13	5	4	3	10	3	5	9	6	4	7
ENSG00000167880	9	13	11	16	25	38	33	22	26	33	8	20
ENSG00000167881	3955	6199	4526	4298	4484	4232	4145	3739	3520	4337	3925	3729
ENSG00000167889	10	5	2	0	2	2	0	2	2	4	1	3
ENSG00000167895	3405	5759	4321	3022	3094	2895	3819	3953	3259	4405	3716	3241
ENSG00000167900	2677	4861	3766	2949	3227	2973	2892	2745	2370	3253	3021	2700
ENSG00000167904	1558	2577	1752	1614	1783	1594	1675	1722	1510	1835	1710	1489
ENSG00000167914	62	96	87	88	76	105	75	134	88	105	100	108
ENSG00000167925	2060	3500	2654	2291	2400	2269	2320	2266	1937	2679	2305	1985
ENSG00000167930	1721	2640	2064	1974	1943	1802	1570	1608	1434	1913	1686	1647
ENSG00000167962	3698	5577	4336	3503	3564	3174	3055	2735	2484	3053	2757	2935
ENSG00000167964	105	174	142	109	93	118	103	106	95	130	97	93
ENSG00000167965	1017	1757	1370	971	1094	919	967	818	796	992	893	909
ENSG00000167967	1280	2057	1668	1469	1497	1363	1360	1170	1077	1271	1221	1186
ENSG00000167968	45	84	50	46	50	50	50	47	29	50	34	28
ENSG00000167969	982	1632	1412	1031	1071	970	890	971	735	917	1030	825
ENSG00000167971	117	163	140	97	95	105	97	91	60	81	71	66
ENSG00000167972	218	277	224	164	196	162	170	182	158	240	165	162
ENSG00000167977	1756	2895	2207	2634	2766	2499	2217	1972	1785	2244	2148	1888
ENSG00000167978	29111	47621	32603	34352	35148	30456	31443	29648	26086	33345	27793	27937
ENSG00000167981	393	680	449	408	447	396	487	440	406	541	476	515
ENSG00000167984	970	1857	1428	952	1139	1004	1405	1234	1291	1444	1365	1168
ENSG00000167985	805	1333	952	1001	932	951	915	831	682	898	836	785
ENSG00000167986	14257	21374	15959	14845	15674	13648	12617	11305	10940	13482	11853	11851
ENSG00000167987	1118	1868	1341	1140	1341	1192	1031	1040	815	1113	1002	942
ENSG00000167992	38	66	43	53	51	48	79	59	66	70	56	51
ENSG00000167994	33	46	25	13	15	11	21	18	25	15	21	14
ENSG00000167995	430	839	617	490	536	459	510	569	401	558	549	394
ENSG00000167996	7790	16568	13243	11057	11767	11872	12874	13512	9779	14077	14121	8981
ENSG00000168000	522	1028	625	711	711	579	627	776	739	820	579	556
ENSG00000168002	1617	3032	2333	1967	2106	1888	1915	1886	1566	1866	1830	1539
ENSG00000168003	6609	10816	8392	6435	7008	6543	5699	4838	4522	5327	5162	5199
ENSG00000168004	1	1	1	1	1	2	4	1	1	0	10	3
ENSG00000168005	604	817	659	650	678	662	585	463	470	556	470	478
ENSG00000168010	2500	4281	3196	3484	3415	3454	3144	3474	2930	3808	3241	2681
ENSG00000168014	3338	5296	2781	3775	3975	3467	3482	3722	3222	3939	3425	3168
ENSG00000168016	128	285	232	261	254	291	238	299	243	287	283	221
ENSG00000168026	28	36	41	89	91	128	27	32	36	47	19	21
ENSG00000168028	40251	68178	55403	46454	51611	45932	41826	40921	36028	46453	44789	36993
ENSG00000168036	13758	23191	17367	16196	18090	16062	13353	12977	11875	14362	13937	11910
ENSG00000168038	745	1380	895	906	914	819	884	921	705	907	818	723
ENSG00000168040	1222	2084	1660	1347	1420	1356	1227	1143	985	1149	1195	1110
ENSG00000168056	465	941	795	1947	2143	1946	803	756	705	801	738	503
ENSG00000168060	2	0	0	3	0	0	8	2	1	0	0	2
ENSG00000168061	476	708	701	552	603	598	470	464	427	504	478	428
ENSG00000168062	10	14	15	11	20	9	14	12	10	17	16	13
ENSG00000168065	0	2	0	3	8	0	1	0	1	0	0	2
ENSG00000168066	9878	15975	10743	10863	11319	9847	10012	8932	8262	10162	8333	9148
ENSG00000168067	1290	2053	1523	1464	1452	1232	1462	1478	1361	1615	1388	1439
ENSG00000168071	2273	4002	3169	3586	3828	3729	3766	3880	3283	4008	3694	2904
ENSG00000168077	0	4	3	5	2	2	6	0	2	8	6	6
ENSG00000168078	1921	3399	2250	2127	2333	1935	1735	1729	1534	1881	1962	1781
ENSG00000168079	0	0	0	1	0	1	2	2	1	6	0	0
ENSG00000168081	15	21	9	13	7	7	15	14	11	20	15	12
ENSG00000168090	1790	2934	2295	2097	2251	2049	1776	1568	1508	1796	1655	1684
ENSG00000168092	8558	13532	9730	8381	9092	7911	7322	7160	6431	7966	7163	7095
ENSG00000168096	510	825	656	658	611	676	622	636	551	747	588	588
ENSG00000168101	1304	2000	1806	1468	1703	1379	1623	1482	1472	1664	1589	1488
ENSG00000168116	1123	1780	1172	1097	1163	992	1289	1287	1177	1439	1259	1194
ENSG00000168118	2578	4434	3183	3029	3385	3057	2454	2363	2161	2582	2267	2184
ENSG00000168137	6633	10797	7044	6813	7257	6504	6560	6453	5578	7517	5903	5864
ENSG00000168140	0	0	0	0	0	0	0	0	0	0	0	0
ENSG00000168143	52	71	54	76	54	74	64	78	71	83	68	76
ENSG00000168148	0	2	1	0	0	0	1	0	2	0	0	0
ENSG00000168152	130	265	198	190	224	176	167	159	141	186	160	170
ENSG00000168158	1	1	1	3	0	2	0	3	1	1	0	1
ENSG00000168159	3270	5702	4530	3667	4030	3408	3302	3140	2721	3386	3086	2785
ENSG00000168172	24620	40867	28637	49361	54041	47742	30644	27832	26822	30024	28306	25765
ENSG00000168175	6792	10951	7652	7485	8147	7021	6196	5892	5342	6663	5939	5991
ENSG00000168209	1130	2915	2428	2082	2212	2478	1732	2248	1354	2265	2218	1240
ENSG00000168214	5938	10292	6679	5708	6009	5582	5940	6493	5070	7025	5892	5656
ENSG00000168216	1336	2358	1652	1753	1890	1729	1711	1755	1498	1836	1717	1472
ENSG00000168228	626	1005	720	666	674	616	632	670	598	714	687	602
ENSG00000168234	1821	2717	1787	1812	2070	1720	1376	1392	1223	1583	1341	1339
ENSG00000168237	417	653	489	464	494	435	429	318	349	466	399	342
ENSG00000168243	22	45	59	36	64	63	76	69	68	74	46	75
ENSG00000168246	729	1155	892	930	1039	938	729	679	606	756	762	659
ENSG00000168255	564	880	616	695	679	586	551	640	535	643	500	580
ENSG00000168256	1792	2968	2352	2451	2416	2216	1877	1922	1562	2070	1783	1709
ENSG00000168259	3211	5248	3885	3647	3830	3229	3171	3112	2916	3380	3279	2980
ENSG00000168263	3	7	1	4	6	6	9	14	5	1	4	4
ENSG00000168264	28370	49593	36891	35104	37349	34849	30071	30347	25480	34083	30022	25138
ENSG00000168268	5880	9836	7846	14803	15619	14346	6933	5640	5848	6083	5737	5222
ENSG00000168273	135	220	182	293	291	275	209	194	151	163	165	130
ENSG00000168275	456	671	505	402	436	349	408	416	369	349	402	418
ENSG00000168280	55	112	57	121	133	140	98	115	87	87	95	76
ENSG00000168282	5017	8351	6354	5051	5617	4944	4349	4181	3739	5063	4700	4325
ENSG00000168283	1647	2644	1935	1806	1997	1611	1680	1616	1382	1761	1752	1562
ENSG00000168286	1667	2532	2022	1873	2032	1747	1376	1299	1259	1505	1396	1340
ENSG00000168288	3285	5679	4182	3740	4060	3415	3211	2957	2840	3335	3264	3055
ENSG00000168291	2881	4562	3578	3146	3375	3018	2455	2429	2253	2688	2484	2361
ENSG00000168297	5419	8846	6233	4558	4813	4199	4854	5211	4103	5466	4774	4741
ENSG00000168298	11429	21035	17115	13956	14695	13736	12038	11138	9730	12815	12208	10223
ENSG00000168300	2346	4296	3062	2637	2759	2595	2477	3115	2349	3315	2810	2390
ENSG00000168301	151	203	151	402	485	344	183	206	137	197	175	183
ENSG00000168303	1201	1913	1463	1361	1520	1217	1414	1230	1125	1405	1231	1188
ENSG00000168306	16	26	19	142	174	140	46	26	40	27	33	29
ENSG00000168310	1474	2359	1647	1729	1777	1548	1429	1361	1216	1472	1218	1299
ENSG00000168314	34	67	51	65	47	47	57	72	63	60	76	66
ENSG00000168329	280	575	366	75	55	75	345	435	280	547	426	362
ENSG00000168334	32	76	55	3	7	17	16	5	8	29	13	12
ENSG00000168350	37	85	56	56	71	84	75	114	81	125	85	87
ENSG00000168356	112	196	125	128	133	107	165	224	171	150	184	157
ENSG00000168374	3310	5707	4457	3544	3759	3240	2973	2957	2625	3109	3104	3113
ENSG00000168384	0	0	22	18	45	42	24	11	0	25	34	0
ENSG00000168385	12639	20402	14459	15580	16443	14296	13007	12157	11127	13535	12094	11847
ENSG00000168386	24	32	14	142	155	146	50	48	55	41	36	41
ENSG00000168389	999	1369	1061	791	735	644	690	675	563	727	584	757
ENSG00000168393	1866	2663	2296	1757	1960	1571	1829	1562	1388	1756	1769	1658
ENSG00000168394	21	89	25	151	125	102	153	133	36	171	13	209
ENSG00000168395	1948	3124	2480	2008	2238	1960	2257	2274	1878	2465	2380	2071
ENSG00000168397	1746	2669	2225	1762	1857	1660	1601	1598	1450	1807	1759	1473
ENSG00000168398	1	0	0	0	0	2	0	2	0	0	0	0
ENSG00000168404	406	624	477	682	665	580	419	490	393	520	452	420
ENSG00000168411	5987	9209	6430	5906	6425	5456	5066	4711	4325	5484	4928	5044
ENSG00000168418	26	37	32	30	44	33	46	43	34	41	36	31
ENSG00000168421	341	609	426	486	461	460	335	426	325	406	373	310
ENSG00000168427	23	37	34	28	25	11	33	21	18	32	40	34
ENSG00000168434	751	1400	1001	930	896	787	975	1012	887	1124	1051	874
ENSG00000168438	2503	4305	2963	2498	2630	2430	2345	2306	1981	2569	2476	2246
ENSG00000168439	6712	9541	6801	6607	7003	5620	5624	4561	4386	5175	4501	5126
ENSG00000168452	66	0	6	73	33	43	27	80	26	32	9	31
ENSG00000168453	0	3	1	2	5	5	2	2	4	0	2	4
ENSG00000168454	3	15	5	8	15	7	18	16	10	15	2	6
ENSG00000168461	3061	5091	3649	5454	6220	5766	4221	3968	3755	4215	3995	3369
ENSG00000168468	261	460	382	343	280	276	409	397	354	431	404	337
ENSG00000168476	2469	4042	3264	2446	2498	2262	2311	2276	2016	2474	2317	2159
ENSG00000168477	3	9	0	5	2	10	7	33	0	26	27	26
ENSG00000168481	0	1	4	1	0	1	1	4	1	5	0	1
ENSG00000168487	2003	3272	2288	1622	1845	1654	1753	1916	1582	2073	1622	1772
ENSG00000168488	6244	10114	7514	7462	7538	6904	6459	5855	5000	6712	5543	5476
ENSG00000168490	45	96	72	53	55	58	63	59	70	62	58	65
ENSG00000168495	2513	4156	2910	2706	2922	2534	2676	2468	2173	2719	2342	2322
ENSG00000168496	4840	7071	5772	4229	4712	3868	3804	3481	3240	3965	3934	3830
ENSG00000168502	27	23	24	29	12	13	18	5	13	17	10	9
ENSG00000168517	80	132	114	86	124	107	89	98	81	116	114	72
ENSG00000168522	5174	8300	6064	5927	6501	5479	5247	5177	4552	5730	5197	4974
ENSG00000168528	378	625	430	160	176	138	376	456	310	483	374	369
ENSG00000168538	4305	7258	5302	5501	5705	5099	5071	4936	4497	5248	4982	4543
ENSG00000168546	4	7	7	8	9	12	10	16	12	5	12	4
ENSG00000168556	229	312	230	197	229	183	203	169	191	230	161	167
ENSG00000168564	2200	3545	2364	1915	2063	1812	1874	1833	1580	1826	1739	1719
ENSG00000168566	1461	2286	1748	1561	1747	1390	1185	1273	1004	1250	1339	1169
ENSG00000168569	518	729	561	497	533	481	491	414	355	436	411	398
ENSG00000168575	2390	3573	2557	2811	3095	2623	2804	2358	2249	2637	2209	2192
ENSG00000168589	1	1	0	3	2	1	0	3	2	1	0	0
ENSG00000168591	1068	1934	1384	1360	1334	1276	1325	1344	1075	1469	1259	1141
ENSG00000168594	0	4	0	1	1	1	0	2	0	3	5	3
ENSG00000168610	4011	6961	5341	5398	5612	5139	4472	4336	3870	4861	4229	4056
ENSG00000168612	557	900	654	648	625	528	675	672	604	765	601	564
ENSG00000168615	1540	2449	1773	2049	2244	1833	1420	1285	1156	1482	1422	1351
ENSG00000168646	16	24	13	52	62	50	17	23	14	22	20	22
ENSG00000168653	433	630	484	395	413	358	413	349	285	339	408	335
ENSG00000168658	1	8	4	2	1	0	0	4	1	6	4	2
ENSG00000168671	113	116	92	63	58	56	53	53	42	59	58	59
ENSG00000168672	95	137	137	93	110	101	112	87	83	86	77	77
ENSG00000168675	1578	2680	1820	1389	1440	1337	1393	1382	1175	1526	1332	1253
ENSG00000168676	30	45	45	60	49	52	72	58	77	51	36	85
ENSG00000168679	55	98	77	83	81	72	86	92	67	71	72	73
ENSG00000168685	663	1009	663	204	211	170	331	424	304	422	403	483
ENSG00000168701	556	833	715	623	657	562	425	436	346	455	475	411
ENSG00000168702	0	0	0	0	2	0	4	0	0	0	0	0
ENSG00000168710	5809	9373	7350	5971	6305	5731	4924	4977	4213	5618	5193	4772
ENSG00000168724	3307	5183	3687	3293	3504	3040	3116	2949	2555	3051	3068	2864
ENSG00000168734	62	90	97	128	97	114	82	80	81	106	79	67
ENSG00000168743	0	1	0	2	0	1	1	0	0	4	0	0
ENSG00000168748	31	42	30	17	21	15	26	25	24	31	25	20
ENSG00000168754	8	28	21	33	31	21	17	19	23	25	20	28
ENSG00000168758	1623	3197	2329	2628	2753	2555	2849	2584	2395	3034	2594	2108
ENSG00000168763	1687	2721	2064	1985	1997	1713	1807	1935	1657	2088	1771	1657
ENSG00000168765	407	687	603	400	436	373	473	469	430	526	487	379
ENSG00000168769	2894	4962	3184	3602	3816	3339	3311	3566	2765	3682	2938	3019
ENSG00000168778	336	577	448	285	302	249	350	424	360	496	415	366
ENSG00000168779	633	1063	831	440	463	328	662	749	537	876	765	690
ENSG00000168781	3142	4883	3338	3000	3043	2934	2944	2968	2659	3350	2816	2925
ENSG00000168785	62	85	49	73	66	62	65	66	74	76	51	63
ENSG00000168792	12085	18917	14596	13836	14850	13254	10252	9826	8792	11099	10101	10071
ENSG00000168795	1346	2116	1567	1224	1381	1221	1161	1221	974	1422	1286	1212
ENSG00000168802	2347	3935	2512	2439	2645	2010	1788	1798	1558	2182	1422	2053
ENSG00000168803	398	600	464	454	471	399	368	310	308	443	367	355
ENSG00000168806	1070	1541	1267	1045	1124	1010	919	1019	768	1046	949	911
ENSG00000168807	85	125	71	68	63	78	67	73	69	79	62	79
ENSG00000168811	8	9	8	13	7	8	8	9	2	10	2	8
ENSG00000168813	3165	4938	3412	3598	3682	3264	3528	3475	3256	3838	3168	3439
ENSG00000168818	714	1194	893	873	928	858	798	798	738	777	701	763
ENSG00000168824	22	65	41	46	27	42	36	38	39	50	37	31
ENSG00000168826	117	226	147	167	147	156	126	150	150	166	130	142
ENSG00000168827	3234	4751	3501	3725	4012	3237	2907	2534	2431	2861	2381	2610
ENSG00000168872	1692	2586	1977	2076	2110	1790	1734	1445	1418	1563	1406	1563
ENSG00000168874	9	14	8	14	12	15	11	7	7	11	5	7
ENSG00000168876	612	1009	649	612	698	596	713	651	656	723	625	563
ENSG00000168878	8	14	11	48	22	18	21	21	16	27	21	19
ENSG00000168883	2595	4131	2955	2992	3056	2554	2588	2286	2215	2545	2356	2357
ENSG00000168884	1014	1592	1303	1072	1179	978	1051	938	873	1017	1112	898
ENSG00000168887	2374	3897	2781	2737	2775	2456	2703	2796	2380	2890	2612	2560
ENSG00000168890	96	136	96	121	101	92	102	79	66	99	72	79
ENSG00000168894	1013	1939	1477	1208	1247	1042	1119	1109	944	1237	1199	1105
ENSG00000168899	82	118	99	133	104	94	121	125	109	146	98	94
ENSG00000168903	3	4	0	0	0	1	1	0	0	1	1	2
ENSG00000168904	955	1529	1046	946	1044	958	924	891	859	989	835	796
ENSG00000168906	15053	23494	16734	16901	18053	15819	14808	14240	12598	15151	14128	14153
ENSG00000168907	10	10	10	9	7	7	8	4	2	10	6	8
ENSG00000168913	13	24	24	22	10	10	22	9	20	20	13	13
ENSG00000168916	8	23	14	25	41	24	29	21	22	19	21	17
ENSG00000168917	142	322	195	244	249	214	247	277	215	290	283	232
ENSG00000168918	18916	35291	24894	25422	27096	25168	23939	23804	20478	26884	22554	19985
ENSG00000168924	6791	9481	7629	6705	7354	5971	5869	4973	4889	5549	5098	5381
ENSG00000168936	780	1179	883	797	817	686	599	521	479	612	568	543
ENSG00000168939	46	115	52	87	89	80	68	65	61	73	70	69
ENSG00000168944	2033	3263	2273	1961	2017	1862	1989	1865	1699	2045	1823	1800
ENSG00000168952	14	16	10	11	11	9	8	9	10	18	3	6
ENSG00000168958	1300	2286	1788	1456	1555	1314	1478	1532	1186	1534	1447	1259
ENSG00000168961	5253	8462	6499	6623	7006	6099	5563	4839	4578	5569	4779	4621
ENSG00000168970	1129	1843	1464	1395	1455	1347	1529	1472	1327	1765	1436	1232
ENSG00000168993	23	45	19	27	40	27	14	26	14	23	12	21
ENSG00000168994	1	2	2	2	2	6	2	1	0	1	1	2
ENSG00000168995	202	417	327	583	648	614	353	328	301	345	305	271
ENSG00000169016	955	1479	1047	898	1031	917	873	731	648	802	752	807
ENSG00000169018	4654	7351	5226	4739	4884	4285	4235	4076	3659	4646	4521	4040
ENSG00000169019	1114	1862	1311	1222	1399	1194	972	1034	913	1093	1172	1003
ENSG00000169020	150	199	141	156	137	135	125	94	99	158	127	82
ENSG00000169021	6342	10198	8571	6893	7447	6305	5904	5182	4745	5495	5928	5276
ENSG00000169026	7	3	8	9	6	10	9	6	9	10	12	4
ENSG00000169032	2509	4557	3325	4718	4912	4548	2898	2693	2444	3000	2616	2516
ENSG00000169045	29004	45808	31997	32080	33188	29336	30740	29113	26867	30976	29248	27823
ENSG00000169047	8	36	14	7	23	16	13	8	9	11	3	6
ENSG00000169057	2859	4785	3188	3635	3567	3434	3429	3409	2963	3652	3008	3152
ENSG00000169062	1402	2196	1600	1684	1796	1600	1381	1517	1295	1658	1485	1369
ENSG00000169064	1	4	2	0	1	1	2	2	1	5	4	0
ENSG00000169071	1	6	2	4	9	12	3	5	7	5	4	3
ENSG00000169083	12	11	14	23	34	38	12	13	14	13	15	9
ENSG00000169084	397	692	510	583	611	521	607	529	463	625	537	504
ENSG00000169085	1	0	0	5	0	0	0	0	0	3	3	0
ENSG00000169087	513	716	472	487	569	425	601	586	540	680	507	647
ENSG00000169093	2131	3735	2989	3100	3217	3152	2831	2540	2450	2933	2602	2454
ENSG00000169100	14800	25460	19711	20055	21101	19370	16761	15254	13821	17491	15414	13819
ENSG00000169105	829	1211	1020	864	908	798	739	699	580	798	719	650
ENSG00000169118	3138	5103	3549	3971	4282	3809	3228	3265	2903	3578	3178	3011
ENSG00000169122	15	21	21	5	15	5	12	17	10	11	12	14
ENSG00000169126	2	5	2	1	3	3	0	0	4	1	4	1
ENSG00000169129	0	0	0	0	3	0	0	0	1	3	0	0
ENSG00000169131	270	429	302	350	330	280	289	252	259	294	238	282
ENSG00000169136	5561	15440	12197	8764	9274	10271	8862	10004	7029	11133	9373	5900
ENSG00000169139	3929	6125	4359	4082	4443	3737	3414	3270	3113	3493	3558	3274
ENSG00000169155	1079	1850	1325	1242	1213	1018	1092	1256	944	1284	1010	1182
ENSG00000169169	68	126	97	115	97	102	130	148	103	141	124	103
ENSG00000169180	8514	13366	9589	8920	9319	8305	7507	7120	6505	7879	7095	6978
ENSG00000169181	2	7	5	1	2	2	3	2	0	7	0	1
ENSG00000169184	26	23	28	45	47	39	45	32	43	47	36	22
ENSG00000169188	1209	2049	1383	1293	1317	1224	1200	1065	943	1348	1151	1022
ENSG00000169189	1176	1986	1573	1366	1466	1379	1215	1153	983	1323	1184	1061
ENSG00000169193	222	338	266	240	292	276	193	186	147	200	230	200
ENSG00000169194	1	1	1	2	5	3	2	1	6	1	2	2
ENSG00000169203	1013	1699	957	1193	1103	932	1405	1352	1158	1519	1164	1130
ENSG00000169208	108	158	108	145	101	145	144	161	132	142	109	142
ENSG00000169213	145	240	152	157	139	182	190	192	145	198	176	202
ENSG00000169217	1640	2662	2118	1826	2036	1739	1499	1485	1430	1686	1588	1570
ENSG00000169218	5	4	1	11	13	12	10	11	10	11	8	10
ENSG00000169220	951	1717	1331	1111	1139	1005	1177	1135	1053	1274	1133	1009
ENSG00000169221	4297	7230	5867	4499	4909	4638	4171	4192	3605	4705	4413	4065
ENSG00000169223	3133	5305	4287	3624	3691	3395	3277	3173	2715	3465	3031	2952
ENSG00000169224	0	0	1	1	2	1	3	1	2	1	3	0
ENSG00000169228	908	1736	1270	1046	1112	991	1346	1445	1120	1487	1443	1083
ENSG00000169230	4403	6929	5657	4213	4344	3810	4096	3734	3554	4554	4210	3966
ENSG00000169231	482	945	665	554	550	516	616	681	516	682	601	530
ENSG00000169239	1351	2316	1645	1895	1896	1690	1763	1832	1656	2018	1703	1562
ENSG00000169241	1004	1849	1243	994	1144	954	936	988	937	1043	942	929
ENSG00000169245	14	13	21	34	34	25	1	9	3	3	5	3
ENSG00000169246	1236	1930	1347	1509	1500	1317	1601	1964	1609	1906	1441	1562
ENSG00000169247	89	166	131	96	97	104	131	179	163	132	128	150
ENSG00000169248	2	24	27	8	13	14	6	3	3	13	3	11
ENSG00000169249	119	175	138	172	154	140	128	118	100	136	146	113
ENSG00000169251	3869	6324	4503	3769	4079	3469	3557	3620	3121	3623	3580	3263
ENSG00000169252	640	1185	906	440	466	410	759	917	670	1049	965	628
ENSG00000169255	105	204	156	138	152	142	161	154	132	140	129	137
ENSG00000169258	668	990	879	744	764	655	491	513	468	600	561	536
ENSG00000169260	0	0	106	0	89	0	0	69	97	91	0	0
ENSG00000169282	9	14	4	9	5	9	9	2	4	6	8	5
ENSG00000169288	599	941	705	551	562	523	562	422	496	542	493	554
ENSG00000169291	116	223	130	168	190	185	173	229	212	208	147	222
ENSG00000169299	2518	4106	2848	2147	2301	2045	2273	2415	1917	2467	2480	2141
ENSG00000169314	5	0	5	0	1	0	1	0	0	0	0	0
ENSG00000169327	43	74	50	70	76	55	85	86	88	80	75	55
ENSG00000169330	190	308	203	175	190	155	120	136	132	178	130	145
ENSG00000169347	2	2	4	4	4	3	5	3	4	0	11	4
ENSG00000169359	2954	5449	3720	3581	3730	3413	3234	3705	2961	3827	3490	3112
ENSG00000169371	1433	2279	1722	1640	1803	1555	1503	1462	1252	1508	1414	1383
ENSG00000169372	189	349	267	175	200	221	239	207	187	260	210	218
ENSG00000169375	7869	12332	8227	8653	9164	8010	7750	7461	6747	8278	7115	7138
ENSG00000169379	400	620	462	412	478	376	321	300	286	320	312	375
ENSG00000169385	1109	1683	874	408	353	334	724	826	575	1032	738	860
ENSG00000169397	343	409	290	133	118	81	255	246	139	291	264	301
ENSG00000169398	2466	4033	3019	3187	3429	3115	2728	2766	2527	2970	2753	2542
ENSG00000169402	85	122	129	139	143	134	150	153	149	151	134	125
ENSG00000169403	848	1562	1259	631	659	650	1305	1489	1048	1547	1469	1099
ENSG00000169410	3523	5759	4284	4753	5344	4507	3387	3006	3004	3462	3076	3156
ENSG00000169413	501	949	567	1180	1219	1090	813	655	680	836	706	620
ENSG00000169418	9	6	7	2	1	1	4	1	3	2	9	0
ENSG00000169427	5	9	2	5	7	3	10	3	1	1	1	2
ENSG00000169429	152	555	478	154	205	219	220	338	180	255	344	88
ENSG00000169432	75	145	30	108	79	101	66	110	73	97	91	82
ENSG00000169435	6	4	6	1	4	3	3	2	1	2	6	4
ENSG00000169439	1354	2452	1826	1160	1344	1301	1654	1944	1417	2040	2046	1588
ENSG00000169442	42	137	95	67	65	55	100	98	96	100	87	55
ENSG00000169446	2812	4889	3490	3623	3945	3637	2897	2770	2505	3055	3011	2680
ENSG00000169490	1000	1563	1160	1248	1398	1238	1082	993	841	1055	1052	933
ENSG00000169495	26	39	16	38	34	50	36	50	36	36	26	25
ENSG00000169499	7796	14746	10740	9432	10265	10192	9099	9364	7846	10335	9654	7782
ENSG00000169504	11841	19757	13990	13916	15381	13526	10768	10347	8817	11342	10886	10662
ENSG00000169508	529	1016	659	1879	2072	1686	691	664	618	773	735	593
ENSG00000169519	1178	1942	1292	1037	1154	957	1039	1177	1024	1085	1104	1019
ENSG00000169551	0	0	0	0	4	1	2	2	0	0	0	2
ENSG00000169554	31474	51572	31629	32098	34063	29422	31016	31445	26716	34013	28332	29199
ENSG00000169564	13687	22942	15439	15510	16634	14479	13870	12674	11069	14611	12020	11777
ENSG00000169567	2671	4289	3016	4111	4287	3716	3147	2898	2502	3072	2785	2555
ENSG00000169570	574	982	625	885	896	783	721	766	682	765	749	622
ENSG00000169583	3	10	17	9	11	10	13	13	14	12	19	7
ENSG00000169592	1126	1756	1402	1342	1402	1289	1091	983	853	1080	988	919
ENSG00000169598	940	1438	1108	981	1014	885	1005	1052	790	1095	916	857
ENSG00000169599	317	449	363	305	329	244	319	312	250	353	329	291
ENSG00000169604	48	79	60	60	67	54	48	64	43	65	39	50
ENSG00000169607	1578	2620	1776	1625	1875	1588	1548	1515	1292	1494	1347	1483
ENSG00000169609	1535	2764	1895	2069	2196	1897	1843	2059	1720	2075	1839	1717
ENSG00000169612	820	1359	1074	962	969	823	818	848	774	903	928	787
ENSG00000169621	161	241	201	222	212	184	165	149	161	164	163	146
ENSG00000169627	552	856	830	500	615	433	479	422	355	478	542	478
ENSG00000169629	64	107	68	57	86	60	49	48	50	43	45	52
ENSG00000169635	1418	2532	1726	1413	1431	1374	1629	1544	1343	1826	1533	1477
ENSG00000169641	2950	4497	3125	3588	3772	3337	2756	2757	2333	3016	2587	2777
ENSG00000169660	782	1256	1046	913	929	880	874	827	680	927	832	734
ENSG00000169676	0	6	3	0	2	3	1	4	2	6	3	0
ENSG00000169679	7082	10429	7322	6685	7153	5968	6067	5818	5254	6315	5488	6053
ENSG00000169682	1068	1759	1376	1273	1400	1274	1266	1224	1048	1387	1180	1108
ENSG00000169683	1238	1824	1385	1035	1071	929	1244	1019	989	1285	1095	1087
ENSG00000169684	56	78	57	48	58	52	28	30	26	34	35	28
ENSG00000169689	1036	1663	1458	994	1065	884	907	876	791	851	937	835
ENSG00000169692	3239	5013	3954	3104	3151	2819	2710	2603	2190	3055	2759	2763
ENSG00000169696	1676	2639	2128	2053	2187	1961	1899	1797	1741	2026	1923	1721
ENSG00000169704	13	31	11	12	6	12	6	11	16	7	25	17
ENSG00000169710	86961	132236	100773	57319	58529	54163	56827	54253	46556	64060	58156	59899
ENSG00000169714	13792	22631	16033	13605	14991	12727	12680	12209	10950	13116	12434	12102
ENSG00000169715	773	1540	1151	1304	1372	1182	1372	1392	1234	1526	1322	1050
ENSG00000169718	3588	5102	4095	3887	4073	3611	3121	2799	2689	3121	2838	2865
ENSG00000169727	2814	4393	3393	3402	3363	2793	2648	2229	2119	2686	2304	2281
ENSG00000169733	787	1557	1190	925	945	993	995	1005	745	1084	1018	779
ENSG00000169738	2476	4051	3597	2495	2678	2389	2228	2245	1904	2415	2545	2072
ENSG00000169740	300	485	385	451	504	443	338	291	287	330	297	278
ENSG00000169750	497	735	595	313	286	286	374	368	279	393	399	325
ENSG00000169752	482	969	645	451	485	487	687	778	665	846	724	678
ENSG00000169756	3523	6655	4747	3695	3801	3436	3631	4081	3190	4347	4211	3428
ENSG00000169758	102	127	129	87	61	105	90	99	100	115	108	101
ENSG00000169762	1013	1585	1235	1147	1160	1115	1062	1043	955	1175	1132	1032
ENSG00000169764	5920	10197	7479	6377	7118	6184	6191	6326	5267	6610	6400	5742
ENSG00000169783	5	0	0	0	0	0	0	2	0	0	1	0
ENSG00000169813	19116	28475	20795	19030	20336	17334	16016	14532	13402	15989	14461	14942
ENSG00000169814	632	1126	793	866	939	905	794	742	635	789	758	624
ENSG00000169826	3273	6077	4286	2851	3065	2787	3226	3591	2830	3827	3593	2929
ENSG00000169851	3	19	4	0	3	0	6	6	3	5	9	3
ENSG00000169855	69	103	73	129	144	140	131	109	139	114	95	90
ENSG00000169856	1	2	1	0	0	0	3	0	0	0	0	0
ENSG00000169857	797	1330	1013	1056	1076	887	780	749	699	829	723	810
ENSG00000169860	268	417	292	300	262	269	313	251	270	326	263	248
ENSG00000169871	3603	5825	4319	4437	4633	4273	4057	4578	3623	4657	4238	3612
ENSG00000169884	737	1155	993	700	780	716	693	666	614	776	665	555
ENSG00000169885	3	10	9	8	3	7	8	6	7	5	8	12
ENSG00000169891	139	273	178	230	221	217	224	261	205	273	277	226
ENSG00000169895	2829	4860	3490	3698	3902	3572	3430	3254	2972	3415	3242	3078
ENSG00000169896	78	222	147	1067	1039	1156	561	476	512	560	401	309
ENSG00000169900	2	0	4	0	0	1	4	2	0	0	2	0
ENSG00000169902	0	4	3	3	9	11	1	2	0	5	3	14
ENSG00000169905	9383	14923	10275	8908	9562	8681	8620	8769	7381	9636	8549	8355
ENSG00000169908	3	5	11	5	3	1	0	0	0	3	5	3
ENSG00000169914	938	1453	998	1177	1203	1081	1154	1175	1017	1187	1138	1062
ENSG00000169918	62	94	62	70	50	66	73	54	50	57	38	56
ENSG00000169919	2595	3971	2988	3066	3182	2768	3049	3007	2531	3198	2994	2786
ENSG00000169925	4795	7761	5848	5704	6303	5491	5389	4802	4488	5724	4881	4700
ENSG00000169926	1509	2536	1757	2636	2516	2387	1629	1645	1436	1932	1577	1431
ENSG00000169946	46	84	63	81	53	63	74	60	66	82	69	61
ENSG00000169951	321	620	447	440	435	384	397	375	325	467	373	372
ENSG00000169955	496	913	750	691	704	695	559	494	490	538	497	511
ENSG00000169957	1319	2186	1818	1316	1470	1332	1368	1217	1101	1437	1380	1161
ENSG00000169962	45	69	73	38	49	51	38	83	43	54	49	34
ENSG00000169964	206	317	277	249	243	218	254	198	237	297	256	190
ENSG00000169967	4790	8263	5729	6605	7144	6518	5239	5502	4767	5813	5593	4962
ENSG00000169972	584	816	711	598	689	528	522	445	439	460	433	480
ENSG00000169976	1445	2333	1952	1493	1532	1344	1407	1369	1136	1540	1393	1326
ENSG00000169981	48	82	57	74	66	56	58	39	41	44	39	54
ENSG00000169989	1	13	7	12	5	9	2	10	5	6	8	7
ENSG00000169991	303	624	469	407	501	497	376	358	333	411	397	309
ENSG00000169992	656	1116	830	835	821	819	815	916	742	989	883	685
ENSG00000169994	137	238	198	40	42	38	267	272	197	356	298	174
ENSG00000170004	12429	20340	14893	12976	13961	12326	13675	12724	11385	14398	12396	12366
ENSG00000170006	4070	7211	5337	2792	2827	2780	4115	4788	3593	5348	4604	4250
ENSG00000170011	0	1	1	1	0	2	4	3	2	6	0	1
ENSG00000170017	1274	2030	1273	1507	1578	1318	1148	1030	1033	1209	1073	1061
ENSG00000170027	18151	27841	19636	20111	21312	17877	16253	14847	13925	16718	14725	15408
ENSG00000170035	1010	1793	1250	1023	1181	965	838	854	813	980	893	904
ENSG00000170037	2521	4075	3373	2636	2741	2543	2790	2751	2299	3081	2936	2431
ENSG00000170043	1799	2963	2156	2096	2304	1923	1858	1736	1545	2027	1810	1544
ENSG00000170049	86	146	114	123	131	107	113	96	95	118	77	95
ENSG00000170074	92	132	100	105	96	110	108	135	108	154	141	124
ENSG00000170075	17	20	15	12	15	16	33	17	24	20	20	26
ENSG00000170085	1126	1692	1168	1015	1003	878	1071	1073	856	1198	952	1060
ENSG00000170088	2539	3862	2790	2795	2744	2425	2579	2522	2228	2625	2470	2381
ENSG00000170092	8	6	8	9	7	8	5	12	7	16	8	2
ENSG00000170100	683	1001	751	729	774	773	712	679	683	674	724	743
ENSG00000170113	1027	1732	1130	1047	1199	1118	1049	1141	945	1228	1046	966
ENSG00000170122	18	42	24	9	23	9	12	21	15	20	16	13
ENSG00000170128	2	7	7	6	5	3	2	10	5	4	7	8
ENSG00000170142	2900	4910	3397	3079	3249	2889	2894	2871	2446	3044	2581	2657
ENSG00000170144	21101	31874	22988	21589	23012	19609	18917	17235	16156	18818	17942	18219
ENSG00000170145	2109	3324	2343	2199	2277	2186	2198	2232	1898	2445	2128	1976
ENSG00000170153	27	37	23	21	9	19	44	38	25	54	42	18
ENSG00000170160	2529	3976	2739	2743	2681	2421	2373	3097	2328	3110	2555	2350
ENSG00000170175	381	619	518	487	543	470	410	454	388	506	411	391
ENSG00000170180	10	24	10	20	17	13	17	11	12	24	7	23
ENSG00000170185	1720	2700	2014	1808	2065	1747	1495	1474	1309	1579	1482	1572
ENSG00000170190	363	575	540	560	618	566	402	510	369	520	430	385
ENSG00000170191	668	964	620	504	545	412	524	456	404	526	453	473
ENSG00000170209	2	0	0	0	0	0	0	1	1	0	0	2
ENSG00000170214	0	0	0	3	4	3	1	2	1	0	1	0
ENSG00000170222	302	477	335	279	322	273	248	320	243	336	301	268
ENSG00000170231	2	1	3	2	1	0	0	3	1	1	1	1
ENSG00000170234	2610	4365	2970	2781	2994	2667	2686	2946	2366	3054	2785	2660
ENSG00000170236	5	11	8	7	5	5	7	7	8	7	6	6
ENSG00000170242	4099	6694	4777	4065	4421	3604	3960	3983	3314	4364	4129	3823
ENSG00000170248	7573	12668	9084	8259	8951	8086	8608	8660	7762	9346	8866	7912
ENSG00000170260	604	967	767	670	691	722	617	579	564	652	608	504
ENSG00000170262	1	1	0	3	2	3	0	4	0	1	1	0
ENSG00000170264	425	664	479	337	397	370	372	462	412	476	438	393
ENSG00000170265	1634	2625	1978	1799	1887	1549	1432	1490	1207	1536	1362	1348
ENSG00000170266	1821	2943	2118	2017	2297	1948	1876	1855	1613	2057	1781	1742
ENSG00000170270	720	1251	662	551	755	621	574	648	557	633	562	630
ENSG00000170271	52	107	78	115	93	88	132	104	85	93	105	59
ENSG00000170275	3246	5202	3610	4220	4479	4290	3401	3194	2990	3762	3191	3052
ENSG00000170276	0	0	0	3	4	3	0	2	1	0	1	0
ENSG00000170291	1236	2063	1513	1305	1405	1258	1164	1085	980	1256	1134	1029
ENSG00000170296	2818	5296	3790	7898	8429	7526	3833	3442	3155	3828	3406	3199
ENSG00000170298	6	13	7	8	5	10	4	5	2	13	8	5
ENSG00000170310	477	812	612	556	595	533	640	572	546	652	608	567
ENSG00000170312	5781	9232	6630	5432	5993	5039	5013	5042	4392	5366	5366	4681
ENSG00000170315	14369	23610	20070	16649	17988	15851	14052	12913	11324	14286	14537	12306
ENSG00000170322	2609	4130	3139	3711	3851	3246	2737	2601	2411	2864	2419	2427
ENSG00000170325	1164	1801	1335	1218	1321	1130	1115	1083	986	1326	1092	1091
ENSG00000170340	2855	5057	3505	3495	3706	3381	3023	2786	2449	3023	2995	2468
ENSG00000170345	8385	16803	12211	13355	14076	13020	7068	8009	6262	8136	8322	4515
ENSG00000170348	28416	46395	33299	34745	37465	32398	28497	26376	24495	29701	27985	26375
ENSG00000170364	876	1282	971	996	945	946	809	755	717	806	883	802
ENSG00000170365	11	8	6	6	8	17	17	4	7	13	8	7
ENSG00000170374	0	0	2	1	2	1	0	0	0	0	1	0
ENSG00000170379	400	888	555	519	553	522	538	651	541	699	599	380
ENSG00000170381	66	143	85	104	111	76	123	97	105	115	118	93
ENSG00000170382	12	29	31	30	18	23	20	28	31	21	20	12
ENSG00000170385	3221	5333	4007	3947	4017	3791	3624	3494	3175	4015	3912	3260
ENSG00000170390	5	5	10	7	3	6	5	4	2	3	1	3
ENSG00000170396	322	513	393	368	341	297	335	318	277	344	302	374
ENSG00000170412	247	698	627	294	347	396	455	639	389	622	554	267
ENSG00000170417	605	1062	246	763	797	701	825	904	715	948	620	680
ENSG00000170421	169	337	248	380	370	389	334	293	312	352	307	220
ENSG00000170423	1	1	1	5	6	5	2	5	6	1	6	2
ENSG00000170425	446	946	691	509	545	488	577	564	479	599	554	484
ENSG00000170430	353	578	498	479	464	386	401	367	385	435	398	365
ENSG00000170439	373	654	457	1015	1117	884	446	400	325	419	398	376
ENSG00000170442	5	9	10	5	1	7	3	4	4	6	1	1
ENSG00000170445	1942	2865	2083	2084	2205	1834	1862	1643	1655	1887	1606	1735
ENSG00000170448	966	1828	1353	915	920	881	833	958	779	1058	982	809
ENSG00000170456	36	78	39	47	50	34	23	16	27	31	32	20
ENSG00000170458	8	8	9	16	9	19	3	15	7	5	5	11
ENSG00000170464	314	596	371	379	398	335	307	322	300	372	296	263
ENSG00000170468	1293	1868	1419	1328	1396	1210	1082	871	757	992	927	1030
ENSG00000170469	73	81	72	53	59	43	58	51	48	63	74	40
ENSG00000170471	4388	6732	4843	5034	5278	4660	4282	4081	3931	4563	4052	4010
ENSG00000170473	979	1856	1393	1103	1167	1099	1108	1052	889	1198	1002	939
ENSG00000170476	3	17	6	6	12	6	10	23	6	15	6	10
ENSG00000170482	3	4	0	0	0	0	2	3	1	2	0	2
ENSG00000170485	23	19	7	27	19	9	11	25	11	14	13	11
ENSG00000170500	9	24	8	8	11	3	7	9	12	16	9	13
ENSG00000170502	270	404	307	232	236	265	273	194	204	258	206	230
ENSG00000170509	114	234	135	186	163	119	160	180	164	136	173	156
ENSG00000170515	8568	12678	9168	8105	8470	7180	7873	6557	6087	7376	6319	6978
ENSG00000170522	209	379	273	167	147	146	187	182	196	204	255	222
ENSG00000170525	826	1414	1105	1098	1072	1060	1003	964	901	1153	1014	841
ENSG00000170537	44	61	51	62	49	64	57	69	53	57	76	50
ENSG00000170540	13041	21190	15863	15884	17508	15568	12150	11568	10556	12908	12661	11616
ENSG00000170542	141	276	178	243	215	210	255	263	180	241	223	227
ENSG00000170545	16	27	27	17	34	15	19	32	17	13	17	16
ENSG00000170571	59992	91832	57053	52625	56940	48236	50648	51526	44104	55197	48204	51481
ENSG00000170577	1	0	1	0	6	0	1	0	2	1	2	0
ENSG00000170579	4	1	2	0	3	0	4	2	5	1	0	0
ENSG00000170581	3970	7457	5635	5034	5349	4942	5089	5629	4363	6116	5477	4617
ENSG00000170584	1249	2039	1395	1068	1171	985	1095	1009	937	1228	1163	1054
ENSG00000170604	1944	3108	2623	2035	2259	1948	1867	1768	1574	1927	1796	1640
ENSG00000170606	8283	11626	9206	8353	8909	7313	6890	5801	5529	6400	6074	6381
ENSG00000170619	774	1538	1265	1145	1218	1091	988	868	783	1020	986	847
ENSG00000170627	41	74	46	36	51	47	50	40	51	37	47	32
ENSG00000170631	563	910	665	591	694	614	623	534	477	653	564	543
ENSG00000170632	2123	3490	2420	2078	2424	1999	2041	2068	1947	2155	2142	2134
ENSG00000170633	1611	2528	1884	1953	2152	1853	1651	1560	1393	1721	1593	1539
ENSG00000170634	137	311	171	198	205	203	162	142	132	187	152	160
ENSG00000170638	3471	5770	4751	4377	4605	4453	4401	4082	3705	4646	4074	3630
ENSG00000170653	2226	3592	2205	2757	2847	2479	2605	2579	2204	2852	2001	2220
ENSG00000170667	457	759	744	682	649	527	689	743	599	911	745	560
ENSG00000170677	872	1462	1006	1088	1096	949	873	879	786	975	914	853
ENSG00000170681	2	6	0	5	3	1	1	1	0	1	1	1
ENSG00000170683	22	50	44	30	39	25	46	35	31	37	40	36
ENSG00000170684	207	411	304	341	322	325	313	276	243	312	284	268
ENSG00000170703	1	7	8	16	9	4	10	10	11	11	14	4
ENSG00000170734	2529	4114	2899	3000	3360	2977	2951	2937	2583	3260	2851	2785
ENSG00000170745	10	16	13	5	7	10	7	4	8	3	0	1
ENSG00000170759	12927	19788	14142	15108	16752	14115	11649	10935	10124	11676	11320	11056
ENSG00000170775	0	5	0	3	4	4	0	2	3	1	1	2
ENSG00000170776	3641	6234	4452	5594	6137	5547	4885	4949	4231	5232	4732	4471
ENSG00000170779	2562	4082	3285	2515	2644	2292	2234	2157	2031	2395	2248	2175
ENSG00000170790	95	252	135	185	182	153	176	207	182	213	163	186
ENSG00000170791	1135	1912	1479	1228	1332	1201	1421	1350	1167	1467	1434	1294
ENSG00000170801	549	926	688	450	451	506	458	520	413	548	503	438
ENSG00000170802	5165	8186	5584	6385	7089	6218	5041	5008	4520	5281	4852	4704
ENSG00000170819	0	0	0	1	1	0	1	2	0	0	1	2
ENSG00000170832	9318	15269	10241	9633	10128	9164	8654	8775	7464	9661	8453	8483
ENSG00000170835	10	40	24	15	12	15	24	24	23	30	17	21
ENSG00000170836	1481	2431	1873	1707	1783	1570	1501	1447	1287	1602	1481	1375
ENSG00000170837	5	3	3	0	0	0	1	2	1	1	4	1
ENSG00000170846	689	1160	909	694	717	694	645	655	571	698	675	578
ENSG00000170852	2680	4439	3028	2828	3054	2737	2618	2707	2245	2877	2754	2446
ENSG00000170854	993	1424	1061	1603	1849	1463	983	794	831	777	806	925
ENSG00000170855	1034	1743	1392	1077	1184	1071	938	971	869	1065	1123	980
ENSG00000170860	883	1500	1100	955	1079	877	1033	902	819	1123	870	961
ENSG00000170871	3223	5341	3684	3652	3917	3542	3232	3140	2810	3300	3187	3340
ENSG00000170873	22	58	60	59	66	71	43	78	62	64	46	28
ENSG00000170876	5093	8264	6166	5323	5698	5063	5191	4919	4368	5505	5081	4710
ENSG00000170881	2800	4703	3135	3084	3374	2979	2766	2590	2306	2829	2472	2576
ENSG00000170889	559	2464	417	620	1620	1365	1315	919	992	2425	359	685
ENSG00000170892	120	238	180	160	201	151	139	190	118	177	130	177
ENSG00000170899	44	57	36	44	41	28	24	28	26	42	25	26
ENSG00000170903	1027	1563	1098	975	1062	923	908	902	875	936	970	982
ENSG00000170906	83	102	83	104	90	75	55	64	71	95	37	73
ENSG00000170909	745	1427	1400	957	1016	982	823	806	761	921	1081	667
ENSG00000170915	1261	1953	1348	2214	2436	2249	1617	1675	1492	1902	1666	1484
ENSG00000170917	192	304	256	185	217	218	239	306	267	312	297	232
ENSG00000170921	878	1417	944	1296	1224	1161	970	1024	889	1114	930	873
ENSG00000170923	37	71	35	64	55	47	54	59	55	59	68	56
ENSG00000170946	664	1023	744	702	808	659	637	617	560	657	710	655
ENSG00000170949	1559	3172	2126	2160	2130	2078	2284	2463	2011	2596	2310	1691
ENSG00000170954	0	0	1	5	2	4	0	0	3	0	0	1
ENSG00000170955	16	71	46	87	95	90	41	32	19	25	41	35
ENSG00000170959	11	14	9	12	20	3	11	17	14	19	19	14
ENSG00000170962	32	33	34	23	30	15	25	31	21	31	22	26
ENSG00000171016	9	8	11	9	14	9	12	18	11	27	18	18
ENSG00000171017	14	37	15	22	21	13	15	24	22	20	20	15
ENSG00000171044	505	900	683	572	575	488	551	628	458	630	548	444
ENSG00000171045	1842	3140	2492	1968	2023	1824	2052	1925	1729	2187	1965	1676
ENSG00000171049	26	38	18	7	12	10	23	26	11	34	37	18
ENSG00000171051	11	9	5	9	14	9	16	9	14	13	7	8
ENSG00000171055	1353	2439	1703	1625	1789	1705	1504	1552	1396	1662	1690	1418
ENSG00000171056	0	19	42	0	27	46	3	0	9	26	8	0
ENSG00000171067	878	1557	1296	1351	1454	1269	871	848	823	988	837	883
ENSG00000171097	182	285	208	199	238	198	124	137	157	157	152	121
ENSG00000171100	2106	3534	2202	2151	2312	2009	2166	2079	1783	2232	1950	2055
ENSG00000171103	732	1208	891	747	775	616	698	621	534	773	737	585
ENSG00000171105	9806	16601	12817	9622	10347	9955	9788	11142	8560	12459	10933	9326
ENSG00000171109	7003	11864	7232	8948	8814	8146	8996	9398	8147	9518	8612	7871
ENSG00000171115	339	644	490	407	404	407	629	614	459	671	567	519
ENSG00000171116	0	9	6	12	0	0	0	0	8	0	0	0
ENSG00000171119	4	11	8	8	4	7	1	9	0	11	4	0
ENSG00000171121	111	184	99	139	133	117	164	186	142	199	147	165
ENSG00000171124	0	0	1	0	0	2	0	0	1	1	0	0
ENSG00000171130	274	436	356	385	407	378	371	356	305	368	267	320
ENSG00000171132	925	1622	1188	1887	1942	1766	1668	1413	1478	1683	1468	1284
ENSG00000171135	1433	2501	1864	1458	1586	1395	1251	1281	1107	1310	1377	1235
ENSG00000171136	2	1	2	0	1	3	0	1	1	3	1	3
ENSG00000171148	3428	6205	4939	3938	4444	4099	4276	4156	3617	4773	4541	3834
ENSG00000171150	1830	2794	2046	1778	1979	1687	1748	1843	1508	1979	1782	1545
ENSG00000171155	930	1546	1105	882	1016	859	970	948	828	989	1015	913
ENSG00000171159	604	947	843	927	931	842	630	500	481	682	629	562
ENSG00000171160	26	24	28	43	27	35	26	35	36	38	34	40
ENSG00000171161	1596	2272	1894	1588	1710	1487	1334	1321	1214	1472	1333	1192
ENSG00000171163	1280	1911	1537	1096	1223	967	1315	1253	1129	1492	1187	1145
ENSG00000171169	540	900	746	697	705	631	590	627	587	668	591	525
ENSG00000171174	330	677	440	385	427	450	436	472	391	509	408	405
ENSG00000171180	5	3	2	6	5	2	10	13	2	4	3	3
ENSG00000171189	3	0	0	0	0	0	0	0	0	3	0	0
ENSG00000171202	629	1021	653	590	651	633	528	531	483	599	468	562
ENSG00000171204	830	1324	987	752	838	769	754	807	684	886	810	832
ENSG00000171206	3648	6265	5044	5405	5443	5291	4228	4134	3611	4322	4099	3650
ENSG00000171208	2285	3389	2470	2168	2321	1964	2224	2106	1849	2146	2106	1972
ENSG00000171217	4	3	3	1	3	1	2	3	4	3	1	3
ENSG00000171219	216	359	321	265	333	260	297	351	230	290	321	266
ENSG00000171222	1004	1679	1418	1204	1349	1309	1107	947	924	1021	1165	895
ENSG00000171223	2966	5258	4172	3147	3148	2982	2808	3030	2285	3194	2999	2383
ENSG00000171224	59	150	82	87	82	99	46	77	53	87	72	69
ENSG00000171227	4	10	1	4	5	3	2	1	3	5	4	2
ENSG00000171234	0	8	0	0	1	1	0	1	1	0	0	1
ENSG00000171236	315	515	409	365	436	379	578	526	501	578	479	443
ENSG00000171241	3713	5787	4278	3721	4035	3324	3432	3433	2980	3638	3532	3387
ENSG00000171246	13	14	5	8	3	5	3	10	6	2	4	8
ENSG00000171262	2820	4372	2673	2755	2897	2558	2431	2142	2180	2439	2139	2253
ENSG00000171291	263	448	288	388	369	359	405	413	388	420	329	347
ENSG00000171295	544	941	756	733	768	658	757	805	657	866	772	706
ENSG00000171298	1973	3487	2636	2718	2934	2613	2301	2325	1898	2704	2313	2022
ENSG00000171302	2579	4395	3458	3033	3315	3010	2750	2638	2475	2958	2888	2613
ENSG00000171303	1	1	5	2	3	1	0	8	4	1	1	6
ENSG00000171307	808	1306	893	895	978	898	818	675	660	792	690	697
ENSG00000171310	10476	17221	11877	10512	11412	10112	10588	9994	8826	11615	9725	9225
ENSG00000171311	446	775	598	632	625	540	551	496	472	519	510	500
ENSG00000171314	27084	45138	33442	29150	31566	29152	28654	27590	24229	32119	28727	24252
ENSG00000171316	2444	3580	2447	2516	2774	2349	2597	2336	2282	2672	2203	2426
ENSG00000171320	3888	5681	3555	4318	4551	3889	3544	3285	3035	3517	3260	3363
ENSG00000171346	137	217	160	186	163	143	180	223	219	186	216	216
ENSG00000171365	907	1422	899	881	938	704	700	649	598	821	747	638
ENSG00000171368	34	50	32	45	47	48	32	42	27	47	33	33
ENSG00000171385	7	15	13	7	20	13	19	10	4	8	7	12
ENSG00000171388	10	21	25	7	12	15	14	13	11	20	18	7
ENSG00000171408	7	7	11	2	11	6	9	11	3	27	8	14
ENSG00000171421	357	570	416	453	501	379	344	286	282	318	322	370
ENSG00000171425	676	1268	982	924	1022	973	768	760	661	923	814	657
ENSG00000171428	499	910	593	541	667	566	499	449	379	472	459	439
ENSG00000171443	658	1106	878	740	826	725	773	734	613	848	751	593
ENSG00000171444	12	28	18	26	34	33	15	34	18	24	26	27
ENSG00000171448	426	744	498	548	576	493	514	514	437	597	517	460
ENSG00000171450	1	0	0	0	4	1	6	2	1	5	1	1
ENSG00000171451	48	98	82	108	66	85	44	81	58	66	58	76
ENSG00000171453	1010	1518	1144	865	937	868	968	954	822	957	900	885
ENSG00000171456	5739	9130	6543	5745	5950	5366	5240	5044	4483	5737	5035	4981
ENSG00000171462	21	20	15	22	19	26	22	19	19	17	22	25
ENSG00000171466	4457	7232	4146	4802	5004	4361	4857	4817	4364	5133	4504	4480
ENSG00000171467	4269	7470	5381	6270	6761	6095	4777	4949	4408	5535	4880	3781
ENSG00000171469	1860	3288	2082	2334	2480	2188	2332	2070	2020	2436	1987	2038
ENSG00000171475	2026	3354	2379	2345	2431	2262	2131	2084	1834	2349	1916	1974
ENSG00000171476	40	54	42	47	40	44	42	49	45	54	46	49
ENSG00000171488	12249	21075	13905	17769	19200	17354	13982	13439	12367	14908	13604	12215
ENSG00000171490	7668	12958	9236	8916	9470	8637	8436	7628	6836	8286	7544	7257
ENSG00000171492	4116	6687	4304	4002	4434	3692	3715	3536	3204	4097	3168	3564
ENSG00000171497	1232	1804	1398	1194	1230	1112	1131	1066	978	1074	1032	1032
ENSG00000171502	743	1070	819	704	705	595	802	857	698	948	848	822
ENSG00000171503	846	1184	889	717	804	698	660	659	553	660	666	697
ENSG00000171509	1289	2432	1623	1266	1413	1383	1485	1913	1385	1966	1785	1588
ENSG00000171517	0	0	0	0	0	2	0	0	0	0	0	2
ENSG00000171522	3689	6981	5234	3136	3264	3153	2796	3301	2354	3473	3241	2683
ENSG00000171530	999	1795	1478	1255	1365	1212	1127	1017	877	1115	1057	1045
ENSG00000171532	0	1	0	0	0	0	1	2	0	1	0	3
ENSG00000171540	4	2	2	4	3	4	3	0	1	7	3	0
ENSG00000171552	1010	1583	1183	1046	1053	911	923	921	794	869	824	851
ENSG00000171561	98	170	147	191	151	152	169	172	156	229	207	171
ENSG00000171566	2736	4426	3127	2716	2922	2599	2425	2470	2260	2541	2355	2414
ENSG00000171570	89	152	139	88	142	115	87	67	57	58	78	124
ENSG00000171574	629	1124	882	695	659	584	631	574	495	638	575	591
ENSG00000171595	0	0	0	0	0	2	1	4	0	0	0	2
ENSG00000171596	547	1024	716	1218	1337	1299	979	880	903	993	837	731
ENSG00000171603	5394	9658	7454	6544	7089	6521	6679	6600	5547	7225	6315	5631
ENSG00000171604	2932	5311	4173	2978	3330	3113	3160	3082	2732	3375	3162	2811
ENSG00000171606	2974	5281	3898	3620	3783	3626	3592	3419	3048	3658	3347	3153
ENSG00000171608	9489	15370	11358	9992	10193	9328	10474	9885	9100	11287	9458	9500
ENSG00000171611	19	38	31	13	22	15	19	24	22	37	39	24
ENSG00000171612	1024	1635	1182	1161	1194	973	914	801	810	896	908	864
ENSG00000171617	420	674	535	500	530	581	570	539	482	595	530	471
ENSG00000171621	6	15	8	7	9	13	11	7	5	9	9	4
ENSG00000171631	558	924	651	791	775	769	582	662	546	748	649	543
ENSG00000171634	7347	11930	8115	9319	9579	8430	8379	8235	7292	8863	7662	7512
ENSG00000171643	2	2	3	0	1	0	4	9	4	4	5	7
ENSG00000171649	47	78	63	52	62	79	73	49	53	60	67	68
ENSG00000171657	64	146	94	117	120	112	141	157	122	143	116	99
ENSG00000171659	2	1	0	0	0	5	2	8	2	7	5	2
ENSG00000171680	55	142	106	66	70	95	133	143	109	185	142	128
ENSG00000171681	5462	8864	6081	8035	8883	7553	6393	6201	5435	6718	5988	6082
ENSG00000171695	26	41	43	22	18	19	15	16	16	30	22	22
ENSG00000171700	2566	4686	3942	3289	3256	3136	2836	3004	2419	3321	3037	2741
ENSG00000171703	493	866	736	490	550	518	683	653	577	674	685	590
ENSG00000171714	6	3	5	5	4	2	4	5	3	7	5	3
ENSG00000171720	3550	5628	4197	3858	4096	3622	3825	3556	3350	3986	3445	3521
ENSG00000171723	1207	2087	1387	1125	1207	1090	1296	1293	1033	1504	1262	1133
ENSG00000171724	549	737	507	886	935	824	719	511	600	623	468	580
ENSG00000171729	14	24	37	17	28	28	19	32	21	26	38	24
ENSG00000171735	1218	2016	1521	1238	1179	1090	1139	1212	1052	1320	1176	1163
ENSG00000171747	20	13	16	16	9	17	19	22	6	17	15	21
ENSG00000171757	576	933	578	393	394	332	534	580	489	590	562	500
ENSG00000171763	826	1346	1119	810	870	785	939	888	816	980	965	837
ENSG00000171766	678	1039	690	449	509	472	556	525	434	583	580	566
ENSG00000171772	1	17	5	4	7	2	2	4	0	5	1	3
ENSG00000171777	468	1035	826	821	780	758	971	1082	807	1182	1086	782
ENSG00000171786	7	3	10	14	10	7	3	12	1	4	5	6
ENSG00000171790	44	66	62	62	73	36	45	71	40	66	45	27
ENSG00000171791	21388	34435	23294	17482	18937	15943	19065	19620	16587	21460	19007	17996
ENSG00000171792	1376	2185	1436	1513	1635	1362	1341	1199	1097	1303	1139	1216
ENSG00000171793	5377	7617	5524	5636	5860	4596	4640	3867	4014	4331	3777	4544
ENSG00000171794	118	236	191	104	103	112	131	129	129	155	182	129
ENSG00000171798	5	6	9	1	5	2	7	3	2	3	2	0
ENSG00000171806	145	282	188	141	182	120	152	153	128	157	132	140
ENSG00000171811	39	79	62	39	39	22	29	52	33	44	43	47
ENSG00000171812	303	440	303	245	249	261	322	284	250	342	338	243
ENSG00000171813	1264	1989	1783	1500	1544	1415	1303	1231	1021	1348	1474	1141
ENSG00000171815	277	447	288	394	329	322	375	446	398	456	401	330
ENSG00000171817	9	23	16	14	15	14	9	20	11	23	7	18
ENSG00000171819	2	4	1	0	1	1	2	6	2	0	3	1
ENSG00000171823	541	777	651	604	622	622	464	480	415	488	416	404
ENSG00000171824	3338	5168	3443	3245	3450	2913	3075	2822	2630	3161	2479	2882
ENSG00000171827	499	883	619	753	861	675	831	654	658	726	671	668
ENSG00000171840	181	334	235	283	301	243	271	270	239	298	273	234
ENSG00000171843	113	235	154	92	111	103	102	111	88	120	114	104
ENSG00000171847	27	65	67	41	66	70	32	49	38	46	51	48
ENSG00000171848	15316	25291	18106	13833	14686	13079	12638	12950	10728	13882	13231	11342
ENSG00000171853	1756	2558	2199	2066	2045	1780	1694	1502	1360	1625	1428	1419
ENSG00000171855	1	0	4	0	0	1	0	0	0	0	1	0
ENSG00000171858	12138	21175	17828	14392	16188	15559	13788	13786	11455	13748	13508	11590
ENSG00000171860	153	287	262	66	74	48	125	241	102	251	151	131
ENSG00000171861	922	1381	1120	823	886	747	715	696	610	807	798	737
ENSG00000171862	16109	27479	17080	27685	29717	25852	22746	22431	20787	24626	20998	18596
ENSG00000171863	18436	31469	22759	22318	24161	21883	19966	18943	16864	19267	18923	18017
ENSG00000171864	9	11	10	12	7	4	8	10	12	12	11	8
ENSG00000171865	3150	4627	3553	3589	3841	3171	2789	2533	2432	2776	2641	2813
ENSG00000171867	1175	2046	1556	3113	3476	3102	1232	1084	1014	1155	1078	1045
ENSG00000171872	0	4	1	1	1	5	5	1	4	6	4	5
ENSG00000171873	0	4	7	5	9	12	7	5	12	7	6	2
ENSG00000171877	8	17	6	11	21	5	12	21	12	18	11	9
ENSG00000171914	175	233	218	235	270	218	251	265	238	268	250	237
ENSG00000171916	3	10	4	12	20	10	27	15	24	15	14	12
ENSG00000171928	1667	3123	2256	1966	2091	1829	1609	1760	1528	1878	1928	1552
ENSG00000171931	22	52	33	20	14	18	16	39	16	28	17	12
ENSG00000171940	12280	22003	14913	20816	22378	20363	16125	14966	14160	16581	14076	12660
ENSG00000171943	3038	5007	3432	3309	3471	3120	3405	3558	2805	3618	3291	2939
ENSG00000171951	6	9	18	11	9	12	18	13	8	26	10	3
ENSG00000171953	611	913	809	932	1038	941	669	685	611	742	648	641
ENSG00000171960	980	1538	1197	919	966	752	1115	954	897	1060	1047	980
ENSG00000171962	19	29	14	22	12	19	19	16	22	17	13	14
ENSG00000171970	303	545	288	321	394	336	365	359	248	345	301	343
ENSG00000171984	279	410	365	302	334	301	314	285	290	296	317	296
ENSG00000171988	11983	20334	12913	13982	14773	13033	11741	12437	10787	13351	11735	10877
ENSG00000171989	1	1	2	1	1	0	1	2	1	1	3	1
ENSG00000171992	13	43	23	54	46	49	30	35	25	45	27	19
ENSG00000172000	453	748	523	532	531	510	637	614	546	715	624	597
ENSG00000172006	448	821	597	555	577	536	644	651	599	802	628	638
ENSG00000172007	468	880	638	671	681	590	583	691	512	770	646	562
ENSG00000172009	4005	6149	4978	4245	4474	3958	3860	3636	3382	4011	3742	3575
ENSG00000172014	19	67	37	29	36	18	44	47	28	38	40	25
ENSG00000172037	2	0	1	0	0	0	0	0	2	1	2	1
ENSG00000172046	4986	7601	6379	5804	6110	5494	5217	5130	4560	5733	5131	4746
ENSG00000172053	9537	15685	12621	11581	12504	11529	9457	8651	8110	10089	9345	8554
ENSG00000172057	661	1056	905	634	715	634	757	672	588	782	719	639
ENSG00000172058	84	84	246	105	157	128	88	98	84	94	112	127
ENSG00000172059	1885	3241	2268	2134	2288	2119	1935	1916	1612	2155	1966	1714
ENSG00000172061	5	2	5	10	11	4	4	1	2	4	0	0
ENSG00000172062	662	980	924	777	634	629	399	782	661	626	768	565
ENSG00000172071	1297	2249	1572	1280	1329	1171	1154	1258	1107	1333	1351	1064
ENSG00000172081	12862	23925	17329	19556	19797	18685	15521	14206	12724	16537	14336	12977
ENSG00000172086	650	1204	904	791	925	733	593	639	541	708	648	573
ENSG00000172113	1394	2066	1544	1561	1685	1456	1435	1476	1331	1509	1429	1371
ENSG00000172115	9483	14562	10803	7950	8857	7212	6780	6740	5881	7169	7670	7062
ENSG00000172123	89	152	113	175	206	157	105	102	112	121	87	93
ENSG00000172146	361	624	154	520	523	434	443	624	491	585	431	440
ENSG00000172159	23	20	16	32	20	17	12	7	8	23	17	12
ENSG00000172164	5759	10241	7173	2234	2452	2315	4726	5857	3997	6325	6010	4801
ENSG00000172167	1442	2358	1677	1239	1280	1207	1542	1537	1389	1643	1580	1465
ENSG00000172171	294	535	328	305	341	270	280	319	281	291	231	271
ENSG00000172172	1332	2397	1696	1268	1474	1205	1269	1299	1037	1222	1278	1185
ENSG00000172175	1595	2707	1939	2371	2478	2140	1603	1672	1435	1760	1695	1569
ENSG00000172179	1	0	0	6	3	0	1	1	6	7	6	9
ENSG00000172183	21	42	35	36	29	17	31	34	6	31	34	28
ENSG00000172197	1182	2095	1340	1442	1462	1271	1380	1444	1277	1708	1314	1305
ENSG00000172209	0	2	0	0	1	0	2	2	0	1	2	1
ENSG00000172215	6	15	6	8	5	2	1	6	2	9	4	2
ENSG00000172216	1170	2429	1981	1150	1267	1313	1661	1924	1336	1942	1764	1449
ENSG00000172232	4840	7359	5989	3681	3703	3595	3847	4089	3251	4453	3577	3400
ENSG00000172236	1	5	4	0	3	3	2	0	5	13	11	7
ENSG00000172239	1800	2746	2067	1816	2205	1795	1759	1591	1421	1646	1595	1514
ENSG00000172243	60	126	73	87	97	88	117	123	88	105	105	120
ENSG00000172244	291	430	270	370	445	397	285	321	267	346	263	288
ENSG00000172247	18	18	30	33	32	19	30	25	18	23	10	17
ENSG00000172260	496	712	334	644	602	528	666	650	578	662	399	540
ENSG00000172262	1853	2733	1921	1992	2067	1687	1750	1767	1609	1849	1660	1640
ENSG00000172264	37	53	16	39	35	22	35	52	37	37	44	32
ENSG00000172269	1316	1909	1355	1326	1377	1115	987	904	836	1148	976	1066
ENSG00000172270	18686	30969	22128	19786	21188	18231	19408	18115	16262	20540	17208	17438
ENSG00000172273	1176	2044	1464	1366	1488	1290	1417	1559	1342	1659	1544	1257
ENSG00000172292	10348	16816	11760	11613	12449	10866	10794	10414	9214	11672	10253	9993
ENSG00000172296	56	78	34	68	62	67	66	64	53	71	62	65
ENSG00000172301	573	835	668	586	652	563	558	433	387	527	454	501
ENSG00000172315	2594	4189	3197	2212	2312	2110	2223	1961	1726	2253	2223	1931
ENSG00000172318	420	722	362	470	521	485	580	650	547	607	556	466
ENSG00000172320	121	188	105	176	169	160	138	210	157	207	138	133
ENSG00000172322	279	449	330	341	291	308	356	364	293	406	346	409
ENSG00000172324	50	85	53	72	53	55	65	68	46	83	47	63
ENSG00000172331	192	297	185	188	221	170	124	133	147	133	110	134
ENSG00000172336	624	1036	849	642	732	642	622	544	519	560	466	512
ENSG00000172339	352	537	363	633	638	535	414	406	410	466	448	406
ENSG00000172340	2412	4101	2760	2810	2952	2464	2323	2161	1902	2303	2021	2140
ENSG00000172345	106	183	112	105	114	110	161	175	110	168	138	128
ENSG00000172346	0	0	3	2	0	1	0	1	2	5	3	0
ENSG00000172349	1149	2164	1501	1444	1617	1514	1650	1584	1315	1851	1606	1449
ENSG00000172350	0	2	0	2	0	0	0	2	2	1	0	4
ENSG00000172354	6363	10610	7982	7321	8154	7238	6399	5803	5206	6969	6174	5841
ENSG00000172361	11	10	15	14	9	13	6	14	7	17	11	13
ENSG00000172362	0	0	3	2	0	2	2	1	8	4	3	1
ENSG00000172365	3	0	0	1	0	0	0	0	3	4	1	0
ENSG00000172366	811	1291	1156	924	907	774	1007	1119	868	1157	938	859
ENSG00000172367	3	5	4	4	5	4	5	11	10	4	1	9
ENSG00000172375	726	1190	852	749	798	791	808	676	650	783	703	639
ENSG00000172379	2	10	6	4	5	10	4	13	7	9	5	8
ENSG00000172382	150	257	169	201	213	224	267	238	192	250	236	235
ENSG00000172403	28	43	41	32	31	26	38	36	34	26	39	28
ENSG00000172404	3	3	8	3	0	3	1	1	3	2	2	3
ENSG00000172409	817	1326	986	968	1045	930	811	700	712	896	776	768
ENSG00000172421	163	297	148	191	197	196	232	332	211	290	226	202
ENSG00000172425	35	71	43	50	32	44	26	42	34	41	41	30
ENSG00000172426	75	74	42	60	80	77	50	73	66	72	63	52
ENSG00000172428	298	573	425	431	493	421	335	290	267	341	316	333
ENSG00000172432	2514	4541	3529	2854	3126	2723	2409	2467	2039	2653	2321	2191
ENSG00000172456	314	508	379	468	492	433	402	355	327	418	418	307
ENSG00000172458	24	41	24	33	33	6	13	12	13	10	19	11
ENSG00000172461	2	6	9	7	4	4	7	5	5	6	6	12
ENSG00000172466	6402	10494	7058	6969	7867	6998	6371	6034	5546	6674	6303	6060
ENSG00000172469	1396	2334	1413	1458	1642	1410	1242	1244	1098	1409	1276	1284
ENSG00000172476	8	21	13	31	19	22	23	11	22	16	18	12
ENSG00000172482	52	100	69	88	58	65	79	98	96	101	93	74
ENSG00000172493	17245	29947	20095	19010	19664	18060	18832	18964	16639	21792	18506	16931
ENSG00000172497	3	0	0	1	6	1	2	0	0	0	2	0
ENSG00000172500	2299	3678	2870	2776	2924	2550	2139	2129	1800	2226	2138	1988
ENSG00000172508	15	27	10	18	12	9	14	12	10	15	18	5
ENSG00000172519	127	248	167	208	195	184	201	249	212	229	206	191
ENSG00000172530	682	1213	928	955	893	784	746	750	654	765	617	590
ENSG00000172531	6627	10536	9385	7747	8226	7157	6798	6512	5765	7483	7019	6209
ENSG00000172534	13169	21253	15281	16496	17836	14796	14051	12038	11235	13987	12258	12261
ENSG00000172543	141	268	199	275	289	327	189	139	151	175	167	116
ENSG00000172572	15	32	27	9	13	14	6	9	7	5	10	4
ENSG00000172575	9	10	8	4	7	4	7	3	7	4	2	1
ENSG00000172578	1918	3474	2701	1852	1974	1858	2450	2448	1921	2639	2350	2059
ENSG00000172586	348	530	439	325	389	284	343	373	257	365	362	314
ENSG00000172590	821	1281	1111	968	990	875	766	750	657	782	711	664
ENSG00000172594	22	32	22	28	23	29	11	19	9	4	12	19
ENSG00000172602	112	217	168	178	165	137	164	221	182	252	173	175
ENSG00000172613	1592	2729	2064	2164	2076	2108	2181	2447	2100	2371	2265	2072
ENSG00000172638	245	725	594	379	403	408	470	594	363	651	483	299
ENSG00000172640	0	3	0	0	1	1	0	0	3	3	0	0
ENSG00000172650	332	479	360	568	514	449	430	456	396	459	372	432
ENSG00000172661	2191	3736	2726	2723	2862	2629	2849	2617	2494	2996	2778	2450
ENSG00000172663	211	400	292	269	278	230	206	226	230	261	279	219
ENSG00000172667	1845	2902	1953	3329	3560	3067	2492	2353	2257	2373	2298	2437
ENSG00000172671	329	547	397	522	588	460	315	326	307	384	319	310
ENSG00000172687	703	1208	749	1100	1053	1006	1001	989	915	1008	825	862
ENSG00000172689	102	199	158	184	135	143	156	182	166	205	149	152
ENSG00000172716	971	1512	1079	1138	1178	1036	760	682	698	892	712	685
ENSG00000172717	0	0	2	2	0	1	0	1	1	0	1	2
ENSG00000172725	3713	6085	4844	4468	4928	4246	3476	3438	2820	3995	3467	3114
ENSG00000172728	550	758	593	536	603	501	465	453	425	568	497	465
ENSG00000172731	138	227	160	47	76	49	94	76	71	76	64	70
ENSG00000172732	2058	3043	2480	2153	2357	2104	2037	1891	1629	2216	1981	1704
ENSG00000172733	0	0	2	0	5	3	0	0	0	1	0	0
ENSG00000172738	4	23	22	14	12	4	16	12	9	13	10	11
ENSG00000172742	54	85	62	66	83	65	76	124	91	71	81	91
ENSG00000172748	198	399	276	278	312	256	277	290	247	303	267	244
ENSG00000172757	16287	27009	20491	20385	21957	19095	16741	14519	13309	16856	14892	14237
ENSG00000172765	537	768	487	609	649	488	495	466	425	564	484	505
ENSG00000172766	742	1150	842	1306	1327	1222	778	782	728	788	811	724
ENSG00000172771	87	174	100	120	110	105	129	127	133	166	117	107
ENSG00000172775	3625	5650	3939	3989	4213	3627	3616	3335	3026	3647	3180	3227
ENSG00000172780	969	2455	1776	1894	2134	1999	1521	1511	1210	1770	1352	1242
ENSG00000172782	1	3	1	0	2	0	0	2	2	3	4	1
ENSG00000172785	3457	5656	4023	3143	3140	2753	3449	3970	3252	4188	3810	3310
ENSG00000172794	2136	3863	2983	2819	3001	2819	2836	2806	2377	3365	2757	2175
ENSG00000172795	12121	19936	14571	14213	14988	13553	13043	13305	11097	14366	14011	11939
ENSG00000172803	72	117	101	72	92	75	113	131	121	135	98	78
ENSG00000172809	3060	4954	3689	3375	3646	3351	3251	2896	2534	3158	2906	2525
ENSG00000172817	4	2	1	5	13	8	2	7	5	7	1	2
ENSG00000172818	1	1	4	1	1	1	0	2	0	2	3	1
ENSG00000172819	109	254	228	311	306	262	201	178	148	217	200	147
ENSG00000172824	21	50	39	21	34	36	22	26	25	43	18	28
ENSG00000172828	203	370	285	270	275	234	256	316	232	351	232	232
ENSG00000172830	1167	2053	1537	1281	1342	1288	1225	1267	1075	1512	1282	1106
ENSG00000172831	2323	3824	2790	2445	2816	2531	2269	2175	1973	2483	2119	2036
ENSG00000172840	2130	3551	2527	2284	2227	2050	2382	2254	2139	2445	2428	2171
ENSG00000172845	7256	12064	7235	8805	9291	8272	7116	6995	6212	7558	6444	6610
ENSG00000172867	0	2	4	0	0	1	0	3	0	1	3	0
ENSG00000172869	2933	5258	3489	3389	3773	3382	3429	3898	3108	4314	3706	3340
ENSG00000172878	661	1113	721	679	675	598	794	762	604	829	617	678
ENSG00000172888	1972	3339	2342	2182	2170	2078	2057	2218	1931	2366	1970	1954
ENSG00000172889	797	1326	1129	907	938	905	677	687	539	750	729	681
ENSG00000172890	3211	5280	3946	3842	3837	3665	3006	3336	2588	3649	2943	2794
ENSG00000172893	6139	11533	7324	4184	4133	4229	5538	5670	4210	6474	5109	5252
ENSG00000172901	2	5	2	4	2	4	1	3	5	0	3	3
ENSG00000172915	0	0	2	1	2	0	0	0	0	1	0	1
ENSG00000172922	2138	3422	2845	2167	2300	2181	1983	1848	1809	2104	2008	1743
ENSG00000172927	4	4	2	1	4	8	0	2	3	1	3	1
ENSG00000172932	2783	4557	3326	2883	3140	2702	2835	2941	2567	3216	2822	2583
ENSG00000172935	1	0	4	2	5	3	1	2	0	2	1	2
ENSG00000172936	1347	2291	1587	2621	2880	2528	1703	1514	1482	1780	1545	1428
ENSG00000172939	4453	7300	5089	4522	5105	4579	4523	4314	3844	4818	4448	3975
ENSG00000172940	7	20	8	8	8	12	12	8	10	14	12	11
ENSG00000172943	1973	3059	2454	2693	2772	2458	2141	1924	1826	2233	1991	1922
ENSG00000172954	1664	2752	1591	1414	1484	1284	1619	1523	1301	1625	1391	1470
ENSG00000172977	1390	2420	1660	1584	1760	1639	1411	1334	1119	1516	1300	1286
ENSG00000172985	9	31	15	16	12	12	11	18	8	23	8	15
ENSG00000172986	31	71	29	68	75	57	46	45	36	50	53	67
ENSG00000172992	1241	2093	1597	1619	1574	1366	1357	1212	1122	1509	1119	1309
ENSG00000173011	1922	3445	2699	2571	2526	2293	2378	2730	2381	2940	2822	2365
ENSG00000173013	51	76	69	105	90	83	52	45	58	55	63	46
ENSG00000173020	18440	29663	23293	19848	20852	18861	19259	18339	16525	21055	18586	17459
ENSG00000173039	1655	2904	1857	2170	2050	1885	1924	1738	1529	1982	1553	1504
ENSG00000173041	1074	1854	1147	1449	1452	1287	1264	1347	1241	1458	1364	1193
ENSG00000173064	3519	6052	4288	4821	5022	4466	5087	5308	4504	5768	4797	4390
ENSG00000173065	363	599	352	403	454	381	386	392	337	423	355	361
ENSG00000173068	1	5	0	3	11	2	5	4	1	2	3	2
ENSG00000173080	13	27	8	21	7	20	20	6	18	25	11	10
ENSG00000173083	556	774	611	357	400	361	468	495	393	594	594	423
ENSG00000173085	1507	2550	1797	1625	1808	1597	1505	1334	1271	1511	1334	1436
ENSG00000173093	0	0	0	0	0	1	0	0	0	2	1	0
ENSG00000173110	42	76	60	133	139	173	113	92	102	100	106	56
ENSG00000173113	816	1296	994	764	878	803	810	692	596	816	829	649
ENSG00000173114	4	6	2	1	0	3	0	4	4	2	1	0
ENSG00000173120	6696	11554	8692	8396	8955	8148	7896	7758	6733	8502	7657	6913
ENSG00000173124	0	0	0	0	3	0	1	1	0	0	1	0
ENSG00000173137	929	1444	1313	1124	1211	1159	936	903	865	997	914	805
ENSG00000173141	1702	2662	2149	1787	1910	1564	1668	1492	1317	1689	1545	1440
ENSG00000173145	2186	3194	2424	2258	2496	1922	2171	1942	1762	2091	1995	2003
ENSG00000173153	2039	2862	2241	2023	2340	1953	1785	1666	1575	1704	1692	1609
ENSG00000173163	351	543	417	365	455	399	342	382	315	357	267	339
ENSG00000173166	284	448	311	1782	1893	1702	368	308	319	347	270	358
ENSG00000173171	818	1385	1070	858	958	765	701	709	578	826	839	704
ENSG00000173175	0	1	3	4	1	3	0	0	1	3	4	0
ENSG00000173193	3812	6166	4451	4627	4982	4321	3865	4208	3450	4612	3924	3631
ENSG00000173198	3551	5965	3553	5037	5197	4770	4199	4473	3707	4725	4054	3889
ENSG00000173200	2831	4308	642	3727	3452	3071	3373	4223	3449	4331	3276	3094
ENSG00000173207	1920	2926	2429	1693	1840	1601	1722	1629	1421	1944	1793	1515
ENSG00000173208	752	1151	932	986	1033	1015	814	712	693	868	868	816
ENSG00000173210	0	0	0	0	1	1	0	2	0	3	2	0
ENSG00000173212	50	90	38	42	32	35	52	62	32	68	42	48
ENSG00000173213	1	9	1	8	9	2	4	4	1	14	13	0
ENSG00000173214	2306	3986	2567	3246	3266	2871	3172	3314	2769	3519	3055	2867
ENSG00000173218	570	840	540	520	536	440	462	408	418	468	373	403
ENSG00000173221	642	1136	846	925	858	845	752	764	643	906	870	630
ENSG00000173226	2168	3567	2414	2368	2507	2230	2464	2370	2157	2556	2267	2250
ENSG00000173227	55	120	108	101	103	103	91	143	93	133	100	88
ENSG00000173230	3281	6266	4146	3994	4282	3773	3854	3968	3309	4143	3863	3401
ENSG00000173258	65	104	61	82	88	64	64	78	82	90	72	63
ENSG00000173261	23	68	39	29	62	31	55	39	36	44	33	40
ENSG00000173262	13	21	20	22	23	22	26	44	31	50	32	28
ENSG00000173264	333	509	465	387	403	352	286	287	226	299	280	288
ENSG00000173267	0	0	0	5	2	0	5	0	1	0	2	3
ENSG00000173269	80	116	85	73	108	110	74	72	64	84	65	59
ENSG00000173272	611	1018	818	649	623	656	676	637	557	601	670	620
ENSG00000173273	4416	7246	5067	4837	4988	4660	4571	4792	4029	5272	4774	4053
ENSG00000173275	102	229	160	147	152	111	138	157	103	129	143	134
ENSG00000173276	2086	3466	2481	2542	2575	2315	2104	2154	1813	2218	2049	1972
ENSG00000173281	527	1042	725	523	557	239	801	972	708	946	902	604
ENSG00000173285	58	89	13	62	76	67	83	102	61	81	75	74
ENSG00000173320	312	563	356	785	974	783	559	540	468	513	431	437
ENSG00000173327	3083	5126	4049	4126	4350	3993	3530	3373	2941	3749	3347	3197
ENSG00000173334	1161	2400	1761	1192	1180	1196	920	988	782	995	938	702
ENSG00000173338	7	21	12	3	6	3	10	3	12	9	9	14
ENSG00000173349	630	860	699	628	664	710	559	531	422	564	519	500
ENSG00000173366	0	0	0	53	0	0	0	0	0	70	0	0
ENSG00000173372	9	14	13	23	11	9	17	15	13	16	13	8
ENSG00000173376	37	93	43	66	67	54	52	52	50	64	36	60
ENSG00000173391	5	13	12	2	2	6	5	8	3	10	13	6
ENSG00000173402	2159	3529	2286	2451	2634	2318	2201	1931	1828	2176	1863	1851
ENSG00000173409	500	857	658	554	681	555	454	512	415	534	490	459
ENSG00000173418	1627	2546	1791	1410	1538	1265	1379	1278	1139	1422	1276	1288
ENSG00000173421	60	110	64	81	64	62	69	77	69	64	77	83
ENSG00000173436	2053	3357	2635	2152	2268	1993	1858	1673	1598	1882	1893	1698
ENSG00000173442	3963	6679	5816	5192	5293	5297	4559	4765	3981	5086	4875	4148
ENSG00000173451	308	593	320	308	378	369	297	317	229	330	317	237
ENSG00000173456	2212	3473	2610	2358	2535	2191	1980	1890	1696	2219	1954	1923
ENSG00000173457	1972	3204	2602	2186	2214	1794	1988	1637	1530	1876	1817	1699
ENSG00000173465	432	630	502	504	529	458	359	332	302	334	357	305
ENSG00000173473	15023	23226	16755	16075	17138	15045	13895	12789	11704	14106	12757	12524
ENSG00000173480	1206	2170	1438	1647	1747	1560	1694	1698	1494	1903	1677	1551
ENSG00000173486	210	302	232	233	201	202	238	131	129	170	198	200
ENSG00000173511	706	1260	939	725	808	779	772	838	609	856	900	629
ENSG00000173517	1555	2446	1407	1612	1666	1562	1731	1917	1551	2079	1814	1565
ENSG00000173530	1149	2246	1624	2801	2920	2690	1610	1742	1529	1750	1602	1234
ENSG00000173531	214	495	441	331	288	351	347	423	310	438	396	242
ENSG00000173535	85	181	143	140	128	133	125	123	102	114	127	93
ENSG00000173540	1277	2074	1809	1322	1293	1272	1002	950	918	1065	943	921
ENSG00000173542	3332	5655	3812	4316	4646	4020	3564	3443	3024	3814	3483	3406
ENSG00000173545	955	1410	1211	916	952	823	927	795	674	907	960	837
ENSG00000173546	12174	19721	14975	10099	10400	9874	10131	10413	8742	12211	10463	9997
ENSG00000173548	1179	1933	1467	1384	1289	1304	1120	1145	954	1265	1198	1139
ENSG00000173559	1548	3525	2387	1488	1447	1426	2058	2735	1792	2771	2628	1966
ENSG00000173567	48	60	54	52	57	65	47	51	45	62	50	43
ENSG00000173575	4759	8495	5822	6254	6348	5883	5465	5915	4707	6285	5537	4666
ENSG00000173581	820	1331	1061	814	961	882	958	858	814	1019	886	792
ENSG00000173585	0	0	0	4	1	1	2	0	2	0	0	3
ENSG00000173588	834	1292	893	1024	1079	865	867	791	765	891	919	831
ENSG00000173597	5910	9743	1036	8587	8119	7395	7586	9971	7999	9583	8016	7056
ENSG00000173598	4682	8140	5447	3638	4216	3608	4238	4140	3736	4429	4148	3956
ENSG00000173599	583	942	836	1710	1904	1771	599	605	539	693	653	497
ENSG00000173611	2196	3775	2456	2880	3068	2852	2827	3119	2835	3381	2961	2654
ENSG00000173614	611	1079	756	937	1040	820	875	825	821	848	798	735
ENSG00000173621	1581	2503	1922	1393	1662	1355	1358	1214	1104	1417	1293	1262
ENSG00000173626	12	6	5	7	7	7	9	14	4	11	8	6
ENSG00000173638	3312	4937	3927	3050	3305	2786	3015	2713	2593	3086	2721	2685
ENSG00000173641	9	24	26	10	15	11	25	22	25	23	19	13
ENSG00000173653	461	745	619	507	475	499	518	476	396	514	484	399
ENSG00000173660	3699	6082	4425	3544	3785	3361	3827	3765	3145	3864	3679	3330
ENSG00000173662	0	3	1	4	0	0	0	0	0	0	2	3
ENSG00000173674	7080	11152	7765	7008	7968	6512	5932	5577	5281	5736	6113	5876
ENSG00000173678	24	19	27	12	25	12	26	29	15	19	13	8
ENSG00000173681	559	1103	701	881	884	792	820	859	707	875	709	741
ENSG00000173692	6326	8744	6566	6446	6956	5689	4723	4191	4153	4750	4352	4576
ENSG00000173698	137	254	176	242	247	190	248	294	212	270	229	239
ENSG00000173702	1	3	0	3	1	1	0	2	0	0	0	1
ENSG00000173705	3	9	13	4	11	9	3	4	9	6	11	3
ENSG00000173706	1033	1719	1122	1162	1187	1020	828	859	654	978	764	813
ENSG00000173715	84	100	62	54	76	72	52	58	40	64	62	59
ENSG00000173726	16552	28499	21341	19208	21068	19119	16842	16526	14860	17719	17897	14879
ENSG00000173744	3007	4472	3057	3480	3557	3249	2794	2724	2304	2910	2610	2506
ENSG00000173757	3391	5423	4230	3435	3671	3367	3355	3389	2967	3952	3549	3108
ENSG00000173762	1	5	0	17	9	2	5	7	4	6	6	6
ENSG00000173786	3544	5638	4341	4170	4457	3824	3241	2899	2933	3487	3183	2960
ENSG00000173801	102	221	221	234	285	262	207	229	171	276	244	169
ENSG00000173805	322	600	467	518	515	461	606	630	581	567	565	544
ENSG00000173809	105	191	107	125	131	139	169	150	155	228	164	126
ENSG00000173812	10488	19260	14816	12834	13797	12993	10574	10279	8754	11089	10932	9109
ENSG00000173818	718	1335	988	874	907	861	879	863	822	1013	977	838
ENSG00000173821	8421	13800	10144	15981	17066	15081	11744	11694	10640	12970	11308	10221
ENSG00000173825	10	30	28	29	29	25	26	15	6	30	21	10
ENSG00000173846	370	690	582	495	493	450	424	396	369	464	410	345
ENSG00000173848	1804	2797	1996	1432	1464	1356	1520	1399	1241	1525	1454	1412
ENSG00000173852	2006	3090	2264	1949	2089	1795	1699	1547	1367	1833	1682	1515
ENSG00000173867	31	115	88	67	78	72	82	74	80	61	82	59
ENSG00000173868	3	16	7	11	11	9	8	3	9	9	7	0
ENSG00000173875	1644	2840	2078	2249	2310	2221	2067	2294	1952	2352	2166	1922
ENSG00000173889	4555	7558	4881	5693	5870	5424	5509	6138	5345	6523	5693	5197
ENSG00000173890	2173	4118	2504	1437	1559	1519	2410	2715	2147	3278	2793	2429
ENSG00000173894	1152	1753	1302	1294	1350	1175	999	891	826	1003	865	917
ENSG00000173898	12	27	32	30	31	23	16	21	34	24	17	14
ENSG00000173905	2074	3335	2455	2474	2572	2223	2061	1912	1801	1982	1921	1830
ENSG00000173914	673	1173	821	772	834	745	817	820	636	931	712	729
ENSG00000173915	2532	3711	2679	2172	2461	2015	2019	1856	1626	1939	2089	1923
ENSG00000173918	0	0	0	2	2	2	0	0	0	2	0	0
ENSG00000173926	138	241	158	125	113	102	92	134	74	136	109	86
ENSG00000173928	200	358	293	230	225	211	237	214	208	237	215	195
ENSG00000173930	1256	2239	1426	544	532	500	838	949	580	1011	1000	963
ENSG00000173933	3400	5523	3908	4022	4105	3695	3478	3526	3164	3737	3097	3130
ENSG00000173947	4	8	2	5	1	4	4	3	1	0	4	1
ENSG00000173950	837	1207	933	965	1156	956	842	771	687	859	705	747
ENSG00000173960	981	1524	1155	1201	1198	1065	1022	956	963	942	980	1015
ENSG00000173976	0	6	2	2	0	1	2	1	0	0	1	0
ENSG00000173988	10	9	13	11	6	13	19	17	13	17	15	13
ENSG00000173991	14	12	19	9	8	14	15	8	2	6	11	19
ENSG00000173992	450	759	625	596	600	564	532	553	475	602	573	404
ENSG00000174004	4749	7981	5574	5092	5203	4703	4274	4097	3533	4564	3996	4082
ENSG00000174007	265	424	277	308	312	266	254	222	219	273	230	241
ENSG00000174010	2779	4906	3527	3342	3476	3149	2589	2605	2279	2969	2692	2496
ENSG00000174013	4605	7279	5410	4380	4610	4059	3830	3813	3503	4235	3904	3928
ENSG00000174021	572	884	578	637	605	514	585	567	407	609	429	496
ENSG00000174032	1394	2293	1695	2002	2080	1756	1664	1734	1428	1743	1639	1471
ENSG00000174038	12	17	16	24	22	18	15	13	13	12	9	8
ENSG00000174059	225	423	231	322	304	280	335	396	282	399	353	291
ENSG00000174080	114	176	159	70	102	121	123	130	97	150	151	110
ENSG00000174099	59	68	68	65	63	72	71	93	84	96	82	68
ENSG00000174106	3002	4981	3574	3134	3422	3131	2876	2987	2531	3096	3077	2716
ENSG00000174109	512	815	713	561	584	508	591	520	470	611	542	536
ENSG00000174123	103	170	141	168	198	159	152	153	188	186	162	157
ENSG00000174125	434	848	588	1255	1294	1147	722	792	633	887	774	690
ENSG00000174130	389	724	502	715	757	697	536	652	519	680	532	529
ENSG00000174132	180	276	230	215	219	188	177	165	139	183	193	150
ENSG00000174136	2	0	0	45	60	48	2	0	1	2	2	0
ENSG00000174137	122	233	161	147	149	150	164	128	121	140	164	101
ENSG00000174151	856	1353	1087	1008	1092	990	998	995	860	1014	1016	867
ENSG00000174165	1180	2060	1529	1465	1522	1411	1303	1268	1237	1462	1352	1216
ENSG00000174173	2261	3337	2493	2289	2380	2131	1932	1810	1646	1952	1851	2044
ENSG00000174177	615	785	721	640	666	540	518	440	457	494	507	445
ENSG00000174197	9207	14580	9809	10087	10665	9122	10330	10229	9440	11326	9997	10063
ENSG00000174206	790	1258	837	880	923	772	847	812	712	885	800	807
ENSG00000174227	2252	3770	2640	2683	2772	2500	2328	2513	2273	2807	2348	2206
ENSG00000174231	39955	60707	44775	44427	50180	41711	42555	39611	39581	47085	39246	38361
ENSG00000174233	277	537	475	648	628	656	659	646	599	654	651	504
ENSG00000174236	4	6	5	6	5	10	0	3	3	4	2	6
ENSG00000174238	2002	3033	2192	2337	2498	2133	2013	1681	1592	1917	1738	1725
ENSG00000174243	4187	6826	5045	4583	4916	4181	4786	4442	4174	4883	4518	4409
ENSG00000174255	20	17	15	24	27	17	17	20	11	17	19	14
ENSG00000174276	299	521	491	352	363	386	292	269	241	322	336	265
ENSG00000174282	1688	3331	2225	2303	2286	2273	2352	2462	2004	2758	2099	1894
ENSG00000174292	16	26	25	19	30	14	15	15	11	37	18	9
ENSG00000174306	2776	4604	3180	3344	3560	3225	3050	3124	2711	3409	2993	2898
ENSG00000174307	879	1353	1083	844	876	821	876	843	665	899	836	719
ENSG00000174326	2	3	2	1	1	1	1	2	5	2	3	1
ENSG00000174327	274	504	406	219	238	181	188	252	166	280	208	223
ENSG00000174343	0	1	0	0	4	1	0	1	0	0	0	1
ENSG00000174370	84	100	74	56	47	50	61	86	69	74	83	57
ENSG00000174371	2294	3379	2626	1957	2187	1781	2023	1828	1662	1958	1857	1981
ENSG00000174373	1611	2369	1717	1801	1897	1698	1468	1541	1350	1728	1451	1406
ENSG00000174405	898	1460	1065	1235	1277	1123	928	816	777	961	927	929
ENSG00000174417	1	2	0	0	2	0	1	1	0	0	1	0
ENSG00000174428	471	977	678	1030	1101	1066	861	875	853	954	865	681
ENSG00000174429	1	0	3	0	0	1	1	1	2	2	3	3
ENSG00000174437	19456	30644	22332	21859	23423	20113	17536	16510	15082	18577	16648	17141
ENSG00000174442	2450	3590	2668	2556	2967	2283	2127	1827	1714	1943	1880	1938
ENSG00000174444	62121	103338	77815	72545	78276	69997	64015	57306	55218	68648	65589	56422
ENSG00000174446	341	477	412	347	343	295	328	293	232	253	237	274
ENSG00000174456	441	818	605	666	654	652	657	684	630	834	680	583
ENSG00000174460	3	5	8	0	2	3	2	2	3	3	1	2
ENSG00000174469	13	12	14	23	21	23	19	20	28	30	25	17
ENSG00000174483	351	520	462	248	304	318	356	472	318	472	435	366
ENSG00000174485	6838	10747	7051	4935	5092	4488	5332	6030	4677	6669	5781	5530
ENSG00000174500	83	161	107	62	76	82	92	105	75	105	90	93
ENSG00000174501	2829	4669	2998	2589	2444	2289	3270	3754	2934	3961	3466	2992
ENSG00000174502	5	6	8	4	2	3	4	12	5	4	5	2
ENSG00000174514	9	22	16	23	21	18	17	34	25	54	15	30
ENSG00000174516	544	964	733	498	532	490	536	554	455	576	505	515
ENSG00000174521	6	8	4	3	5	2	0	1	4	5	2	1
ENSG00000174527	0	0	1	2	0	0	0	0	0	1	0	0
ENSG00000174529	53	100	67	56	84	70	67	66	86	80	83	70
ENSG00000174547	1369	2180	1765	1219	1391	1228	1290	1198	1075	1338	1347	1219
ENSG00000174564	49	41	34	40	39	33	38	38	26	40	33	48
ENSG00000174574	4534	7049	5042	5320	5835	4894	4342	3880	3870	4020	3937	4051
ENSG00000174576	7	10	9	4	6	2	9	12	18	14	6	15
ENSG00000174579	5796	9627	7001	6041	6467	5681	5311	5268	4578	5907	5263	5176
ENSG00000174586	231	377	273	235	256	246	251	289	251	281	236	203
ENSG00000174600	18	47	34	365	340	346	62	56	55	75	43	41
ENSG00000174606	1767	2990	1978	2191	2288	1982	2282	2385	2024	2445	2072	2155
ENSG00000174607	92	170	43	131	117	120	163	168	159	148	133	112
ENSG00000174611	1	6	2	2	1	0	4	4	3	5	1	2
ENSG00000174628	32	79	38	60	54	38	35	28	40	52	34	40
ENSG00000174640	0	0	0	0	0	2	1	0	1	0	0	0
ENSG00000174652	2468	4103	2944	2964	3167	2737	2809	2889	2317	3079	2687	2582
ENSG00000174667	10	30	17	21	8	18	22	23	26	29	13	10
ENSG00000174669	38	77	57	18	37	32	26	37	30	47	32	27
ENSG00000174672	5	11	2	3	5	4	1	2	3	6	3	3
ENSG00000174684	192	338	301	246	266	249	147	166	129	179	176	129
ENSG00000174695	8094	12759	8769	12977	14012	12134	7543	6857	6514	7467	6930	6798
ENSG00000174705	40	88	40	84	85	93	66	57	63	63	44	35
ENSG00000174718	9663	17511	11081	10702	11079	10434	10506	10193	8945	11003	9030	9567
ENSG00000174720	1366	2160	1601	1387	1635	1377	1322	1197	1078	1263	1255	1208
ENSG00000174721	101	146	125	78	105	82	114	86	79	114	102	120
ENSG00000174738	621	900	622	822	962	812	625	544	470	570	497	468
ENSG00000174744	845	1359	1052	1238	1375	1117	852	760	736	796	754	791
ENSG00000174748	44036	72962	54593	54658	58477	52741	46646	43947	39530	49289	45836	40617
ENSG00000174749	13138	21913	1839	18627	17255	15286	16984	21334	17353	20966	16708	15958
ENSG00000174775	167	335	214	150	147	234	206	198	162	123	170	206
ENSG00000174776	1051	1853	1297	1014	1162	963	1293	1566	1310	1501	1418	1243
ENSG00000174780	9257	15166	10933	9233	9892	8671	8295	8108	7334	8860	8503	7966
ENSG00000174788	31	57	27	28	24	20	45	59	38	29	36	30
ENSG00000174791	1506	2663	1987	1396	1579	1386	1234	1394	1169	1582	1460	1207
ENSG00000174792	42	90	49	53	64	35	94	85	86	102	87	56
ENSG00000174796	645	1153	746	616	652	642	702	756	590	860	667	686
ENSG00000174799	1286	2159	1459	1487	1589	1405	1431	1273	1258	1420	1216	1346
ENSG00000174804	7	2	15	15	7	17	14	8	6	18	5	12
ENSG00000174807	2	0	8	1	6	0	5	0	0	1	2	0
ENSG00000174827	4	13	5	5	10	7	7	4	6	5	8	5
ENSG00000174837	23	45	47	27	37	20	49	58	42	62	52	35
ENSG00000174839	3379	5624	4206	4448	4604	4053	4126	4175	3745	4260	4246	3896
ENSG00000174840	3686	5416	4024	4263	4433	3755	3335	3311	2964	3353	3256	3236
ENSG00000174842	1569	2414	1828	2211	2309	1991	1812	1856	1615	1810	1875	1679
ENSG00000174844	0	7	3	6	6	1	6	8	8	3	4	4
ENSG00000174851	1005	1619	1378	865	1038	859	944	888	783	1014	831	846
ENSG00000174871	24	24	29	22	30	22	12	25	20	19	5	11
ENSG00000174885	288	480	406	275	315	268	275	266	226	295	278	299
ENSG00000174886	1686	3020	2434	2187	2277	2144	1715	1694	1481	1800	1597	1555
ENSG00000174891	2870	4335	2858	2683	2812	2398	2459	2366	2156	2624	2247	2293
ENSG00000174898	1	0	0	3	0	0	0	0	1	0	0	0
ENSG00000174903	4644	7256	5688	5308	5421	4955	4907	4300	3624	4935	4355	3954
ENSG00000174915	1322	2012	1572	1222	1212	1199	1189	1070	927	1138	1079	1076
ENSG00000174917	1110	1939	1500	1328	1325	1165	1077	1002	860	1166	1080	1054
ENSG00000174928	248	514	348	315	284	291	361	395	325	386	379	351
ENSG00000174938	458	1018	731	617	697	670	674	746	555	843	761	587
ENSG00000174939	413	552	516	305	282	265	305	322	250	356	375	312
ENSG00000174943	766	1219	898	895	775	682	766	895	691	911	795	716
ENSG00000174944	0	0	1	2	2	0	0	0	0	0	0	0
ENSG00000174945	8	14	8	28	20	20	14	5	17	6	15	5
ENSG00000174946	0	2	1	0	2	0	0	0	0	2	0	1
ENSG00000174951	93	160	105	124	99	82	102	110	103	98	75	90
ENSG00000174953	2660	3998	2959	3267	2726	2834	2675	2424	2402	2554	2591	2428
ENSG00000174963	0	1	0	2	2	4	0	1	0	1	1	0
ENSG00000174989	661	1021	741	941	1073	843	677	597	608	706	554	543
ENSG00000174990	1	3	3	4	3	6	5	2	3	5	2	0
ENSG00000174992	9	6	4	6	8	5	14	6	13	12	5	8
ENSG00000174996	357	538	408	435	498	360	290	265	251	316	272	279
ENSG00000175003	22	40	15	21	27	20	8	8	13	13	16	22
ENSG00000175029	3384	4934	3635	3625	3914	3458	3065	2746	2572	2983	2659	2646
ENSG00000175040	234	418	324	464	464	435	272	268	232	313	244	281
ENSG00000175048	823	1274	916	1133	1061	961	852	838	776	960	783	816
ENSG00000175054	5005	6810	4731	6378	6870	5347	4366	4178	3991	4349	3939	4193
ENSG00000175063	1788	2688	2265	1925	2055	1780	1761	1436	1395	1681	1571	1419
ENSG00000175066	766	1215	801	875	902	746	644	607	634	711	673	718
ENSG00000175073	7458	12394	8596	8690	9080	8211	7561	8053	6598	8350	7702	7209
ENSG00000175084	0	4	3	8	6	6	2	3	1	3	1	1
ENSG00000175087	952	1679	1156	1315	1394	1211	1048	1026	858	1106	1032	1012
ENSG00000175104	1752	2846	1985	1891	1872	1719	1707	1816	1552	2068	1756	1749
ENSG00000175105	3050	5431	3683	3857	4380	3839	3520	3771	3130	3782	3846	2619
ENSG00000175106	665	1220	795	762	789	789	750	1114	728	972	721	687
ENSG00000175110	1411	2603	1787	1345	1534	1316	1353	1227	1117	1362	1308	1299
ENSG00000175115	441	710	528	582	637	636	327	343	271	432	366	361
ENSG00000175130	3023	4920	3937	4593	4863	4283	3698	3176	3083	3558	3478	2922
ENSG00000175137	1600	2522	2021	1541	1692	1461	1439	1439	1240	1590	1546	1433
ENSG00000175155	301	489	317	250	267	274	256	361	183	376	342	252
ENSG00000175164	13	35	31	18	20	12	26	13	26	33	16	24
ENSG00000175166	8301	11924	9347	9272	9872	8203	7080	6188	6016	6877	6366	6418
ENSG00000175175	181	301	207	167	185	144	222	210	210	188	183	218
ENSG00000175182	354	634	424	484	523	465	441	482	376	449	400	404
ENSG00000175183	12	20	14	21	17	13	15	29	15	22	9	10
ENSG00000175189	0	6	3	0	0	0	2	3	8	3	1	1
ENSG00000175193	2474	4165	2938	2467	2635	2316	2801	2845	2451	3010	2903	2793
ENSG00000175197	435	1045	861	415	397	437	322	418	246	351	386	324
ENSG00000175198	1150	1944	1416	1584	1639	1433	1378	1503	1340	1532	1499	1265
ENSG00000175202	0	8	1	1	1	3	4	2	5	1	3	0
ENSG00000175203	1665	2710	2058	2057	2174	1823	1469	1396	1254	1705	1438	1536
ENSG00000175206	9	9	1	2	10	1	2	4	3	8	5	2
ENSG00000175213	441	788	629	581	536	540	527	473	411	526	496	427
ENSG00000175215	6205	10352	7955	6802	7460	7200	6358	6686	5333	7544	6799	5565
ENSG00000175216	11954	18529	13257	12852	13718	11829	11290	10574	9740	11782	10669	10847
ENSG00000175220	5715	9270	6646	6314	6771	6033	6625	5929	5691	6739	6231	5966
ENSG00000175221	2050	3500	2988	2408	2653	2368	2251	2059	1954	2429	2288	2057
ENSG00000175224	6905	11229	8414	6963	7624	6915	6999	6386	6108	7275	6699	6610
ENSG00000175262	51	139	113	87	85	99	112	127	79	125	142	115
ENSG00000175264	4	8	1	2	5	9	7	4	9	8	5	4
ENSG00000175265	1393	2649	1705	1225	1269	1192	1797	2172	1584	2013	2025	1494
ENSG00000175267	1	0	1	1	1	3	0	0	2	1	0	0
ENSG00000175274	682	1216	919	618	639	697	709	787	537	875	800	640
ENSG00000175279	184	265	235	156	191	136	155	159	152	190	204	144
ENSG00000175283	341	512	380	397	339	339	295	250	200	257	229	247
ENSG00000175287	6	14	8	15	13	9	8	10	16	15	26	11
ENSG00000175294	65	110	78	90	87	106	89	68	72	63	72	53
ENSG00000175305	1674	2816	1829	2179	2305	1898	1691	1567	1512	1638	1553	1477
ENSG00000175309	1503	2498	1801	1820	1851	1905	1877	1878	1582	2166	1698	1607
ENSG00000175311	119	176	154	208	204	181	224	217	190	239	171	216
ENSG00000175315	0	0	4	0	2	1	3	0	1	0	1	2
ENSG00000175318	8	19	8	9	11	13	13	9	12	21	13	10
ENSG00000175322	919	1613	964	1294	1148	1097	1146	1266	1162	1378	1043	997
ENSG00000175324	1480	2500	1839	1604	1778	1507	1361	1331	1213	1354	1303	1332
ENSG00000175334	2538	4179	3307	2961	2974	2559	2592	2117	2116	2666	2503	2279
ENSG00000175344	28	41	32	32	36	41	38	36	42	48	48	59
ENSG00000175348	1044	1672	1206	1200	1255	1122	1024	931	829	1074	874	990
ENSG00000175352	1681	2723	1926	1738	1748	1506	1823	1824	1641	2100	1870	1683
ENSG00000175354	1588	2589	1717	2053	2067	1946	1984	1874	1687	2168	1832	1738
ENSG00000175356	4	5	3	2	12	4	3	0	6	6	6	6
ENSG00000175376	1305	2120	1516	1225	1343	1208	1291	1181	1013	1323	1205	1154
ENSG00000175387	13031	21286	13304	14700	15397	13449	13533	14635	11939	15393	13503	13027
ENSG00000175390	5974	9981	7920	7270	7700	6780	6218	5599	5013	6516	5895	5304
ENSG00000175395	693	1245	810	762	838	676	913	929	779	959	919	747
ENSG00000175414	111	202	127	169	155	123	127	215	178	213	165	140
ENSG00000175416	747	1089	900	723	788	599	675	605	497	712	635	567
ENSG00000175445	1	1	0	0	0	1	0	0	0	1	0	2
ENSG00000175449	50	81	68	76	91	62	51	62	57	74	74	65
ENSG00000175455	5050	7960	5256	5208	5550	4933	5540	6116	5021	6355	5642	5110
ENSG00000175463	132	351	278	159	190	170	253	228	195	291	280	164
ENSG00000175467	1418	2123	1843	1582	1634	1491	1559	1308	1221	1528	1502	1317
ENSG00000175470	1454	2404	1698	1307	1403	1198	1442	1511	1279	1676	1564	1252
ENSG00000175471	1751	2900	1912	1443	1589	1393	1375	1649	1211	1771	1549	1486
ENSG00000175482	494	967	864	917	856	914	812	878	717	889	843	544
ENSG00000175489	266	765	548	1360	1528	1466	663	585	542	684	570	436
ENSG00000175505	56	97	75	44	46	45	92	71	58	76	87	54
ENSG00000175513	5	27	20	4	10	8	10	18	11	9	6	14
ENSG00000175518	5	7	3	4	5	3	5	5	8	6	4	3
ENSG00000175520	0	1	0	0	1	0	0	1	1	1	4	0
ENSG00000175536	143	248	182	176	201	171	153	165	120	169	151	121
ENSG00000175538	585	1080	871	447	443	493	712	946	606	964	959	629
ENSG00000175544	4	6	3	4	8	5	11	7	9	7	7	8
ENSG00000175548	3509	5782	3895	3577	3921	3413	3485	3649	3137	3863	3852	3306
ENSG00000175550	640	1150	931	765	878	777	828	646	627	791	736	631
ENSG00000175556	366	549	333	152	187	134	234	286	215	282	257	296
ENSG00000175564	46	71	62	72	78	49	59	60	46	61	45	58
ENSG00000175567	7096	11756	8817	6312	6749	5940	4809	4768	3957	5512	4816	4779
ENSG00000175573	558	877	827	659	723	670	680	685	584	775	666	538
ENSG00000175575	1017	1801	1332	1148	1224	1123	1223	1254	1003	1354	1335	1036
ENSG00000175581	641	1148	841	716	799	678	741	649	588	745	649	679
ENSG00000175582	5132	8462	5588	5045	5277	4750	4818	4669	4126	5168	4497	4556
ENSG00000175591	4216	6787	4894	3125	3361	2784	3774	3694	3110	4367	3828	3945
ENSG00000175592	223	462	300	270	225	253	266	239	203	305	227	212
ENSG00000175595	1288	1847	1328	1363	1535	1296	1134	1226	1071	1248	1131	1194
ENSG00000175600	2	7	8	3	6	4	6	3	2	3	9	3
ENSG00000175602	1587	2794	2520	1867	2057	1825	1570	1394	1163	1481	1644	1367
ENSG00000175606	1610	2753	1861	1861	2032	1764	1486	1417	1279	1528	1486	1485
ENSG00000175634	1439	2216	1727	1686	1711	1448	1608	1294	1259	1581	1414	1428
ENSG00000175643	1295	2011	1547	1274	1310	1173	1235	1242	966	1385	1266	1192
ENSG00000175662	815	1359	1043	973	1069	1008	906	853	752	1073	898	808
ENSG00000175691	405	609	498	429	467	393	349	447	355	432	373	387
ENSG00000175697	4	6	5	4	7	7	7	2	0	1	0	8
ENSG00000175699	0	0	0	0	1	2	0	2	3	2	0	1
ENSG00000175701	58	91	82	49	45	49	50	41	47	51	55	35
ENSG00000175707	2	4	0	1	4	1	4	3	0	4	2	1
ENSG00000175711	965	1622	1363	1462	1442	1384	1192	1320	1033	1322	1199	999
ENSG00000175727	2947	5167	3614	4333	4423	4245	4131	4226	3633	4554	3894	3637
ENSG00000175745	0	4	0	1	2	1	0	0	0	1	4	0
ENSG00000175756	1502	2508	2106	1528	1716	1521	1519	1307	1209	1482	1348	1315
ENSG00000175764	102	181	133	128	160	117	146	111	86	146	120	109
ENSG00000175768	1891	2939	2216	1859	1909	1619	1822	1635	1581	1799	1686	1695
ENSG00000175782	1639	2940	2160	2317	2230	2105	2383	2606	2339	2527	2487	2201
ENSG00000175787	568	881	646	627	675	576	694	729	641	783	621	673
ENSG00000175792	3859	5521	4130	3432	3585	3094	3285	2892	2738	2960	2849	3130
ENSG00000175793	0	4	0	11	4	6	3	2	0	2	0	0
ENSG00000175806	138	232	122	257	196	211	161	128	152	144	128	150
ENSG00000175820	63	122	57	68	58	57	57	45	40	58	37	60
ENSG00000175826	3489	5594	4182	4331	4398	3938	3611	3320	2960	3781	3477	3257
ENSG00000175832	548	792	564	470	494	506	404	386	387	429	404	396
ENSG00000175854	158	294	204	214	296	243	182	185	137	155	161	133
ENSG00000175857	65	137	76	72	106	101	186	157	172	224	186	163
ENSG00000175866	303	653	482	453	558	445	404	412	353	491	423	351
ENSG00000175868	4	11	14	12	13	19	1	9	4	5	7	6
ENSG00000175874	93	151	110	152	135	121	116	167	135	144	135	123
ENSG00000175893	1581	2753	1765	2346	2617	2348	1822	2124	1765	2095	1882	1654
ENSG00000175894	0	3	4	4	1	2	0	1	0	1	6	0
ENSG00000175895	1445	2674	2130	1804	1797	1735	1459	1459	1254	1581	1791	1272
ENSG00000175899	8	16	15	10	6	4	8	20	7	19	19	5
ENSG00000175906	24	84	54	29	35	34	40	35	19	27	50	41
ENSG00000175920	7	27	12	22	11	16	9	15	13	20	15	11
ENSG00000175928	0	0	0	2	1	0	1	2	0	3	0	0
ENSG00000175931	2409	3662	2713	2345	2571	2305	2316	2251	1964	2420	2084	1915
ENSG00000175938	1959	3748	2993	2116	2247	2152	2178	2403	1731	2568	2343	1812
ENSG00000175970	2130	3622	3048	2170	2486	2153	2236	2246	1978	2399	2401	1935
ENSG00000175984	85	131	108	113	101	106	95	128	102	122	116	97
ENSG00000175985	49	56	35	63	59	43	57	69	64	71	75	51
ENSG00000176014	4075	6229	4646	3725	4140	3323	3525	2995	2819	3433	3251	3248
ENSG00000176018	1320	2287	1551	1306	1434	1287	1179	1301	1058	1356	1275	1186
ENSG00000176020	88	211	170	201	249	202	179	203	60	195	170	181
ENSG00000176022	2072	3024	2464	2265	2407	2020	1636	1474	1426	1718	1605	1622
ENSG00000176024	288	498	407	387	376	337	372	291	290	384	318	342
ENSG00000176046	80	138	110	104	109	96	120	158	106	130	107	91
ENSG00000176049	42	96	54	59	64	54	51	56	58	57	63	47
ENSG00000176055	1261	1866	1204	961	1037	974	985	930	877	1074	1048	876
ENSG00000176058	1178	1820	1559	1250	1425	1295	1075	912	918	1166	993	936
ENSG00000176076	5008	7876	6013	3320	3515	3012	5226	4840	4180	5708	4693	4938
ENSG00000176083	0	2	1	0	0	0	0	3	0	2	2	1
ENSG00000176087	1794	3087	2141	1945	1986	1743	1758	1685	1498	1969	1593	1731
ENSG00000176092	0	3	1	0	1	2	2	3	3	2	0	1
ENSG00000176095	2401	3694	3021	2374	2483	2222	2223	2103	1782	2292	2120	2095
ENSG00000176101	1048	1700	1475	1211	1343	1205	1036	915	796	1055	977	892
ENSG00000176102	3008	4530	3241	2608	2969	2436	2489	2429	2137	2657	2504	2385
ENSG00000176105	2475	3852	2521	2395	2463	2108	2417	2443	2040	2532	2244	2495
ENSG00000176108	908	1438	1177	1080	1128	1057	847	846	708	998	940	808
ENSG00000176125	34	65	55	47	55	35	28	36	55	44	34	41
ENSG00000176142	1466	2543	1804	1385	1471	1379	1328	1497	1253	1640	1353	1408
ENSG00000176148	646	974	765	792	812	708	761	744	576	834	750	685
ENSG00000176153	2	10	3	5	3	1	1	8	2	6	2	6
ENSG00000176155	1519	2476	1788	2059	1954	1761	1905	1892	1816	1912	1804	1749
ENSG00000176160	2	0	0	0	0	1	4	0	0	0	0	0
ENSG00000176170	294	425	349	154	200	176	164	160	178	200	174	167
ENSG00000176171	2380	4801	3685	2150	2310	2478	3151	3836	2596	4352	3901	2249
ENSG00000176182	368	620	492	366	377	340	377	366	276	373	361	295
ENSG00000176204	153	274	153	248	198	203	248	278	252	299	226	181
ENSG00000176208	3932	5988	4136	3704	4032	3331	3659	3644	3152	3933	3739	3555
ENSG00000176209	1129	1868	1382	1470	1605	1358	1173	1214	1022	1319	1225	1192
ENSG00000176222	267	627	454	311	362	421	337	426	346	385	453	297
ENSG00000176225	2249	3686	2289	2633	2748	2414	2410	2707	2343	2778	2295	2274
ENSG00000176230	207	307	168	342	307	248	259	315	210	312	229	288
ENSG00000176244	130	210	154	193	174	177	204	228	187	217	205	209
ENSG00000176248	2083	3247	2695	2544	2708	2425	2265	2284	2108	2381	2234	2019
ENSG00000176253	3	6	1	2	5	4	3	1	0	3	3	2
ENSG00000176261	503	905	631	538	523	495	597	551	436	535	598	442
ENSG00000176269	14	25	19	12	9	8	8	18	11	14	10	11
ENSG00000176273	287	473	275	261	274	210	244	249	223	286	210	242
ENSG00000176293	0	0	1	0	0	0	0	0	0	4	0	0
ENSG00000176299	1	1	2	0	3	0	0	0	0	0	1	5
ENSG00000176340	3109	5370	4461	3962	4195	3639	3576	3194	2684	3613	3245	2834
ENSG00000176358	1	1	3	3	0	3	5	3	3	1	0	0
ENSG00000176371	448	722	540	677	675	608	645	638	537	555	525	536
ENSG00000176383	61	122	84	77	75	63	56	65	55	66	49	50
ENSG00000176386	402	642	560	397	423	410	402	396	302	399	463	408
ENSG00000176387	3	4	2	4	4	4	3	2	4	3	4	0
ENSG00000176390	890	1424	1064	1239	1369	1148	780	919	782	938	885	798
ENSG00000176393	3278	5143	3994	4444	4575	4068	3132	2758	2601	3095	2841	3033
ENSG00000176396	481	705	495	560	570	503	412	367	404	418	422	414
ENSG00000176401	147	275	216	168	179	188	169	165	176	180	192	158
ENSG00000176402	2	1	2	0	0	1	2	0	0	0	3	0
ENSG00000176406	115	215	140	165	167	138	183	199	157	168	173	154
ENSG00000176407	1824	3018	2002	2196	2465	2065	1701	1698	1483	1754	1632	1637
ENSG00000176410	248	418	256	401	363	319	266	215	193	240	232	195
ENSG00000176422	1043	1595	1260	1125	1203	1046	1232	1314	1140	1412	1200	1248
ENSG00000176428	6	17	6	8	13	10	8	10	6	7	6	4
ENSG00000176435	1	0	2	2	3	2	0	0	0	1	0	0
ENSG00000176438	7455	12189	9312	9485	10381	9363	8505	8890	7644	9488	8469	7513
ENSG00000176444	351	699	533	473	509	458	463	329	253	421	406	353
ENSG00000176454	1074	1785	1304	820	836	805	1043	1004	862	1232	1021	1012
ENSG00000176463	848	1246	989	796	857	736	810	810	780	884	755	753
ENSG00000176472	46	94	63	60	70	67	55	62	64	67	71	49
ENSG00000176473	208	367	227	214	193	221	226	182	184	193	191	193
ENSG00000176476	412	830	718	638	666	647	613	598	513	568	677	507
ENSG00000176485	13	31	27	34	16	17	17	14	18	22	13	8
ENSG00000176490	1489	2367	1645	1414	1451	1327	1381	1271	1124	1576	1275	1231
ENSG00000176495	0	0	0	11	3	9	6	12	7	10	2	4
ENSG00000176531	406	746	610	524	495	520	558	573	523	643	538	414
ENSG00000176533	590	1149	847	791	825	795	1022	1090	811	1218	958	873
ENSG00000176542	3997	6736	4190	4876	5190	4673	4544	4555	3960	4908	3992	4276
ENSG00000176563	22	42	25	31	27	18	13	27	16	21	16	18
ENSG00000176595	117	0	283	84	0	117	117	17	183	51	150	51
ENSG00000176597	1088	2025	1511	373	387	381	817	1041	689	1197	1090	897
ENSG00000176619	16681	23979	18453	16036	17297	14221	14446	12842	12393	14866	13111	13743
ENSG00000176623	1882	3231	2400	2280	2555	2358	2018	2062	1805	2143	2080	1881
ENSG00000176624	3658	6144	4500	3664	3957	3603	3276	3277	2649	3439	3441	3036
ENSG00000176641	13	29	14	25	20	19	20	23	20	11	11	32
ENSG00000176658	23	55	23	10	16	14	32	25	16	29	20	30
ENSG00000176678	0	3	0	0	1	0	0	0	0	1	1	0
ENSG00000176681	8	9	5	3	5	13	5	15	21	0	11	4
ENSG00000176695	448	865	29	705	620	559	699	806	644	840	639	615
ENSG00000176697	11	14	8	4	2	4	5	18	12	9	22	14
ENSG00000176714	151	217	149	152	171	159	163	164	131	178	165	167
ENSG00000176715	2234	3645	2907	2589	2660	2486	2206	2297	1968	2465	2238	2035
ENSG00000176720	2	7	1	1	1	3	2	2	5	5	0	0
ENSG00000176723	35	47	57	56	59	62	56	44	43	44	64	46
ENSG00000176731	529	938	623	537	612	560	555	535	545	532	542	481
ENSG00000176732	6	10	7	6	10	4	4	3	3	3	5	6
ENSG00000176749	416	650	438	377	370	367	432	412	375	485	425	412
ENSG00000176771	1	5	6	6	23	14	5	7	3	8	4	0
ENSG00000176783	1812	2936	2132	1905	2183	1872	1844	1869	1694	1965	1723	1805
ENSG00000176788	237	478	397	308	303	336	433	465	337	530	407	401
ENSG00000176809	529	870	590	738	734	702	737	859	656	945	713	665
ENSG00000176834	242	363	286	292	291	251	219	212	219	291	253	204
ENSG00000176842	582	1014	747	601	681	600	541	470	423	607	481	456
ENSG00000176845	319	536	544	413	411	344	453	394	307	310	266	270
ENSG00000176853	8085	12836	9112	9266	9895	8447	7414	7202	6637	8056	7479	7088
ENSG00000176871	1421	2142	1624	1342	1587	1345	1220	1163	966	1345	1399	1207
ENSG00000176884	22	27	15	18	10	18	18	17	18	29	17	16
ENSG00000176890	7563	11845	9118	7548	8149	6831	6879	6222	5822	6989	6883	6289
ENSG00000176894	512	815	663	513	553	520	449	396	386	467	498	433
ENSG00000176896	125	197	132	174	138	131	129	122	113	162	118	128
ENSG00000176903	1102	1683	1391	1042	1240	1137	1105	938	932	1095	1079	914
ENSG00000176909	6	24	12	22	23	18	18	16	18	20	14	21
ENSG00000176915	6662	10617	7736	7490	8176	7360	6831	6629	5913	6925	6654	5955
ENSG00000176919	16	9	24	27	11	16	20	15	13	12	5	7
ENSG00000176920	107	142	119	130	139	146	126	144	137	165	165	141
ENSG00000176927	14	65	18	70	68	59	60	56	33	51	34	27
ENSG00000176945	25	41	20	23	52	28	27	40	13	29	26	9
ENSG00000176946	1424	2326	1748	1362	1493	1220	1335	1206	1146	1412	1280	1257
ENSG00000176953	3081	4742	3443	3811	3905	3507	3350	3358	2992	3499	2968	3009
ENSG00000176973	571	1048	840	1093	1054	854	759	736	645	748	663	653
ENSG00000176974	303	1644	469	334	1138	1066	440	540	394	432	549	388
ENSG00000176978	5024	7654	6421	4649	5057	4854	4539	4175	3781	4896	4211	4011
ENSG00000176986	8102	13549	9745	9385	10087	9307	8460	8274	7039	9123	7792	7276
ENSG00000176994	4892	7869	5733	5265	5612	5047	4902	4735	4081	5642	4730	4709
ENSG00000177000	2751	5270	4016	3034	3304	3088	3139	3463	2722	3842	3621	2833
ENSG00000177025	3	18	9	4	9	15	6	4	7	8	8	13
ENSG00000177030	1798	2605	1985	1625	1793	1523	1612	1482	1294	1645	1486	1346
ENSG00000177034	2561	4139	2843	2448	2610	2249	2654	2650	2307	2762	2628	2445
ENSG00000177042	516	943	698	617	637	568	618	619	536	665	551	525
ENSG00000177045	380	673	569	429	498	466	382	384	372	451	376	365
ENSG00000177051	1627	2918	2355	1934	2045	1878	1957	1987	1657	2368	1857	1671
ENSG00000177054	812	1256	824	927	952	816	748	747	659	830	779	737
ENSG00000177058	1258	1982	1382	1585	1650	1447	1497	1414	1238	1453	1269	1268
ENSG00000177076	200	266	185	169	183	134	113	131	105	148	132	174
ENSG00000177082	1751	2916	2245	2009	2078	1899	1971	1885	1588	2059	2077	1870
ENSG00000177084	8500	12835	9198	7981	8248	7263	9422	8565	8080	9607	8156	8275
ENSG00000177096	2	6	8	4	0	4	7	3	8	5	7	5
ENSG00000177098	2	3	1	13	15	8	10	5	11	8	4	8
ENSG00000177105	2889	4911	4101	3203	3346	3094	3222	3302	2718	3770	3548	3044
ENSG00000177106	78	133	77	75	87	88	100	75	91	108	116	77
ENSG00000177119	3087	4958	3385	4146	4451	4095	3362	3385	2955	3909	3312	3155
ENSG00000177125	2540	4263	3037	2441	2666	2516	2713	2957	2304	3332	2932	2583
ENSG00000177138	2	12	5	19	19	11	7	10	15	20	15	5
ENSG00000177144	137	118	100	85	110	73	160	69	67	112	70	120
ENSG00000177150	2301	3460	2640	1839	2155	1838	1805	1862	1633	1996	1964	1527
ENSG00000177156	6836	10149	8087	7033	7338	6526	6193	5751	5160	6519	6347	5288
ENSG00000177169	1404	2495	1981	1675	1757	1692	1492	1442	1222	1467	1400	1161
ENSG00000177181	462	811	609	743	737	794	607	596	608	661	582	459
ENSG00000177182	1	0	5	4	1	0	0	4	3	2	3	1
ENSG00000177189	11675	18213	12541	16017	17403	15617	11398	11262	10177	12021	11072	11072
ENSG00000177191	144	231	217	148	203	184	254	223	244	249	212	171
ENSG00000177192	2403	3484	2782	2323	2362	1974	2033	1919	1733	2104	1826	1917
ENSG00000177200	5986	10067	6730	6273	6673	5967	6802	7145	5883	7662	6659	6261
ENSG00000177201	107	130	49	136	93	112	124	157	112	169	117	122
ENSG00000177212	35	74	22	49	33	65	55	69	49	66	33	51
ENSG00000177225	3029	4735	3599	3277	3386	3024	3275	3242	2660	3452	2971	3033
ENSG00000177238	214	414	285	291	305	279	311	383	352	369	321	284
ENSG00000177239	1542	2846	2160	1793	1943	1804	1812	1939	1565	2240	1989	1601
ENSG00000177272	300	480	348	208	262	179	250	239	207	274	223	220
ENSG00000177283	85	121	83	88	123	93	85	69	65	78	60	90
ENSG00000177294	8	11	10	6	2	11	8	14	2	9	7	5
ENSG00000177302	3533	5421	4151	3774	4065	3557	3674	3433	3181	3929	3556	3222
ENSG00000177303	40	81	62	84	66	81	53	30	37	48	40	44
ENSG00000177311	356	622	477	496	547	515	349	333	295	364	333	333
ENSG00000177324	1	5	5	6	4	5	3	4	8	7	5	4
ENSG00000177352	969	1480	1290	1032	1136	1098	856	787	768	858	762	763
ENSG00000177363	47	120	73	79	60	59	79	92	75	91	82	70
ENSG00000177370	0	0	0	0	0	0	0	0	0	0	83	0
ENSG00000177374	214	478	421	1573	1842	1670	798	594	695	619	542	281
ENSG00000177380	1391	2413	1820	1851	1834	1699	1559	1447	1251	1563	1413	1294
ENSG00000177383	559	898	761	917	1063	981	689	577	605	682	597	570
ENSG00000177398	2	0	0	0	1	0	2	1	1	1	2	0
ENSG00000177409	227	502	376	247	267	251	354	498	302	515	399	358
ENSG00000177425	87	139	121	156	127	124	157	127	163	156	132	178
ENSG00000177426	1175	2022	1400	1741	1810	1697	1417	1293	1126	1408	1167	1011
ENSG00000177427	369	697	604	466	476	477	477	479	442	542	547	396
ENSG00000177432	92	192	105	92	95	83	76	92	81	80	108	89
ENSG00000177453	23	35	17	16	26	17	24	16	19	21	12	24
ENSG00000177455	63	162	103	57	69	76	47	82	45	91	88	63
ENSG00000177463	3706	5570	4137	4333	4559	4117	3901	3765	3187	4159	3661	3488
ENSG00000177465	48	98	71	59	69	76	55	59	58	57	50	40
ENSG00000177469	1	5	7	2	0	2	6	6	2	7	3	7
ENSG00000177479	3309	5064	4000	4049	4295	3771	3308	2927	2741	3176	3066	3023
ENSG00000177483	49	66	43	58	54	39	29	37	46	44	32	29
ENSG00000177485	10537	17668	11981	14115	15074	12747	10021	8957	8627	9563	8880	9018
ENSG00000177508	5216	8594	7392	5653	5834	5318	5008	4828	4357	5466	4864	4504
ENSG00000177511	1	4	1	2	1	2	3	3	7	3	1	1
ENSG00000177535	286	618	406	477	498	417	481	590	503	584	512	505
ENSG00000177542	803	1227	980	863	965	819	823	659	623	742	724	726
ENSG00000177548	1088	1708	1599	1599	1643	1568	1273	1282	1163	1437	1271	1171
ENSG00000177556	494	728	555	616	587	560	560	590	524	584	537	516
ENSG00000177565	16938	27592	20002	17642	19058	17016	15593	15725	13670	17150	17020	15004
ENSG00000177570	1029	1842	108	1522	1360	1269	1604	1906	1530	1845	1296	1487
ENSG00000177575	0	0	0	55	46	45	0	0	0	0	0	0
ENSG00000177576	447	748	612	767	810	704	645	655	575	748	743	598
ENSG00000177595	1614	2616	2112	1909	1859	1656	1864	1966	1714	2031	1834	1612
ENSG00000177599	4	19	10	9	8	7	12	10	2	12	9	9
ENSG00000177600	11916	21696	18748	15084	16508	15041	14277	12803	11109	15034	14373	11509
ENSG00000177602	1174	1741	1263	1230	1278	1163	1038	891	847	967	922	985
ENSG00000177606	1887	3655	3177	2182	2237	2119	1194	1377	947	1334	1457	592
ENSG00000177613	2154	3286	2328	2480	2587	2293	2117	1914	1808	2205	1978	1933
ENSG00000177614	94	155	92	98	118	91	155	109	96	134	128	125
ENSG00000177628	1522	2631	1801	1770	1805	1602	1336	1188	1088	1356	1222	1228
ENSG00000177646	2345	3392	2691	2175	2249	2019	1757	1760	1675	2058	1854	1864
ENSG00000177663	24111	39975	29570	24472	26227	25242	25401	25610	20853	28181	25316	22713
ENSG00000177666	2009	3571	2792	1882	1963	1814	2088	2097	1698	2347	2278	1814
ENSG00000177669	1	2	0	4	4	0	0	4	2	3	3	0
ENSG00000177674	1059	1775	1347	659	731	697	1117	1125	912	1222	1133	984
ENSG00000177675	263	562	369	330	343	335	347	362	296	387	278	342
ENSG00000177679	2	13	5	5	4	11	4	8	8	5	2	3
ENSG00000177683	1490	2499	1517	1709	1842	1560	1546	1579	1349	1656	1559	1490
ENSG00000177685	36	82	73	34	23	26	50	62	36	55	68	37
ENSG00000177688	21	36	18	31	41	43	37	24	22	29	21	17
ENSG00000177689	11	14	17	21	22	16	17	19	18	21	26	17
ENSG00000177692	36	99	62	49	44	43	44	78	36	65	52	48
ENSG00000177694	8	20	15	32	25	16	14	23	14	25	17	21
ENSG00000177697	1757	2946	2372	1435	1477	1355	1412	1416	1195	1616	1513	1377
ENSG00000177700	446	710	568	500	486	468	394	316	268	385	340	335
ENSG00000177706	1393	2439	1732	3732	3869	3733	2064	1642	1756	1802	1530	1467
ENSG00000177707	0	0	0	0	1	1	0	0	0	3	1	0
ENSG00000177710	4	13	6	12	16	8	12	12	9	12	6	11
ENSG00000177721	124	187	155	126	165	154	101	89	86	114	111	86
ENSG00000177728	2023	3594	2692	2454	2495	2413	2680	2767	2375	3080	2689	2301
ENSG00000177731	9167	14301	10999	10064	10896	9816	7415	7242	6345	8126	7263	6908
ENSG00000177732	1577	2385	2127	1143	1255	1201	1339	1179	997	1450	1315	1231
ENSG00000177733	7078	11127	8754	8445	9000	8481	7212	6338	6004	6734	6576	6059
ENSG00000177752	0	0	0	2	0	0	0	0	3	1	0	0
ENSG00000177791	12	25	25	19	10	11	14	17	23	21	15	14
ENSG00000177807	1	2	2	1	1	4	2	0	0	1	3	6
ENSG00000177830	2512	3683	2976	2191	2358	2076	2271	2185	2004	2553	2177	2276
ENSG00000177839	63	109	86	81	76	112	94	99	102	121	121	86
ENSG00000177842	70	152	106	114	113	102	77	112	82	86	89	73
ENSG00000177853	4996	8428	5649	5797	6185	5448	6388	6598	5808	7100	6261	5902
ENSG00000177854	264	407	337	392	442	352	242	234	204	284	290	227
ENSG00000177868	144	220	160	159	171	137	169	167	102	152	128	116
ENSG00000177873	906	1488	1150	990	951	858	970	1028	888	1084	969	896
ENSG00000177875	7	10	21	12	13	8	1	2	0	7	3	5
ENSG00000177879	2025	3673	2802	2249	2405	2100	1965	2183	1826	2249	2110	1975
ENSG00000177885	23133	37640	26711	27342	29374	25913	23669	21986	19809	25192	20910	20790
ENSG00000177888	1258	2241	1454	1822	1980	1841	1474	1428	1258	1645	1528	1328
ENSG00000177889	5572	8551	6040	5919	6136	5273	5057	4813	4537	5333	4877	4849
ENSG00000177917	1510	2544	1722	1325	1569	1370	1354	1387	1125	1506	1440	1070
ENSG00000177932	3	1	3	2	12	4	6	2	10	6	5	7
ENSG00000177943	506	797	647	462	460	418	458	409	336	467	386	400
ENSG00000177946	410	726	557	547	536	591	386	456	426	512	397	403
ENSG00000177947	1	4	7	2	9	1	6	14	7	2	5	8
ENSG00000177951	2266	3935	3012	2487	2635	2414	2198	2085	1783	2414	2265	1933
ENSG00000177954	1406	1987	1300	1575	1631	1568	1629	1372	1080	1536	1522	1272
ENSG00000177963	3907	6399	4933	4052	4428	4029	3349	3185	2824	3619	3235	3109
ENSG00000177971	1944	2965	2764	2004	2190	1848	1793	1651	1420	1933	1916	1618
ENSG00000177981	1141	1857	1354	1173	1294	1256	1182	1198	1107	1330	1281	994
ENSG00000177984	5	5	4	1	1	7	9	9	4	5	10	8
ENSG00000177989	145	274	247	243	274	233	205	211	165	235	222	116
ENSG00000177990	39	77	49	41	38	38	60	63	53	71	69	52
ENSG00000178015	41	32	40	37	46	47	43	39	19	36	30	37
ENSG00000178026	63	117	89	83	86	63	89	74	48	77	72	88
ENSG00000178028	712	1164	937	934	1036	856	807	728	697	800	790	694
ENSG00000178035	11748	18644	13668	13073	13671	12319	10938	10082	9083	11263	10016	10171
ENSG00000178038	118	201	128	45	64	55	88	110	95	110	116	72
ENSG00000178053	2	0	3	0	1	7	1	7	1	2	1	4
ENSG00000178057	1432	2246	1580	1595	1755	1601	1093	935	871	1194	937	903
ENSG00000178074	1812	2958	1897	1828	1867	1671	1529	1564	1369	1660	1552	1574
ENSG00000178075	2	0	0	0	4	0	0	0	0	0	1	0
ENSG00000178078	99	158	78	141	119	113	173	183	122	148	150	122
ENSG00000178093	132	268	232	111	166	150	136	144	127	158	173	126
ENSG00000178096	182	327	264	190	193	221	170	210	164	210	188	190
ENSG00000178104	3229	5371	3783	5774	5873	5180	4891	4418	4237	4962	4486	4308
ENSG00000178105	2025	2980	2268	2058	2048	1775	1906	1675	1701	1959	1939	1856
ENSG00000178115	157	680	198	249	295	235	713	752	173	277	180	428
ENSG00000178127	3181	5349	3923	3115	3252	2915	2946	2835	2510	3041	3009	2692
ENSG00000178149	904	1574	1232	1086	1189	1138	849	868	739	986	907	788
ENSG00000178150	197	342	237	254	297	268	280	253	223	273	256	278
ENSG00000178163	61	89	74	72	48	54	51	46	48	49	51	66
ENSG00000178175	12	23	10	162	243	184	69	60	69	59	36	44
ENSG00000178177	2054	3192	2047	2289	2433	2089	2027	2283	1836	2331	2135	1970
ENSG00000178184	267	446	329	328	356	314	269	273	302	329	299	296
ENSG00000178187	19	24	26	33	30	26	24	41	30	29	34	36
ENSG00000178188	1381	2321	1748	2198	2320	2063	1864	1957	1673	2046	1802	1571
ENSG00000178199	870	1596	1177	1600	1630	1431	1390	1491	1297	1414	1396	1195
ENSG00000178201	75	106	63	100	100	108	107	86	91	116	85	89
ENSG00000178202	3467	5646	3731	3996	4316	3577	3450	3561	3210	3730	3334	3284
ENSG00000178209	26007	45572	38097	44778	47776	45045	32492	32610	28234	37120	32606	29918
ENSG00000178217	6	6	0	2	0	2	6	4	3	2	4	1
ENSG00000178226	113	162	175	88	86	104	167	151	134	180	195	150
ENSG00000178229	936	1552	1120	1214	1167	1065	1290	1196	1054	1351	1167	1044
ENSG00000178233	8	5	13	3	2	4	10	4	2	5	6	1
ENSG00000178234	858	1248	1004	795	863	725	736	730	571	778	718	704
ENSG00000178252	5424	8305	6858	6056	6612	6217	5906	5634	4861	6372	5693	4975
ENSG00000178295	3337	5472	3647	4315	4533	3931	3426	3349	3061	3554	3216	3260
ENSG00000178297	48	77	75	66	64	55	48	66	45	58	49	52
ENSG00000178301	15	45	23	20	19	28	24	14	19	21	12	22
ENSG00000178307	757	1078	829	805	939	752	696	654	636	723	695	652
ENSG00000178338	382	695	420	419	470	393	354	374	333	415	383	383
ENSG00000178342	36	76	62	35	20	25	62	61	61	63	67	47
ENSG00000178343	3	12	5	26	20	15	8	13	10	20	6	15
ENSG00000178381	258	494	419	348	363	277	283	297	222	290	273	216
ENSG00000178385	996	1508	1069	1494	1528	1343	1188	1110	1075	1229	1036	1026
ENSG00000178386	103	180	146	137	167	128	145	155	114	128	137	146
ENSG00000178397	4	38	1004	0	4	425	3	117	101	2	11	0
ENSG00000178401	23	52	31	37	22	28	34	47	38	45	46	37
ENSG00000178404	23	34	20	32	17	20	36	64	30	38	37	27
ENSG00000178409	396	588	409	383	412	311	336	317	281	369	291	326
ENSG00000178425	459	655	512	449	468	498	435	412	380	478	402	374
ENSG00000178445	5	12	14	13	12	11	7	8	5	17	7	11
ENSG00000178449	434	729	620	489	588	471	446	414	342	448	458	420
ENSG00000178460	191	337	256	198	173	193	214	253	152	279	220	245
ENSG00000178467	802	1458	1114	877	937	842	969	1086	862	1212	1039	811
ENSG00000178498	1	9	13	7	26	11	13	4	3	4	2	6
ENSG00000178502	1965	3126	2311	2318	2489	2286	2073	1922	1749	2203	2133	1995
ENSG00000178531	36	45	45	30	30	26	22	31	17	14	29	20
ENSG00000178537	286	516	438	383	467	336	342	320	255	310	335	317
ENSG00000178562	7	19	8	15	4	12	9	12	10	9	9	13
ENSG00000178567	2436	3954	2674	2804	2869	2568	2774	2821	2404	3031	2516	2512
ENSG00000178568	2	0	1	10	10	4	0	2	1	2	4	0
ENSG00000178573	1	7	9	6	6	7	4	3	5	7	3	2
ENSG00000178585	642	1040	860	791	858	717	736	678	647	740	741	583
ENSG00000178605	2531	4129	3394	2799	2896	2614	2525	2207	2008	2442	2193	2239
ENSG00000178607	2087	3840	2758	1715	1711	1602	1879	2234	1613	2523	2201	1889
ENSG00000178623	905	1618	1338	1307	1390	1412	1172	1052	1001	1314	1072	953
ENSG00000178665	353	704	452	530	539	531	585	580	545	606	557	559
ENSG00000178685	2117	3961	3364	3186	3302	3369	3006	3132	2574	3339	3369	2418
ENSG00000178690	36	61	39	79	57	64	72	92	75	74	58	83
ENSG00000178691	8710	14414	9701	8729	9664	8014	7812	7787	6757	8591	7700	7486
ENSG00000178694	1085	1688	1099	1289	1448	1235	1149	1150	1000	1213	1091	948
ENSG00000178695	383	670	457	7866	8781	7949	592	479	526	543	500	423
ENSG00000178700	350	562	364	371	447	394	315	253	234	298	288	292
ENSG00000178718	600	816	640	459	550	419	411	346	373	439	407	455
ENSG00000178719	2012	3574	2504	2664	2742	2585	2585	2448	2097	2875	2276	1981
ENSG00000178726	1696	3137	2334	2613	2787	2810	2026	2148	1699	2333	2036	1789
ENSG00000178732	0	0	1	0	2	0	1	0	0	1	3	0
ENSG00000178741	1768	2991	2070	2304	2275	1984	1886	1586	1394	1755	1470	1557
ENSG00000178752	183	286	200	129	141	144	152	138	144	183	182	160
ENSG00000178761	982	1773	1252	1282	1383	1354	1243	1245	995	1364	1223	1185
ENSG00000178764	532	971	772	400	394	412	639	658	483	783	616	542
ENSG00000178772	8	2	4	3	1	2	1	9	8	5	1	1
ENSG00000178773	1239	1895	1504	1068	1121	1024	966	925	841	1027	923	820
ENSG00000178789	76	168	107	99	92	95	142	125	109	116	121	78
ENSG00000178795	22	34	30	38	38	28	37	41	32	32	32	29
ENSG00000178802	1332	2524	1769	1473	1584	1505	1500	1571	1211	1784	1546	1313
ENSG00000178809	471	793	500	739	698	621	671	732	651	731	629	522
ENSG00000178814	942	1701	1495	1056	1055	1113	839	933	663	1020	870	757
ENSG00000178821	14	45	22	16	13	6	10	11	7	13	13	11
ENSG00000178826	7	10	2	4	5	3	4	6	1	4	3	0
ENSG00000178852	502	991	682	486	490	460	603	672	520	667	638	548
ENSG00000178860	4	2	9	0	4	5	5	6	8	4	6	0
ENSG00000178878	2713	4769	3233	3689	3906	3568	3661	4009	3466	4349	3599	3192
ENSG00000178882	4	0	0	0	0	0	2	1	0	3	0	1
ENSG00000178896	1102	1625	1365	1179	1343	1155	960	883	870	1004	1014	888
ENSG00000178904	5180	7962	5252	5708	5806	4972	4604	4614	4186	5007	4421	4520
ENSG00000178913	3818	6641	5126	4700	5053	4651	4207	3828	3415	4160	4107	3692
ENSG00000178917	304	542	310	347	355	308	387	375	298	440	341	325
ENSG00000178921	6295	8971	6990	5937	6219	5021	5124	4493	4310	5393	4639	4823
ENSG00000178922	108	178	126	108	105	80	93	80	55	91	87	73
ENSG00000178927	5854	9617	7810	6936	7339	6766	7118	6779	6069	7574	6954	5868
ENSG00000178935	293	403	336	333	329	263	284	289	247	326	317	288
ENSG00000178947	8	9	21	7	8	19	13	17	12	13	11	9
ENSG00000178950	4988	7961	6179	6431	6815	6065	5709	5565	4940	6005	5181	4945
ENSG00000178951	4958	8441	6768	5587	5813	5550	5281	5315	4285	5636	5129	4631
ENSG00000178952	7938	11958	9974	8177	8758	7761	6883	6260	5871	7224	7012	6746
ENSG00000178966	3042	4884	3454	3049	3221	2663	2627	2681	2437	2966	2884	2722
ENSG00000178971	1170	1885	1284	1373	1495	1228	1248	1173	1118	1355	1205	1072
ENSG00000178974	2155	3493	2553	2504	2645	2224	2018	1918	1824	2161	2018	2045
ENSG00000178980	455	791	627	557	600	589	603	590	522	599	619	472
ENSG00000178982	8551	14247	12211	10525	11207	9653	8234	7559	7025	8518	8649	7709
ENSG00000178988	503	844	638	494	567	482	473	419	423	482	472	455
ENSG00000178996	1392	2537	1830	1946	1948	1967	1547	1756	1316	1851	1599	1439
ENSG00000178997	524	938	617	793	695	706	798	883	785	843	833	813
ENSG00000178999	1485	2311	1768	1720	1657	1442	1352	1301	1231	1437	1265	1313
ENSG00000179010	5702	9219	7460	6376	6895	6005	5472	5083	4657	5513	5664	5001
ENSG00000179021	1108	1878	1136	1161	1203	1194	1079	1020	1009	1133	1010	1001
ENSG00000179029	1055	2081	1506	1060	1191	1061	984	1072	895	1151	1169	882
ENSG00000179041	1141	1583	1175	1175	1289	1032	989	783	809	871	870	967
ENSG00000179044	3	6	4	1	2	0	3	3	0	2	4	0
ENSG00000179046	0	1	2	0	3	1	0	0	1	2	1	6
ENSG00000179051	16943	24177	19049	17774	18861	15906	14371	12886	12115	14603	13394	13334
ENSG00000179057	0	0	2	0	0	0	0	0	1	2	0	1
ENSG00000179058	9	16	11	10	20	3	9	12	9	13	4	8
ENSG00000179059	102	166	114	145	150	109	163	147	162	194	179	144
ENSG00000179085	410	732	605	390	500	444	482	505	419	529	574	474
ENSG00000179091	6076	10174	8246	6470	6905	6024	6015	5666	5063	6657	5907	5341
ENSG00000179094	766	1319	938	596	642	549	661	675	544	877	760	549
ENSG00000179104	49	105	41	41	42	38	63	38	35	60	60	35
ENSG00000179111	0	0	1	0	0	1	0	0	0	2	0	0
ENSG00000179115	7164	10496	8217	6554	6851	6113	6043	5335	5142	6369	5914	5523
ENSG00000179119	2131	3571	2681	2205	2441	2187	2110	1990	1803	2153	2040	2053
ENSG00000179134	3166	5306	3936	3794	3923	3386	3526	3656	3285	4050	3575	3266
ENSG00000179151	2141	3395	2695	2298	2472	2148	1912	1998	1730	2145	1939	1789
ENSG00000179152	1853	3433	2371	2129	2410	2143	2005	2065	1778	2213	2013	1740
ENSG00000179163	532	1048	658	1063	1183	1120	827	763	654	789	786	658
ENSG00000179165	2	2	4	7	1	4	1	4	5	3	3	4
ENSG00000179168	15	41	24	22	39	49	35	38	34	39	33	32
ENSG00000179195	3084	4937	3434	2848	3151	2800	2969	2980	2462	3245	2769	2732
ENSG00000179213	3	5	1	9	14	9	10	18	6	7	1	8
ENSG00000179218	40226	62623	50953	38925	42396	35072	32973	29434	28023	34064	31849	30997
ENSG00000179222	568	932	780	654	680	552	555	533	462	580	531	565
ENSG00000179240	699	1111	884	1045	1014	795	1045	1240	1020	1228	1065	998
ENSG00000179241	569	743	551	366	428	373	424	388	338	423	359	419
ENSG00000179262	3821	6304	4726	4262	4388	3708	4033	3383	3040	3871	3465	3382
ENSG00000179271	1154	1928	1678	1176	1316	1138	1119	950	927	1019	1212	1149
ENSG00000179284	19	66	55	39	47	32	40	53	35	57	50	38
ENSG00000179292	1	7	1	5	0	0	1	0	1	4	2	0
ENSG00000179295	13952	21609	15384	14156	14900	12634	11959	10769	10283	11970	11191	11056
ENSG00000179300	72	74	64	58	58	57	44	46	43	49	32	32
ENSG00000179304	379	478	548	496	280	122	208	303	103	371	137	317
ENSG00000179314	181	284	186	226	233	211	165	228	153	185	206	160
ENSG00000179331	132	199	129	142	151	142	129	123	92	128	140	135
ENSG00000179335	2531	4280	3261	2951	3062	2771	2628	2625	2133	2886	2594	2278
ENSG00000179344	261	398	337	701	755	744	498	439	415	424	452	335
ENSG00000179348	1916	3421	2521	994	936	1042	1558	1697	1197	1816	1754	1406
ENSG00000179361	2094	3751	2459	2039	1999	1974	2095	2187	1690	2307	1935	1742
ENSG00000179363	0	0	0	1	1	1	0	0	0	0	1	1
ENSG00000179364	2528	4211	3162	3511	3652	3233	3045	3150	2683	3279	2860	2654
ENSG00000179387	1481	2472	1749	1803	2022	1716	1385	1369	1212	1514	1520	1326
ENSG00000179388	256	439	385	209	196	170	137	169	85	148	172	97
ENSG00000179397	22	34	26	33	19	26	19	19	22	17	25	22
ENSG00000179399	0	6	1	2	3	4	7	0	6	2	1	8
ENSG00000179403	248	527	421	260	255	259	323	300	248	359	357	239
ENSG00000179409	3571	5435	4482	3315	3438	2982	3010	2835	2546	3216	3195	2899
ENSG00000179431	2	0	2	3	1	1	0	1	1	0	0	1
ENSG00000179454	1052	1993	1361	1223	1321	1186	1296	1473	1197	1531	1431	1220
ENSG00000179455	546	827	588	572	587	548	514	544	493	568	572	472
ENSG00000179456	881	1510	1108	1090	1117	1032	1074	1122	937	1145	1086	985
ENSG00000179476	152	219	172	166	159	167	136	171	159	204	167	152
ENSG00000179526	1189	1944	1674	1454	1520	1346	1237	1180	957	1383	1296	1072
ENSG00000179528	48	66	77	84	71	72	34	53	48	55	46	50
ENSG00000179532	2086	3705	2711	2311	2130	2024	2131	2625	1800	2701	2307	2168
ENSG00000179542	644	1177	763	809	869	794	664	727	591	821	720	631
ENSG00000179562	1024	1785	1442	1188	1230	1138	1032	1088	770	1151	1088	1042
ENSG00000179564	27	15	21	19	9	10	5	13	11	6	14	6
ENSG00000179580	1	1	1	0	0	0	0	0	0	0	0	3
ENSG00000179583	1393	2399	1674	4744	4796	4852	3309	3221	3141	3614	2866	2358
ENSG00000179588	398	717	659	476	460	481	519	452	406	516	426	382
ENSG00000179593	1	0	0	1	0	0	0	1	2	5	0	0
ENSG00000179598	2452	3898	2929	1774	1867	1664	2265	2112	1874	2544	2310	2297
ENSG00000179604	465	811	634	446	463	439	482	480	354	532	497	430
ENSG00000179615	1	4	0	1	2	3	2	1	0	3	0	2
ENSG00000179626	2	3	1	7	1	4	0	1	2	3	0	2
ENSG00000179627	260	454	331	248	235	278	284	267	239	314	285	233
ENSG00000179630	277	498	392	431	460	444	270	266	277	273	236	274
ENSG00000179632	4192	7187	5662	4810	5057	4323	4299	3772	3432	4491	3869	3738
ENSG00000179639	87	150	124	178	158	122	116	129	89	127	114	132
ENSG00000179695	2	1	0	1	3	1	0	1	2	2	0	2
ENSG00000179698	294	486	330	446	395	386	356	417	313	452	308	340
ENSG00000179750	684	979	842	763	858	715	746	782	653	856	797	679
ENSG00000179761	111	166	150	177	207	166	155	147	129	188	177	122
ENSG00000179772	2	0	0	0	0	0	3	0	0	1	0	0
ENSG00000179776	0	1	0	1	2	4	2	3	4	3	0	3
ENSG00000179796	1	4	4	2	0	2	1	5	6	7	1	3
ENSG00000179820	8148	15498	13322	11977	12587	12194	11819	11796	9539	12826	12893	9596
ENSG00000179826	0	5	2	6	4	14	5	6	5	4	6	2
ENSG00000179832	3726	5929	4567	4073	4109	3765	4132	4197	3675	4734	4106	3732
ENSG00000179833	2147	3377	2533	1861	2088	1943	1959	2091	1704	2414	2078	1759
ENSG00000179841	159	244	204	241	208	163	223	204	204	249	221	204
ENSG00000179846	25	60	46	43	51	34	40	38	42	51	35	45
ENSG00000179855	124	305	189	181	176	174	181	167	132	208	165	155
ENSG00000179859	453	787	582	590	579	568	688	710	662	763	666	601
ENSG00000179862	1756	2968	2706	1213	1308	1254	1429	1600	1317	1702	1824	1461
ENSG00000179869	49	110	57	73	79	57	51	95	72	101	82	55
ENSG00000179873	27	25	20	21	23	16	29	30	21	19	19	24
ENSG00000179886	1586	2524	2237	1669	862	1692	1533	1488	257	77	1337	1417
ENSG00000179889	1202	1867	1896	1364	1268	1130	1237	1233	1000	1276	1214	1012
ENSG00000179909	35	78	53	90	76	52	77	95	88	95	68	72
ENSG00000179912	2646	4427	2964	3252	3203	2971	3068	3051	2638	3399	2800	2721
ENSG00000179915	3	1	1	0	1	0	0	0	0	1	5	0
ENSG00000179918	8384	14031	11092	10245	11105	9952	8727	7872	7377	8370	8348	7982
ENSG00000179921	21	38	33	18	22	24	31	36	26	21	33	24
ENSG00000179922	443	830	710	561	507	533	504	613	467	567	527	460
ENSG00000179930	0	3	2	1	0	0	1	1	0	5	6	0
ENSG00000179933	1131	1895	1419	1415	1429	1184	1099	1001	961	1192	1074	1109
ENSG00000179938	506	807	608	748	741	625	662	652	507	725	672	602
ENSG00000179941	579	1054	659	728	801	632	570	665	580	788	671	599
ENSG00000179943	785	1224	1000	948	927	838	817	683	666	898	721	732
ENSG00000179950	758	1827	1067	1232	1223	1040	980	684	702	786	886	599
ENSG00000179954	35	74	54	56	55	58	81	57	53	72	62	35
ENSG00000179958	1925	3260	2608	2144	2299	1961	2068	1753	1616	2016	1803	1804
ENSG00000179965	93	157	127	109	111	109	92	118	79	108	113	95
ENSG00000179981	5115	8113	5281	3760	4120	3601	4065	3655	3239	4145	3546	3897
ENSG00000179988	238	392	345	335	308	324	369	305	343	307	271	263
ENSG00000180008	2621	3953	2612	2871	3066	2417	2406	2170	2046	2429	2324	2394
ENSG00000180011	3667	5748	3848	3262	3442	2987	2973	3057	2635	3562	2990	2881
ENSG00000180035	586	834	762	589	615	553	501	444	462	537	527	459
ENSG00000180044	75	97	55	32	33	26	57	46	48	36	67	50
ENSG00000180061	101	168	145	84	80	70	100	95	83	115	88	80
ENSG00000180071	595	899	616	355	377	277	583	700	449	675	563	582
ENSG00000180089	556	765	642	601	589	536	661	613	599	713	583	561
ENSG00000180096	56	114	66	111	129	138	99	102	77	99	97	58
ENSG00000180098	363	659	485	366	445	401	372	436	359	413	391	321
ENSG00000180104	10578	19160	14252	16470	17399	15914	14811	13836	13149	15081	13584	11294
ENSG00000180116	1	3	1	0	0	0	0	1	1	0	1	1
ENSG00000180155	185	358	257	137	153	169	230	251	174	268	258	235
ENSG00000180182	4293	6740	4322	4428	4772	4047	4096	4032	3461	4482	3603	3795
ENSG00000180185	455	813	572	519	612	525	489	449	420	523	506	475
ENSG00000180190	0	0	1	1	0	0	0	0	0	1	0	0
ENSG00000180198	4822	7336	5657	5090	5512	4601	3991	3544	3386	4019	3679	3979
ENSG00000180209	8	26	19	13	18	6	10	10	8	8	8	7
ENSG00000180228	1427	2244	1546	1490	1627	1429	1325	1328	1153	1360	1209	1255
ENSG00000180233	1633	2865	2129	1540	1609	1563	1837	2046	1616	2096	1907	1625
ENSG00000180245	42	67	47	43	64	52	53	57	36	44	50	52
ENSG00000180251	338	490	43	388	475	321	405	487	368	499	264	348
ENSG00000180257	599	1159	741	808	796	856	831	739	765	832	825	751
ENSG00000180263	25	39	32	88	115	98	50	29	34	41	23	47
ENSG00000180264	40	75	49	73	81	73	67	72	66	63	65	66
ENSG00000180304	1094	1727	1405	1358	1585	1459	1143	1281	1068	1320	1255	1055
ENSG00000180316	2	12	12	1	2	3	3	9	7	8	10	3
ENSG00000180329	1064	1754	1419	1169	1245	1073	1078	982	877	1066	1035	1031
ENSG00000180332	2	0	2	1	2	0	2	2	3	3	3	0
ENSG00000180336	30	31	27	31	34	27	36	26	43	24	31	27
ENSG00000180340	962	1762	1326	1823	1811	1695	1231	1142	1117	1354	1070	1009
ENSG00000180346	605	1101	816	751	830	688	648	625	491	710	633	597
ENSG00000180353	7901	13089	9891	9770	10208	9162	8687	8143	7344	9001	8583	7789
ENSG00000180354	562	890	644	488	538	514	602	670	518	695	680	557
ENSG00000180357	2833	4372	3053	5204	5470	4759	3396	3034	2834	3393	2838	2852
ENSG00000180370	20935	33757	23429	23413	24909	22154	19619	18561	16627	20895	19350	18139
ENSG00000180376	560	794	497	675	607	514	604	647	540	571	536	629
ENSG00000180398	5630	9107	5980	5686	6014	5190	5560	5535	4661	5972	5076	5073
ENSG00000180423	273	428	315	307	341	281	257	272	249	283	283	234
ENSG00000180425	182	274	177	203	194	167	251	216	225	260	206	215
ENSG00000180432	3	4	3	3	7	9	6	6	4	6	9	8
ENSG00000180447	19	38	22	34	27	17	13	13	12	5	13	11
ENSG00000180448	19020	29955	24932	27055	28146	26269	21408	20569	19307	22857	21413	19516
ENSG00000180479	142	271	176	185	156	171	232	239	190	270	192	198
ENSG00000180481	97	168	61	156	152	143	138	190	138	170	145	126
ENSG00000180488	1292	2158	1594	1655	1739	1504	1670	1873	1531	1969	1625	1499
ENSG00000180509	65	217	189	40	51	50	131	197	81	187	140	86
ENSG00000180530	5347	8828	6166	6101	6686	5810	5164	5109	4457	5357	4827	4932
ENSG00000180532	1	1	0	0	1	2	0	0	0	0	0	2
ENSG00000180549	814	1394	1135	1036	1107	935	857	780	677	936	909	761
ENSG00000180573	2901	7631	6046	5439	5418	5108	4765	4159	4120	4864	5002	4203
ENSG00000180574	26	25	16	13	17	9	9	14	11	12	9	15
ENSG00000180592	28	62	39	31	51	44	48	62	48	50	58	32
ENSG00000180596	10434	20362	12340	12749	12881	11601	11841	10835	9448	12388	9495	11577
ENSG00000180611	49	85	81	213	222	216	56	53	66	69	64	62
ENSG00000180613	1	0	0	0	0	1	0	0	0	0	0	2
ENSG00000180616	129	275	163	215	216	206	251	301	216	256	255	202
ENSG00000180626	251	399	289	348	421	335	369	361	341	444	345	366
ENSG00000180628	1361	2099	1459	1405	1481	1142	1103	1053	929	1078	1079	991
ENSG00000180638	1	2	3	5	0	3	0	0	1	2	2	1
ENSG00000180644	5	19	8	24	27	10	8	13	18	4	5	5
ENSG00000180667	1575	2491	1702	1447	1599	1432	1240	1332	1095	1406	1367	1237
ENSG00000180694	532	846	564	498	543	464	361	377	304	464	403	369
ENSG00000180697	1	4	1	0	0	0	0	0	2	0	0	1
ENSG00000180720	30	40	31	14	8	20	27	23	19	26	25	12
ENSG00000180739	32	55	60	10	5	5	22	14	9	37	21	13
ENSG00000180745	0	4	0	0	1	0	1	0	1	0	1	0
ENSG00000180758	191	343	250	266	233	214	241	282	225	237	235	194
ENSG00000180767	70	156	107	64	76	82	74	59	63	66	67	60
ENSG00000180773	2074	3229	2070	1758	1885	1601	1876	1944	1660	2117	1966	1819
ENSG00000180776	6529	10431	7396	7408	8066	6901	6193	6093	5202	6372	6105	5751
ENSG00000180777	0	0	0	2	0	0	1	1	0	0	0	0
ENSG00000180787	324	658	332	424	438	438	403	389	368	486	409	414
ENSG00000180806	7	7	0	6	1	1	2	1	2	2	0	0
ENSG00000180815	35	41	23	38	31	21	32	33	41	30	50	38
ENSG00000180817	5872	9843	7146	5089	5442	4930	4965	5005	4315	5358	5479	5226
ENSG00000180818	15	32	38	11	23	9	23	30	20	30	28	13
ENSG00000180822	876	1307	1045	1024	960	976	1077	1139	962	1165	1024	976
ENSG00000180828	0	0	0	0	3	3	0	0	1	0	0	2
ENSG00000180834	182	289	234	145	159	119	129	132	122	165	106	171
ENSG00000180855	256	419	237	288	257	264	318	300	284	366	320	291
ENSG00000180871	487	862	567	570	589	467	567	586	495	637	581	486
ENSG00000180879	3414	5909	4827	4679	4902	4425	3468	3437	2885	3743	3515	2908
ENSG00000180881	23	46	38	33	22	41	37	44	38	50	34	31
ENSG00000180884	493	780	551	526	477	504	468	495	410	533	478	448
ENSG00000180891	106	260	239	214	279	204	160	150	130	230	200	165
ENSG00000180900	8858	12455	10909	8416	8947	7577	7240	6330	6182	7427	6921	6551
ENSG00000180901	835	1448	1173	1038	1087	941	877	848	802	1004	855	826
ENSG00000180902	1883	3123	2606	2017	2004	2026	2088	2254	1834	2543	2108	1882
ENSG00000180914	21	50	32	22	16	17	16	19	21	26	20	26
ENSG00000180917	1698	2689	1935	1752	1813	1696	1747	1621	1433	1718	1717	1519
ENSG00000180921	3322	4120	1505	1896	3014	2955	486	2510	642	2747	4083	2637
ENSG00000180929	0	4	2	7	7	7	0	3	7	2	0	2
ENSG00000180934	5	16	2	4	4	1	8	7	5	5	7	10
ENSG00000180938	102	143	116	111	120	94	121	121	91	121	121	76
ENSG00000180953	127	225	149	167	176	153	168	175	170	222	187	151
ENSG00000180957	4601	7183	4894	4239	4511	3779	3941	3874	3467	4158	3922	3988
ENSG00000180964	637	1013	738	637	699	588	590	595	496	634	566	533
ENSG00000180974	38	72	45	86	68	60	79	74	61	59	41	55
ENSG00000180979	1707	2807	2077	2166	2220	2058	2060	2279	1985	2307	2098	1909
ENSG00000180992	906	1558	1231	1010	1175	1073	953	882	799	910	949	920
ENSG00000180998	15	24	16	36	21	21	27	48	32	22	23	17
ENSG00000181001	13	16	10	18	20	18	10	6	22	9	10	21
ENSG00000181004	195	298	185	184	199	158	134	188	135	172	167	133
ENSG00000181007	661	1070	750	815	792	723	861	1023	767	1048	908	824
ENSG00000181009	0	1	0	0	0	0	0	0	0	0	0	0
ENSG00000181016	8	11	12	15	22	11	15	17	9	19	11	16
ENSG00000181019	837	1378	995	1296	1576	1254	1042	897	882	1003	950	821
ENSG00000181023	1	4	0	3	0	0	1	2	1	0	0	0
ENSG00000181026	2395	3396	2719	2522	2615	2201	1980	1718	1664	1862	1693	2132
ENSG00000181027	362	635	444	558	573	538	479	417	396	454	332	347
ENSG00000181029	2545	4492	3171	3170	3275	2951	3054	3010	2643	3480	2670	2830
ENSG00000181031	53	76	70	50	79	47	53	57	39	78	53	72
ENSG00000181035	435	995	673	605	702	622	625	666	544	710	635	552
ENSG00000181038	923	1539	1262	1045	1030	1019	897	874	714	934	867	794
ENSG00000181045	54	88	50	268	271	229	102	102	100	121	106	85
ENSG00000181061	993	1389	1211	1836	1929	1592	1214	966	1019	992	980	1044
ENSG00000181074	1	0	0	0	2	0	1	2	1	0	3	1
ENSG00000181085	24	52	46	29	20	21	20	9	18	41	37	13
ENSG00000181090	3943	6457	4895	5144	5347	4396	4257	3849	3862	4409	4098	3755
ENSG00000181092	15	42	30	24	25	28	26	36	45	38	32	35
ENSG00000181104	483	868	587	767	757	790	632	709	622	740	732	543
ENSG00000181135	594	1104	680	689	738	584	598	596	491	555	525	351
ENSG00000181163	31036	52113	40255	31364	34061	29383	29134	26332	24335	28495	29712	27092
ENSG00000181191	158	227	189	141	198	150	105	109	130	163	123	115
ENSG00000181192	6225	11078	7825	7547	7707	7088	6914	6453	5962	7325	6611	6408
ENSG00000181195	0	1	0	0	2	0	0	0	2	0	0	0
ENSG00000181218	439	1085	1015	832	884	833	721	714	643	762	687	669
ENSG00000181220	1394	2281	1555	1682	1771	1540	1484	1318	1299	1449	1370	1323
ENSG00000181222	1272	2989	1615	1890	1963	1738	1241	2323	1034	1196	915	1147
ENSG00000181240	6	23	21	19	30	21	13	15	15	28	18	7
ENSG00000181264	90	152	109	134	133	119	127	165	145	161	125	127
ENSG00000181274	1947	3073	2566	2387	2507	2277	1898	1686	1533	1916	1935	1588
ENSG00000181284	727	1210	955	703	725	653	688	595	545	711	704	589
ENSG00000181315	1024	1778	1336	1379	1495	1368	1165	1185	968	1273	1181	1174
ENSG00000181322	2	4	2	1	5	4	2	3	2	1	0	2
ENSG00000181350	500	960	624	513	566	526	462	588	411	541	413	406
ENSG00000181378	0	0	2	1	0	0	0	0	0	1	2	0
ENSG00000181381	427	940	694	545	576	530	651	740	595	800	717	583
ENSG00000181392	33	50	31	46	49	44	56	82	50	59	52	51
ENSG00000181396	810	1254	939	808	839	776	834	818	758	905	800	795
ENSG00000181404	443	775	579	441	466	448	489	469	396	555	470	373
ENSG00000181408	2	11	7	3	7	6	9	7	4	5	3	5
ENSG00000181409	67	142	120	88	102	94	107	101	73	90	71	67
ENSG00000181418	344	522	408	235	241	201	246	228	236	314	255	242
ENSG00000181444	29	87	86	77	94	103	83	71	82	99	85	74
ENSG00000181449	3	4	2	164	165	138	18	6	10	3	1	12
ENSG00000181450	824	1517	859	1070	1184	1024	988	1006	872	1013	910	862
ENSG00000181458	7559	12843	1067	10764	10158	9523	9847	12940	10172	12631	9892	9124
ENSG00000181467	2089	3880	3156	2724	2908	2896	2459	2402	2069	2685	2565	2031
ENSG00000181472	974	1497	1019	1115	1175	1013	887	799	703	940	793	828
ENSG00000181481	73	95	79	240	246	214	110	90	87	111	86	78
ENSG00000181513	246	450	330	353	366	352	301	347	278	341	332	278
ENSG00000181518	6	3	0	3	9	4	6	2	2	0	3	3
ENSG00000181523	173	289	224	1208	1285	1239	259	210	253	293	227	208
ENSG00000181541	1	3	1	0	2	3	1	5	4	7	5	6
ENSG00000181544	797	1094	723	627	756	603	653	725	627	715	751	719
ENSG00000181555	6487	10484	7216	8025	8478	7481	7143	6961	6167	7627	6739	6731
ENSG00000181577	1706	3996	2919	1266	1192	1362	1404	1812	934	1825	1747	1194
ENSG00000181585	16	31	31	8	9	6	6	8	9	10	15	13
ENSG00000181588	1174	1910	1471	1608	1649	1559	1214	1078	965	1296	1045	965
ENSG00000181610	1830	2963	2228	2304	2507	2187	1938	1665	1616	1868	1743	1608
ENSG00000181616	0	5	0	3	1	5	5	5	1	4	0	1
ENSG00000181619	155	282	145	248	226	193	205	220	184	262	204	194
ENSG00000181625	478	990	490	728	613	647	641	800	412	507	434	651
ENSG00000181626	17	39	10	14	26	11	22	22	30	13	21	20
ENSG00000181634	39	75	33	41	46	50	52	46	47	42	52	36
ENSG00000181638	1053	1702	1221	1204	1139	1042	1051	1030	862	1146	1061	926
ENSG00000181649	0	152	98	98	86	0	118	50	74	86	0	65
ENSG00000181652	29	61	38	17	28	26	41	14	28	29	28	33
ENSG00000181656	19	25	43	54	58	35	42	50	37	40	46	44
ENSG00000181666	1329	2468	1547	1823	1695	1628	1826	1949	1546	2039	1620	1547
ENSG00000181690	334	773	449	385	378	377	447	564	501	593	616	437
ENSG00000181693	1	2	1	1	0	0	0	4	0	0	1	1
ENSG00000181704	1957	3535	2317	2570	2645	2511	2345	2363	2118	2490	2413	2209
ENSG00000181722	275	704	435	643	643	662	803	893	721	965	730	655
ENSG00000181744	1429	2509	1896	1431	1607	1350	1464	1645	1319	1789	1693	1257
ENSG00000181751	540	830	666	494	592	487	507	459	412	567	548	483
ENSG00000181754	26	27	20	9	20	10	10	10	9	19	20	14
ENSG00000181773	99	116	107	74	69	78	59	69	53	75	64	57
ENSG00000181781	3	1	5	0	0	0	1	5	1	1	0	0
ENSG00000181785	300	486	158	536	428	406	461	574	435	544	372	428
ENSG00000181788	1370	2230	1835	1156	1195	1056	1081	1038	917	1287	1169	1122
ENSG00000181789	6753	11610	8312	7424	8272	7239	6301	6222	5484	7277	5844	6069
ENSG00000181790	272	603	480	335	449	401	450	466	310	542	422	344
ENSG00000181804	2	3	1	4	4	3	1	3	1	2	4	0
ENSG00000181817	504	800	632	658	796	585	516	469	430	498	500	524
ENSG00000181826	806	1285	863	1138	1186	996	877	780	700	944	794	931
ENSG00000181827	4050	6661	3988	3853	3848	3493	4006	4041	3507	4573	3830	4001
ENSG00000181830	1103	1819	1292	1336	1486	1301	975	951	870	1119	911	979
ENSG00000181852	3818	6624	4521	4144	4285	3922	4003	3826	3459	4219	3539	3772
ENSG00000181856	116	178	99	81	83	81	93	85	82	92	101	70
ENSG00000181873	941	1678	1280	1441	1382	1329	1103	1176	1047	1189	1077	1079
ENSG00000181885	146	285	232	241	187	203	127	149	113	150	116	131
ENSG00000181894	159	289	209	178	200	203	201	193	171	198	223	164
ENSG00000181896	1975	3422	2364	2133	2265	2022	2177	2116	1934	2315	2125	1990
ENSG00000181904	2138	3528	2076	2510	2441	2352	2219	2312	1946	2429	2085	2224
ENSG00000181915	1670	2699	2073	1809	1885	1771	1615	1542	1456	1736	1744	1592
ENSG00000181924	1384	2176	1694	1474	1511	1222	1405	1200	1172	1444	1306	1273
ENSG00000181927	0	2	0	1	3	1	2	4	0	0	2	2
ENSG00000181929	1332	2126	1555	1576	1775	1454	1206	1022	988	1097	1028	1046
ENSG00000181938	814	1273	990	1084	1120	985	811	715	670	760	744	758
ENSG00000181963	0	1	0	0	1	0	2	1	3	0	1	0
ENSG00000181965	5	8	9	5	8	9	7	10	10	7	6	5
ENSG00000181982	41	59	45	36	26	31	38	39	28	54	41	34
ENSG00000181991	737	1302	851	890	893	737	777	675	619	753	644	645
ENSG00000182004	1922	3309	2618	2254	2361	2060	2037	1790	1636	1942	2062	1775
ENSG00000182010	58	110	60	83	48	54	56	74	56	50	62	80
ENSG00000182013	2	1	0	3	0	0	3	2	1	0	0	1
ENSG00000182040	5	11	15	7	9	9	6	13	9	8	9	3
ENSG00000182050	123	197	48	157	195	138	163	229	154	188	154	128
ENSG00000182054	11721	19040	14295	13472	15000	13284	12201	11123	10200	12657	11529	10588
ENSG00000182070	311	481	351	417	406	428	406	431	368	450	393	321
ENSG00000182087	8599	13431	11029	10005	10465	9384	8642	7842	7228	9014	7736	7251
ENSG00000182093	587	1095	910	651	676	645	595	660	494	706	711	576
ENSG00000182095	10930	18721	15006	11084	11601	10882	11217	11190	9564	12386	11015	10907
ENSG00000182108	1592	2399	1991	1721	1667	1429	1452	1489	1227	1649	1551	1361
ENSG00000182111	16	36	23	28	24	32	20	23	20	36	29	24
ENSG00000182117	634	1087	785	677	682	616	711	626	491	708	743	685
ENSG00000182118	266	335	280	157	207	198	194	185	174	215	186	188
ENSG00000182134	401	630	462	384	438	398	357	323	331	380	339	350
ENSG00000182141	1202	2002	1387	1766	1808	1596	1491	1615	1357	1519	1520	1356
ENSG00000182149	5159	8803	6761	6077	6820	5922	5463	5473	4767	5991	5511	5103
ENSG00000182150	3170	4892	3258	3556	3602	2998	3105	3071	2707	3359	2919	3095
ENSG00000182154	715	1082	1061	841	897	858	796	722	654	777	716	656
ENSG00000182156	3	7	9	0	9	12	6	4	1	1	1	3
ENSG00000182158	5218	9170	6102	4562	4816	4430	5322	5512	4466	6151	5330	4913
ENSG00000182162	10138	17311	12425	11202	12040	10467	9144	9159	7963	10142	9435	8431
ENSG00000182168	11325	18782	12544	10509	11228	9931	10307	10221	9172	11581	10152	9582
ENSG00000182173	1010	1664	1265	1165	1340	1172	1034	1013	936	1106	1037	937
ENSG00000182175	119	156	95	144	130	129	164	182	106	152	125	121
ENSG00000182177	29	60	29	40	45	27	41	54	37	41	45	34
ENSG00000182179	3483	5836	4670	4297	4400	4138	4369	4302	3691	5017	4534	3978
ENSG00000182180	4428	6705	5309	4309	4961	4114	3410	3290	2970	3710	3533	3470
ENSG00000182183	2	0	1	0	1	0	0	0	1	1	0	1
ENSG00000182185	308	571	420	330	333	307	341	401	377	419	378	316
ENSG00000182196	1667	2638	2135	1822	1779	1612	1823	1659	1338	1806	1814	1642
ENSG00000182197	162	222	165	189	186	134	101	123	88	153	89	88
ENSG00000182199	7582	12472	9211	7475	7604	6926	6706	6203	5484	6856	6024	6452
ENSG00000182208	421	670	536	463	472	390	437	450	383	490	443	421
ENSG00000182218	467	863	682	397	413	426	487	596	388	644	551	450
ENSG00000182220	4090	6167	4509	4408	4813	4119	3567	3426	3248	3762	3488	3381
ENSG00000182224	386	672	398	336	333	330	333	353	333	363	315	286
ENSG00000182230	6	3	5	11	9	7	13	4	5	13	4	1
ENSG00000182240	76	124	99	100	91	122	102	106	74	93	81	85
ENSG00000182247	92	159	111	85	130	102	88	115	60	98	84	86
ENSG00000182253	19	27	14	34	35	40	15	16	14	13	10	14
ENSG00000182256	24	35	45	38	47	50	62	64	48	51	40	38
ENSG00000182261	15	44	33	40	28	29	33	55	56	40	43	39
ENSG00000182264	11	27	11	20	18	12	16	31	27	20	12	20
ENSG00000182272	0	3	5	1	0	1	0	0	3	1	3	3
ENSG00000182287	4655	8554	5685	7117	8105	6996	7008	6846	6102	7141	6589	5711
ENSG00000182307	2750	4247	3337	2711	2896	2552	2437	2240	2088	2395	2405	2272
ENSG00000182308	50	76	56	67	77	48	52	43	54	36	34	48
ENSG00000182310	99	149	126	146	156	113	132	124	136	144	127	131
ENSG00000182318	902	1583	1073	1151	1153	1038	1183	1216	1008	1165	1127	976
ENSG00000182324	337	517	424	364	339	353	376	375	402	412	385	439
ENSG00000182325	1996	2812	2450	1962	1953	1750	1413	1426	1238	1540	1482	1371
ENSG00000182326	27	35	30	27	32	25	25	33	23	30	25	20
ENSG00000182327	5	1	2	4	5	5	4	2	3	2	0	2
ENSG00000182329	226	446	316	361	341	286	347	429	353	397	362	356
ENSG00000182359	121	204	194	141	165	160	154	186	158	215	189	137
ENSG00000182362	258	398	282	385	462	354	271	262	240	266	232	251
ENSG00000182372	185	308	252	895	976	153	140	971	555	411	162	195
ENSG00000182378	3208	5500	3961	2977	3260	2974	3864	3833	3324	4444	3677	3403
ENSG00000182379	1	3	3	0	1	0	0	2	0	0	1	1
ENSG00000182389	148	224	134	154	133	105	190	248	194	239	189	222
ENSG00000182400	1277	2280	1538	1622	1654	1460	1336	1436	1145	1396	1336	1119
ENSG00000182405	581	902	604	607	695	606	628	625	553	645	656	640
ENSG00000182446	5261	8221	6398	6624	7146	6160	5999	5842	5350	6431	5589	5210
ENSG00000182450	0	1	0	0	3	0	0	2	0	4	0	0
ENSG00000182459	11	16	4	16	22	17	9	13	10	18	17	11
ENSG00000182463	1	11	6	6	8	6	11	9	4	2	5	6
ENSG00000182472	56	113	132	51	56	62	92	125	79	82	88	50
ENSG00000182473	4875	8267	6116	6109	6273	5788	5401	5179	4587	5712	5032	4879
ENSG00000182481	11485	16074	12265	12125	13163	10609	8963	8090	7602	8665	8689	9018
ENSG00000182489	0	4	4	1	1	3	1	2	2	2	0	2
ENSG00000182504	1976	3216	2106	2088	2201	1937	1931	2093	1799	2142	2092	1981
ENSG00000182511	4549	7954	6263	5290	5572	5261	5268	5316	4644	5985	5145	4850
ENSG00000182512	1916	2544	1914	1617	1696	1403	1585	1335	1276	1356	1350	1490
ENSG00000182518	118	191	156	157	155	124	126	107	93	116	118	133
ENSG00000182521	1	9	8	3	5	5	2	1	9	5	1	7
ENSG00000182534	544	1006	820	564	614	562	725	721	602	685	688	559
ENSG00000182541	577	931	739	552	575	548	646	651	522	721	634	532
ENSG00000182544	824	1329	1040	895	1000	881	773	764	661	781	768	692
ENSG00000182545	44	90	53	67	63	62	60	77	61	76	56	40
ENSG00000182551	4177	6485	4940	4652	4984	4363	3998	4077	3384	4073	3917	3895
ENSG00000182552	1226	1835	1255	1173	1292	918	1031	952	908	1030	924	986
ENSG00000182557	2251	3904	3201	1863	2011	1874	2052	2130	1768	2403	2005	1856
ENSG00000182566	27	50	43	39	37	30	53	44	34	57	36	29
ENSG00000182568	24270	41774	25804	30585	31689	28583	26054	24989	22230	27363	22778	23010
ENSG00000182575	1	6	1	1	1	1	0	0	1	1	2	1
ENSG00000182578	3161	6067	4560	5174	5417	5342	4854	5046	4118	5588	4612	4137
ENSG00000182580	222	459	370	1061	1198	1205	525	486	538	582	506	432
ENSG00000182584	92	178	163	160	197	151	106	102	82	120	132	97
ENSG00000182585	59	126	98	125	91	114	116	130	126	117	109	124
ENSG00000182600	73	108	79	61	74	48	71	76	67	76	44	65
ENSG00000182601	1	6	3	7	11	5	3	4	5	4	4	0
ENSG00000182606	2814	4610	3345	3801	3948	3523	2855	2721	2452	3008	2641	2531
ENSG00000182612	356	604	509	501	553	494	574	606	613	621	576	532
ENSG00000182628	3140	4853	3586	3036	3387	2934	2718	2420	2337	2795	2579	2643
ENSG00000182636	522	847	617	666	709	640	519	555	550	587	532	474
ENSG00000182667	0	0	0	0	0	0	0	0	0	1	0	0
ENSG00000182670	9116	15306	10425	11772	12466	11365	9755	9350	8702	10190	9511	8857
ENSG00000182676	4578	7538	6288	5532	5803	4791	4463	3987	3530	4578	4064	4013
ENSG00000182685	216	240	164	172	165	158	189	193	117	189	176	186
ENSG00000182687	9	35	26	39	41	41	34	23	21	17	13	5
ENSG00000182700	178	335	220	317	308	270	307	347	290	434	301	283
ENSG00000182704	106	213	136	181	171	158	131	148	148	174	154	131
ENSG00000182712	65	96	60	91	90	104	40	64	51	60	45	70
ENSG00000182718	3947	6302	4886	10329	10925	9362	4106	3540	3431	3881	3639	3698
ENSG00000182732	1	0	0	5	2	6	0	0	3	0	0	0
ENSG00000182742	148	273	244	192	170	189	219	191	134	209	179	156
ENSG00000182747	0	2	0	0	0	1	0	0	1	1	1	0
ENSG00000182749	517	849	567	472	472	470	596	549	524	642	605	460
ENSG00000182759	11	32	37	31	39	24	17	20	19	15	28	14
ENSG00000182768	1704	2466	1969	2394	2614	2042	1746	1551	1559	1838	1538	1709
ENSG00000182771	2	6	6	1	2	5	20	15	6	7	11	7
ENSG00000182774	13294	23002	17530	14519	15821	14216	13566	12466	10836	12915	12941	11496
ENSG00000182782	4	15	14	10	8	9	2	6	7	5	1	1
ENSG00000182791	24	32	25	32	24	17	10	9	14	12	14	15
ENSG00000182795	5	23	7	7	7	5	5	3	4	3	6	6
ENSG00000182798	0	0	2	0	1	0	0	2	0	2	0	0
ENSG00000182809	2	11	11	11	6	11	7	8	6	11	8	3
ENSG00000182810	907	1547	1165	1035	1128	894	814	691	729	798	794	799
ENSG00000182827	1684	2827	2100	1985	2158	1707	1588	1519	1330	1679	1467	1386
ENSG00000182831	12861	21736	16646	18647	20298	18484	13976	13205	12293	14242	13922	12681
ENSG00000182853	4	8	2	14	17	15	3	7	4	4	5	2
ENSG00000182854	4	6	4	6	7	9	10	7	6	7	11	6
ENSG00000182858	803	1341	935	841	850	832	762	768	635	848	679	656
ENSG00000182866	10	27	13	26	21	6	15	29	16	17	13	8
ENSG00000182870	5	3	1	7	4	8	7	4	7	17	4	4
ENSG00000182871	606	1127	926	529	581	577	818	893	673	929	894	601
ENSG00000182872	3469	5584	4041	3516	3651	3375	3048	3015	2763	3211	2740	2974
ENSG00000182885	10	23	29	3	1	6	19	15	7	23	13	6
ENSG00000182890	1	6	2	4	0	5	3	8	4	3	3	5
ENSG00000182899	5507	9703	7017	6401	6752	5991	6292	5561	4726	6260	5631	4717
ENSG00000182901	0	1	0	0	0	0	1	2	0	3	0	1
ENSG00000182902	0	0	5	2	2	0	4	1	4	0	4	1
ENSG00000182903	504	899	610	534	563	502	638	701	594	701	660	634
ENSG00000182919	572	1061	762	816	930	836	738	717	615	791	760	638
ENSG00000182923	965	1559	993	1179	1145	1015	1263	1220	1093	1270	960	1071
ENSG00000182934	6700	10296	7344	6885	7406	6024	5384	4858	4520	5537	4782	5031
ENSG00000182944	11607	18831	13907	13827	14300	12427	11297	10621	9388	11561	10619	10500
ENSG00000182950	4	13	16	6	3	12	3	9	11	6	7	6
ENSG00000182952	2541	4184	2997	2615	3024	2528	2430	2330	2023	2513	2275	2297
ENSG00000182957	1722	2950	1997	1284	1276	1208	1590	1699	1323	1855	1602	1490
ENSG00000182963	65	87	85	90	74	76	99	78	71	85	94	96
ENSG00000182973	2146	3472	2533	2165	2249	2024	2139	2146	1738	2290	2046	1942
ENSG00000182979	4421	6822	5509	4688	4850	4391	3949	3714	3288	4052	3691	3492
ENSG00000182983	49	97	55	90	65	52	77	89	83	94	70	69
ENSG00000182985	60	114	75	384	532	331	115	111	121	104	88	106
ENSG00000182986	168	284	196	218	188	227	258	228	249	238	259	215
ENSG00000182993	52	88	68	65	60	63	70	54	62	78	62	74
ENSG00000183010	2213	3295	2519	1856	1948	1527	1624	1368	1293	1680	1387	1623
ENSG00000183011	1180	2059	1671	1200	1361	1211	1323	1073	930	1197	1156	1169
ENSG00000183018	930	1571	1172	867	949	878	1104	1162	953	1343	1112	828
ENSG00000183019	200	403	305	104	122	127	161	230	126	250	207	205
ENSG00000183020	147	265	172	170	164	184	207	117	118	161	99	118
ENSG00000183023	89	123	91	910	978	919	258	170	230	216	203	158
ENSG00000183032	4	22	13	25	22	19	17	13	25	16	28	12
ENSG00000183044	209	350	236	383	424	336	350	318	258	320	256	260
ENSG00000183048	2186	3256	2562	1660	1782	1497	1337	1248	1273	1531	1490	1389
ENSG00000183049	1211	2074	1339	2112	2312	2143	1942	1853	1780	2057	1737	1596
ENSG00000183054	7	3	4	5	2	6	0	4	1	1	7	2
ENSG00000183060	519	791	613	541	583	450	485	535	378	514	473	485
ENSG00000183066	14	25	14	38	21	17	28	16	20	19	26	22
ENSG00000183077	1246	2022	1687	1479	1605	1390	1629	1761	1481	1751	1617	1499
ENSG00000183087	5856	8724	6763	2221	2428	2203	3442	4128	3032	4710	4454	3800
ENSG00000183091	115	175	108	75	93	81	98	126	76	150	120	94
ENSG00000183092	51	107	100	41	48	63	76	110	64	110	99	61
ENSG00000183111	3	6	5	1	10	7	1	3	4	1	6	4
ENSG00000183117	1	2	4	2	10	2	0	6	6	3	5	6
ENSG00000183128	0	2	3	0	2	0	0	0	1	4	1	1
ENSG00000183134	7	7	13	3	5	9	13	17	11	12	18	11
ENSG00000183137	716	1084	804	664	739	587	685	704	608	747	646	661
ENSG00000183145	30	23	31	39	26	27	37	47	36	29	31	36
ENSG00000183148	1	0	4	1	3	4	3	0	2	0	0	3
ENSG00000183150	24	40	29	27	17	19	16	16	13	11	27	17
ENSG00000183153	123	180	190	127	132	158	157	167	134	158	127	110
ENSG00000183155	837	1324	946	998	1034	928	882	838	839	965	836	947
ENSG00000183160	15	34	19	18	13	25	32	9	11	25	13	25
ENSG00000183161	573	926	729	686	676	632	628	578	555	629	589	565
ENSG00000183166	3	9	3	3	7	4	2	3	5	8	4	5
ENSG00000183172	1105	1201	1618	1543	1716	1596	723	1157	996	1364	1248	910
ENSG00000183186	9	38	15	4	10	7	8	16	14	11	11	19
ENSG00000183196	115	246	165	221	193	190	217	219	217	225	190	234
ENSG00000183206	0	2	4	0	1	3	1	1	1	0	2	0
ENSG00000183207	8239	13503	10321	7722	8624	7440	8173	7470	6686	8527	7702	7564
ENSG00000183208	132	205	152	249	228	219	153	184	161	188	127	163
ENSG00000183214	220	319	221	199	201	212	206	212	192	225	180	184
ENSG00000183230	0	2	0	0	0	1	4	2	0	0	0	0
ENSG00000183246	97	198	96	121	48	107	80	70	108	86	78	61
ENSG00000183248	33	65	56	27	39	43	46	51	42	56	43	37
ENSG00000183255	6292	11321	8167	8576	9299	8655	8582	8232	7417	9539	8133	7424
ENSG00000183258	3007	4762	3560	2886	3025	2683	3225	2867	2527	3268	2809	2710
ENSG00000183260	83	151	118	90	73	85	77	111	66	85	104	64
ENSG00000183273	4	0	3	0	0	3	0	0	1	0	0	0
ENSG00000183281	101	133	93	103	136	110	141	135	106	137	110	113
ENSG00000183283	12115	20133	13398	12725	13827	12254	11898	11438	9819	12890	10927	10673
ENSG00000183287	36	52	44	51	41	48	62	56	54	45	56	44
ENSG00000183291	5199	8819	6416	5984	6490	5635	4979	4887	4449	5300	5314	4671
ENSG00000183307	3567	6136	4965	3975	4301	4286	4073	4039	3368	4549	4141	3498
ENSG00000183309	328	862	440	360	288	466	391	307	356	624	437	177
ENSG00000183311	119	98	118	137	156	79	132	67	74	111	56	120
ENSG00000183317	426	670	444	746	548	630	634	648	629	730	626	583
ENSG00000183318	0	0	0	0	2	1	0	0	0	1	0	1
ENSG00000183323	774	1311	897	1101	936	1116	993	997	915	1167	963	1010
ENSG00000183336	902	1569	1147	1056	1080	983	999	939	880	1117	969	843
ENSG00000183337	6271	10742	7425	8014	8324	7566	6606	6085	5515	7091	5846	6024
ENSG00000183340	590	1022	782	625	684	583	559	622	510	654	636	523
ENSG00000183347	15	51	16	21	31	36	33	42	39	35	36	23
ENSG00000183354	1503	2353	1570	1783	1824	1626	1585	1798	1434	1770	1500	1453
ENSG00000183386	490	983	791	561	536	512	647	733	490	849	722	526
ENSG00000183389	59	120	14	141	112	92	105	123	115	109	111	80
ENSG00000183395	1	1	2	4	7	8	0	1	1	0	1	1
ENSG00000183396	8	7	1	1	6	1	2	1	1	5	6	2
ENSG00000183397	24	37	34	40	27	18	29	19	31	25	37	29
ENSG00000183401	502	983	801	728	705	684	776	774	594	761	798	668
ENSG00000183423	25	40	22	23	18	23	26	28	35	32	29	26
ENSG00000183426	3789	6572	4110	4138	4160	3731	4922	4727	4367	5216	4199	4407
ENSG00000183431	5382	8396	6414	5353	5797	5022	5435	4813	4619	5365	5212	5016
ENSG00000183439	573	972	639	738	652	631	720	675	621	676	625	650
ENSG00000183463	17	28	33	20	18	14	22	19	28	27	26	13
ENSG00000183474	541	969	492	695	713	553	491	519	461	602	603	655
ENSG00000183475	1134	1921	1361	1306	1429	1301	1081	1139	990	1184	1146	953
ENSG00000183476	1	1	2	0	0	0	0	1	0	0	1	1
ENSG00000183479	37	56	49	42	27	39	56	53	20	23	46	27
ENSG00000183484	1276	2261	2036	1994	2035	1897	1743	1806	1453	1957	1624	1486
ENSG00000183486	445	779	545	801	901	877	613	557	533	665	582	487
ENSG00000183495	7815	12208	8400	9270	9807	8500	8311	8062	7243	8998	7450	7574
ENSG00000183496	177	431	297	230	273	251	207	214	170	290	228	174
ENSG00000183508	845	2110	1581	1095	1189	1099	1192	1591	1156	1848	1715	723
ENSG00000183513	477	804	560	545	540	505	589	463	451	592	519	428
ENSG00000183520	2280	3500	2435	2137	2393	2072	2168	1995	1765	2076	1886	1956
ENSG00000183527	1460	2058	1522	1301	1392	1103	1096	1000	921	1064	1052	1094
ENSG00000183530	10518	16997	11587	11008	11696	10308	11211	11439	9802	12765	10754	11020
ENSG00000183542	18	19	12	56	18	30	44	45	18	21	28	22
ENSG00000183549	2	3	0	2	0	0	2	3	4	0	4	0
ENSG00000183569	41	52	19	49	48	59	40	41	32	24	32	30
ENSG00000183570	101	176	104	80	68	78	108	137	107	157	144	105
ENSG00000183576	4358	6739	4824	4383	4900	4262	3954	3687	3329	4214	3799	3639
ENSG00000183578	19	43	34	23	17	27	24	20	16	30	24	15
ENSG00000183579	946	1410	1000	742	916	791	851	893	761	1017	790	764
ENSG00000183597	1786	2738	2193	1977	1989	1873	1803	1883	1759	2046	1835	1844
ENSG00000183598	1864	6231	5137	4274	4570	4054	3560	3124	3065	3704	3636	3313
ENSG00000183605	1819	2648	2040	1525	1710	1335	1521	1554	1270	1642	1462	1500
ENSG00000183615	0	2	0	1	0	2	0	1	0	0	0	0
ENSG00000183617	540	911	829	744	860	726	720	659	599	622	680	534
ENSG00000183621	1998	3498	2183	1963	2135	1746	2149	1994	1747	2129	1907	1935
ENSG00000183624	782	1176	856	773	808	693	770	690	631	760	714	738
ENSG00000183625	12	26	19	27	27	32	35	45	23	32	33	26
ENSG00000183628	117	190	130	110	106	129	120	148	155	163	129	118
ENSG00000183629	4	3	3	1	9	3	5	1	5	0	1	2
ENSG00000183631	14	19	9	11	9	9	14	17	6	21	8	7
ENSG00000183638	52	110	66	113	124	117	95	88	65	82	70	64
ENSG00000183644	20	30	19	30	22	21	25	26	21	32	31	31
ENSG00000183647	366	701	485	406	432	404	430	413	402	482	423	377
ENSG00000183648	298	467	358	307	372	320	296	290	250	365	315	295
ENSG00000183655	74	112	98	193	219	147	50	54	77	68	64	73
ENSG00000183665	500	747	630	500	583	463	374	353	362	454	437	418
ENSG00000183671	5	6	1	4	3	5	1	5	1	10	2	3
ENSG00000183682	46	96	84	72	92	63	68	78	74	99	73	78
ENSG00000183684	1875	3072	2616	2447	2378	1831	1990	1666	1534	1788	1552	1454
ENSG00000183688	14576	24407	17891	12909	13761	12324	14361	14038	12258	15793	14878	13248
ENSG00000183690	7	14	4	3	4	0	5	1	4	7	4	5
ENSG00000183691	24	85	66	134	155	106	93	48	81	41	34	34
ENSG00000183696	249	588	454	505	534	500	258	251	238	293	317	225
ENSG00000183718	633	1201	913	831	924	851	805	884	752	909	769	707
ENSG00000183722	16	27	27	19	23	30	30	30	12	29	25	21
ENSG00000183723	694	1005	765	693	743	709	758	749	644	827	754	604
ENSG00000183726	2599	4093	2675	2918	3254	2737	2473	2248	2101	2498	2293	2193
ENSG00000183729	0	1	0	1	2	0	2	2	1	3	0	1
ENSG00000183734	92	178	126	124	108	108	134	121	106	135	170	99
ENSG00000183735	1608	2791	2015	1961	2047	1767	1948	1891	1690	1940	1850	1732
ENSG00000183741	11345	17101	13288	9153	9677	8927	9434	8779	7974	10221	8905	9013
ENSG00000183742	188	284	214	254	262	237	300	297	266	302	298	279
ENSG00000183747	63	78	53	79	79	51	65	76	61	85	63	56
ENSG00000183751	2522	3462	2997	2552	2638	2170	2029	1753	1769	2048	1964	1890
ENSG00000183760	2	0	0	3	0	1	0	1	0	1	2	1
ENSG00000183762	759	1450	1049	1063	1081	1027	771	872	704	887	778	717
ENSG00000183763	594	885	717	554	647	498	587	577	458	550	535	490
ENSG00000183765	1763	2646	1997	1889	1957	1843	1794	1756	1561	1940	1875	1678
ENSG00000183770	6	24	10	7	15	15	11	7	7	7	11	14
ENSG00000183773	325	624	467	489	500	414	576	540	472	581	561	439
ENSG00000183775	0	1	5	2	5	1	4	5	0	0	6	1
ENSG00000183779	95	188	224	407	517	476	90	106	66	114	78	77
ENSG00000183780	0	1	0	1	0	1	2	0	1	0	0	1
ENSG00000183785	545	967	630	407	452	507	596	536	495	643	555	576
ENSG00000183791	7	4	11	3	5	4	2	11	3	4	0	2
ENSG00000183793	0	0	0	35	0	16	14	17	0	27	7	19
ENSG00000183798	3	7	8	2	10	10	3	3	4	4	4	9
ENSG00000183801	0	0	3	1	2	0	1	2	0	0	0	0
ENSG00000183808	4360	7507	5130	4540	4771	4406	4649	5054	4175	5406	5020	4468
ENSG00000183813	63	115	86	148	112	95	131	128	122	125	116	111
ENSG00000183814	804	1241	806	747	779	620	624	657	582	647	618	585
ENSG00000183826	848	1499	1081	1198	1290	1187	961	868	804	971	868	807
ENSG00000183828	859	1623	1489	1047	1074	1044	1083	1067	931	1295	1152	994
ENSG00000183831	6	13	19	8	12	10	16	18	11	22	11	13
ENSG00000183833	3	10	15	2	3	3	5	3	2	8	7	1
ENSG00000183837	9	28	22	12	9	5	25	30	20	20	33	10
ENSG00000183853	1	3	1	0	4	2	1	1	1	1	0	0
ENSG00000183856	3912	5944	4361	4202	4390	4039	3870	4149	3424	4449	3853	3760
ENSG00000183864	2315	4101	2926	2725	2865	2750	2641	2499	2198	2816	2383	2310
ENSG00000183873	17	33	27	5	15	12	17	24	28	31	18	18
ENSG00000183876	0	1	0	0	0	3	0	0	0	0	0	0
ENSG00000183878	2252	3964	2757	2755	2776	2567	2868	3168	2654	3348	2870	2531
ENSG00000183888	0	2	0	0	0	0	1	1	1	0	4	2
ENSG00000183889	4355	6926	5742	4096	3957	3843	4983	4773	4423	5030	4568	4373
ENSG00000183891	300	514	387	317	366	340	320	371	268	399	368	300
ENSG00000183914	30	31	35	58	29	38	39	40	43	36	46	38
ENSG00000183921	0	1	0	2	1	0	2	3	0	1	2	0
ENSG00000183943	3005	4648	3029	3173	3568	3058	2892	2963	2532	3071	2735	2670
ENSG00000183955	1832	2834	2132	2020	2030	1776	1637	1497	1353	1640	1462	1572
ENSG00000183960	2	0	2	3	0	2	1	0	0	0	0	0
ENSG00000183963	1582	2718	2093	2107	2244	2078	2089	1852	1744	2159	1906	1793
ENSG00000183971	9	24	14	19	23	18	20	16	12	20	15	12
ENSG00000183977	0	1	0	0	0	0	0	6	0	0	0	0
ENSG00000183978	459	858	702	525	582	508	464	449	464	498	528	421
ENSG00000183979	62	112	71	30	77	61	50	42	40	57	43	34
ENSG00000184005	1	5	1	1	2	0	2	3	1	1	0	0
ENSG00000184007	9097	13971	10517	11169	11899	10665	8677	8076	7625	8950	8608	7957
ENSG00000184009	112862	207782	156923	177346	191634	180602	146359	140090	124527	163636	150692	121948
ENSG00000184014	3684	7187	4997	5458	5835	5876	4552	4912	4003	5585	4725	3768
ENSG00000184047	1752	2933	2303	1993	1874	1833	1838	1784	1577	1925	1850	1714
ENSG00000184056	434	811	691	412	566	531	583	664	434	581	583	424
ENSG00000184058	118	150	143	144	137	110	151	155	157	159	120	103
ENSG00000184060	8	9	17	72	89	89	12	8	5	12	9	7
ENSG00000184076	1164	1968	1434	1209	1358	1128	1267	1157	986	1268	1053	1161
ENSG00000184083	831	1246	850	1122	1206	985	870	660	686	740	622	693
ENSG00000184110	13755	22266	17070	13704	16539	13025	14080	11859	10943	14930	13591	10576
ENSG00000184113	0	2	1	2	0	0	2	1	1	2	1	6
ENSG00000184117	1151	1909	1656	1259	1320	1234	1354	1280	1052	1424	1196	1203
ENSG00000184144	109	220	119	167	151	132	185	203	171	177	164	174
ENSG00000184154	74	139	85	140	92	119	113	110	94	136	89	103
ENSG00000184156	306	888	551	337	305	365	882	1098	816	1140	879	561
ENSG00000184160	43	115	91	23	22	21	54	71	47	85	68	51
ENSG00000184162	957	1285	1143	925	1002	808	867	813	740	883	860	830
ENSG00000184163	10	21	23	20	12	17	13	27	9	19	9	9
ENSG00000184164	704	1101	941	760	845	686	619	541	514	616	604	592
ENSG00000184166	69	126	66	105	76	67	105	95	113	101	85	83
ENSG00000184178	1189	1942	1348	1260	1322	1087	1130	1109	994	1193	1034	1111
ENSG00000184182	897	1607	1122	1320	1368	1189	935	881	827	974	892	868
ENSG00000184185	0	4	0	1	0	0	0	0	1	0	0	2
ENSG00000184203	1846	3469	2342	2270	2439	2170	1905	1985	1769	2016	2110	1732
ENSG00000184205	324	663	524	456	439	492	354	397	302	390	362	301
ENSG00000184206	42	102	61	48	59	45	92	90	49	101	69	67
ENSG00000184207	1756	2595	2137	1629	1746	1568	1532	1385	1247	1483	1400	1398
ENSG00000184209	326	565	440	375	388	377	423	429	342	394	385	368
ENSG00000184216	9697	15284	11671	11779	12586	10852	9219	8161	7509	9264	8189	7802
ENSG00000184220	953	1335	938	1005	988	818	845	787	733	829	774	806
ENSG00000184221	112	165	128	15	15	23	87	131	77	161	141	72
ENSG00000184226	142	266	162	162	174	180	243	222	215	234	230	221
ENSG00000184227	24	30	46	15	19	29	14	13	17	25	27	7
ENSG00000184232	1128	1972	1509	944	1054	963	1128	1226	940	1435	1299	1141
ENSG00000184254	58	57	50	147	129	126	60	56	55	44	73	45
ENSG00000184260	3793	8118	6097	5270	5470	4981	4327	4193	3652	4458	3977	3797
ENSG00000184261	22	21	20	9	7	16	21	17	10	8	8	9
ENSG00000184270	2376	4592	3840	3252	3316	3420	3053	2711	2517	3118	3173	2943
ENSG00000184271	35	88	68	36	25	54	49	64	55	67	44	50
ENSG00000184277	681	1133	850	837	854	745	939	915	854	1023	939	834
ENSG00000184281	882	1423	1239	1108	1165	1053	893	761	757	827	885	752
ENSG00000184293	516	767	559	607	631	515	371	447	353	437	397	382
ENSG00000184307	297	417	278	173	239	146	259	231	186	286	264	237
ENSG00000184313	54	62	43	42	29	33	59	105	83	107	80	55
ENSG00000184343	48	70	78	81	60	53	77	48	66	45	57	36
ENSG00000184349	0	0	0	0	0	3	1	0	0	1	1	0
ENSG00000184350	3	17	4	18	15	14	6	11	12	5	8	6
ENSG00000184357	8395	21509	17240	14175	14897	13610	12562	10980	10144	12850	11637	10765
ENSG00000184361	3	4	2	1	2	2	1	9	1	0	3	1
ENSG00000184363	18	38	31	19	26	34	25	26	10	10	18	19
ENSG00000184368	1	3	1	0	3	2	2	0	3	1	2	1
ENSG00000184371	76	234	204	99	65	77	79	104	72	92	89	69
ENSG00000184378	57	105	84	37	45	52	46	56	54	67	53	56
ENSG00000184381	581	970	831	683	629	673	730	783	590	811	727	633
ENSG00000184384	20	53	64	83	75	63	38	58	38	52	45	36
ENSG00000184389	0	1	1	0	1	1	0	0	2	1	0	0
ENSG00000184402	1067	1768	1179	1184	1312	1155	1231	1234	1131	1253	1176	1158
ENSG00000184428	3073	4707	3524	3002	3077	2917	3192	2717	2568	3170	2887	2881
ENSG00000184432	8096	13078	9508	8171	8859	7753	7064	6899	6059	7412	6874	6799
ENSG00000184434	6	12	13	15	9	12	11	15	8	11	8	20
ENSG00000184436	1031	1562	1295	1095	1075	995	991	924	835	1084	921	927
ENSG00000184445	8610	13870	9388	8209	8643	7679	8132	8809	7480	9294	8765	7890
ENSG00000184451	14	20	14	24	21	18	14	19	9	10	25	11
ENSG00000184454	13	26	19	42	26	16	33	35	23	28	22	18
ENSG00000184465	3933	6159	4452	5328	5568	5051	4320	4726	3776	5134	4376	3779
ENSG00000184470	1081	1516	1398	1082	1133	997	949	932	839	1093	1032	925
ENSG00000184481	557	1045	774	541	588	519	653	649	466	692	611	543
ENSG00000184489	996	1791	1515	904	961	980	967	1001	726	1227	1015	818
ENSG00000184492	12	22	18	22	13	10	12	14	11	23	20	11
ENSG00000184497	151	258	230	200	199	194	163	211	173	204	143	130
ENSG00000184500	249	397	258	143	143	114	135	171	134	177	217	147
ENSG00000184507	0	0	1	1	0	0	0	1	0	1	1	5
ENSG00000184508	784	1401	1032	666	857	703	771	740	631	855	778	738
ENSG00000184517	698	1117	747	648	838	705	722	656	628	694	634	628
ENSG00000184524	5	12	5	3	5	6	8	11	5	10	4	5
ENSG00000184530	0	1	0	2	2	1	1	0	0	1	0	0
ENSG00000184545	5	16	31	21	35	3	25	12	9	8	0	3
ENSG00000184557	639	1558	1189	834	851	878	653	871	551	846	865	451
ENSG00000184571	14	19	9	25	20	11	14	14	15	12	12	4
ENSG00000184574	201	348	263	128	119	114	179	226	178	288	225	205
ENSG00000184575	18418	28500	20579	15487	16465	13923	15334	15172	13141	15888	14867	14753
ENSG00000184584	4825	8280	6013	5274	5448	5017	4614	4424	3775	5047	4392	4142
ENSG00000184588	41	46	45	35	34	36	63	72	51	109	77	33
ENSG00000184599	4	5	1	1	4	2	3	4	0	1	2	2
ENSG00000184602	746	1263	932	1181	1383	1208	1214	1011	927	1055	961	913
ENSG00000184613	0	1	0	1	0	1	0	0	3	2	0	0
ENSG00000184619	135	225	179	211	207	177	160	168	160	188	192	139
ENSG00000184634	5421	8492	6242	6345	6618	5875	5367	5093	4575	5901	5004	4900
ENSG00000184635	735	1327	874	956	930	909	1047	1116	1009	1137	1037	1053
ENSG00000184640	7686	14484	11245	13720	14513	13826	10852	9813	8871	11370	9752	8836
ENSG00000184647	0	0	0	1	1	2	0	2	0	2	0	0
ENSG00000184659	5	1	0	6	3	5	1	2	1	0	1	3
ENSG00000184661	3456	5321	4116	3604	3816	3200	3284	2974	2601	3275	3031	3280
ENSG00000184672	3	0	2	0	0	0	2	0	0	0	0	1
ENSG00000184675	1165	1781	1157	1035	1111	975	905	801	778	957	798	847
ENSG00000184677	3455	5193	3836	3807	3890	3376	3452	3350	2942	3829	3382	3265
ENSG00000184678	1474	3105	1978	2140	2043	1863	1943	1526	1387	1936	1497	1627
ENSG00000184697	2	2	3	2	5	0	1	5	2	1	2	3
ENSG00000184698	5	27	19	27	19	13	22	9	19	27	25	14
ENSG00000184702	209	386	332	19	29	23	159	213	118	203	229	124
ENSG00000184708	1320	1914	1393	1365	1451	1266	1376	1222	1120	1352	1183	1208
ENSG00000184709	39	72	50	36	36	42	37	42	28	43	32	19
ENSG00000184716	25	37	34	26	24	15	19	12	17	26	10	16
ENSG00000184719	125	159	131	124	170	134	101	96	94	101	105	116
ENSG00000184730	866	1672	1323	1157	1273	1288	1210	1310	1003	1444	1285	1052
ENSG00000184743	9395	14593	10342	7875	8502	7249	8580	9122	7427	10156	9309	8759
ENSG00000184752	729	1232	890	866	951	792	782	683	644	711	732	677
ENSG00000184785	37	88	52	26	19	30	32	55	24	57	56	48
ENSG00000184787	5424	8099	5822	6015	6369	5308	4782	4516	4264	4994	4203	4485
ENSG00000184788	134	253	17	231	223	176	270	272	221	312	246	195
ENSG00000184792	4	2	7	6	12	10	2	9	7	5	7	10
ENSG00000184828	2	5	2	3	3	4	1	3	3	1	0	3
ENSG00000184831	185	257	180	239	236	195	161	139	165	140	159	138
ENSG00000184840	3876	5872	5299	3401	3716	3273	3260	3152	2768	3504	3511	2960
ENSG00000184857	384	641	478	366	345	334	352	347	338	402	358	339
ENSG00000184860	27	42	18	49	41	29	32	30	20	19	29	22
ENSG00000184863	6406	10449	7469	7332	7556	6735	7589	7442	6590	8366	7137	6606
ENSG00000184867	1	3	2	9	9	4	0	2	1	5	0	3
ENSG00000184887	714	1197	989	847	866	651	738	670	615	734	689	622
ENSG00000184897	2796	5316	4304	3095	3453	3315	3053	2896	2248	3130	2739	2320
ENSG00000184898	344	567	424	352	381	298	345	379	291	373	347	283
ENSG00000184900	5021	7804	5867	5778	6383	5217	5274	4795	4564	5264	4921	4590
ENSG00000184903	418	635	464	437	385	364	354	373	305	359	392	312
ENSG00000184916	402	675	561	454	444	428	457	444	392	526	455	410
ENSG00000184922	5281	9693	7309	7987	8288	7679	6245	5983	5121	6544	5804	5460
ENSG00000184923	34	66	46	29	48	32	21	20	16	42	12	24
ENSG00000184924	673	1183	955	996	1031	850	796	666	646	808	760	706
ENSG00000184925	4	4	6	5	5	6	4	0	3	1	7	1
ENSG00000184933	0	3	0	0	2	0	0	3	0	0	0	2
ENSG00000184937	2067	3555	2330	1597	1592	1350	1642	1666	1449	1846	1512	1641
ENSG00000184939	968	1593	1111	1085	1160	1043	1281	1281	1168	1421	1127	1133
ENSG00000184949	97	150	124	130	123	129	125	151	126	149	113	118
ENSG00000184967	988	1396	1282	1201	1157	1027	806	763	787	836	716	752
ENSG00000184979	155	306	232	145	167	151	144	205	139	211	187	156
ENSG00000184983	14	20	16	16	15	13	14	10	13	6	7	13
ENSG00000184984	19	24	21	23	33	29	23	19	30	33	24	25
ENSG00000184985	1	10	3	5	7	1	3	4	3	7	7	1
ENSG00000184986	37	24	27	16	13	21	40	23	16	26	22	30
ENSG00000184988	513	896	646	831	881	744	615	692	569	722	647	548
ENSG00000184990	1900	2760	2570	2003	2097	1966	1812	1765	1478	1804	1890	1564
ENSG00000185000	1981	3087	2467	2041	2089	1862	1676	1645	1491	1989	1802	1567
ENSG00000185008	2	13	7	5	2	11	5	2	3	3	6	1
ENSG00000185009	4181	6524	4072	4672	5182	4166	4190	4051	3525	4473	3772	3789
ENSG00000185010	158	264	179	170	174	156	173	197	126	219	179	158
ENSG00000185015	27	51	38	37	30	32	24	48	42	33	42	30
ENSG00000185019	903	1477	1107	1085	1140	1068	955	895	835	986	872	846
ENSG00000185022	362	697	573	405	460	378	383	432	332	476	474	246
ENSG00000185024	1801	3074	2382	2330	2408	2289	2081	2168	1834	2343	1988	1810
ENSG00000185028	46	57	37	3	5	11	9	24	23	28	22	31
ENSG00000185033	469	903	701	809	799	918	678	764	630	854	749	456
ENSG00000185038	0	0	0	4	1	0	1	0	0	0	0	0
ENSG00000185040	9	9	2	8	3	9	1	8	4	6	2	1
ENSG00000185043	1435	2375	1860	1760	1682	1692	1487	1318	1223	1455	1464	1304
ENSG00000185046	34	56	29	26	27	31	20	43	30	34	18	17
ENSG00000185049	1114	1935	1422	1204	1358	1212	1176	1122	945	1311	1185	1089
ENSG00000185052	33	83	103	98	76	78	108	122	82	97	101	56
ENSG00000185055	2	6	5	2	2	1	3	5	2	0	2	1
ENSG00000185070	160	229	161	185	248	169	233	231	194	210	213	188
ENSG00000185085	2348	3659	2907	2477	2696	2383	2054	2051	1919	2389	2156	2027
ENSG00000185088	2682	4303	2797	2609	2865	2350	2543	2457	2200	2583	2411	2297
ENSG00000185090	289	532	372	340	378	346	404	325	318	423	294	256
ENSG00000185100	360	960	751	624	711	678	916	1064	743	1189	956	551
ENSG00000185101	76	96	101	63	80	73	72	99	72	80	77	50
ENSG00000185104	3083	5056	3905	3318	3372	2982	2835	2882	2646	3198	2972	2715
ENSG00000185105	5	2	0	1	2	2	3	0	6	0	2	3
ENSG00000185112	387	805	650	820	907	967	629	582	490	640	569	511
ENSG00000185115	52	143	64	111	70	84	81	78	67	72	87	53
ENSG00000185122	3597	5838	4294	4105	4430	3845	4002	3561	3299	4247	3400	3544
ENSG00000185127	2636	4419	3246	3151	3453	3007	2989	2797	2502	3053	3002	2691
ENSG00000185129	2210	3696	2648	2505	2537	2498	2428	2612	2161	2888	2617	2458
ENSG00000185130	2413	4689	3672	3161	3291	3066	2955	2599	2300	3052	2849	2754
ENSG00000185133	0	3	0	0	0	2	2	0	2	0	1	0
ENSG00000185155	0	3	0	0	1	2	0	3	1	0	0	0
ENSG00000185156	16	36	20	70	55	52	46	63	26	60	41	26
ENSG00000185158	276	506	348	407	364	341	433	464	398	489	422	359
ENSG00000185163	1531	2236	1680	1707	1721	1495	1665	1566	1456	1653	1528	1501
ENSG00000185164	6204	9154	6504	5830	6631	5849	5606	5469	4543	6157	4893	5593
ENSG00000185187	841	1610	1385	1513	1584	1610	1436	1243	1110	1346	1272	948
ENSG00000185189	1372	2160	1650	1843	1797	1746	1512	1597	1192	1636	1341	1196
ENSG00000185198	10864	17765	15153	8118	8855	7787	7532	8294	6331	9170	9020	8179
ENSG00000185201	2178	3872	3081	2557	2663	2473	2613	2174	1871	2659	2505	2181
ENSG00000185215	2660	4638	3558	2463	2656	2524	3162	3506	2682	3697	3190	2723
ENSG00000185219	3354	5350	3756	3557	3781	3391	3799	3916	3213	4269	3666	3516
ENSG00000185220	444	737	533	477	501	452	462	470	463	529	488	506
ENSG00000185222	19	40	21	15	11	19	14	13	2	7	4	16
ENSG00000185236	2283	3783	2890	2954	3081	2844	2422	2335	2276	2652	2449	2228
ENSG00000185238	1739	2483	1814	1624	1672	1462	1422	1301	1247	1352	1313	1298
ENSG00000185245	13	25	19	13	17	12	23	35	24	29	15	8
ENSG00000185246	1557	2624	1824	1810	1778	1543	1929	1869	1681	2098	1900	1743
ENSG00000185250	121	204	136	163	164	157	158	194	151	213	154	143
ENSG00000185252	882	1337	1019	990	1013	834	930	847	772	991	822	802
ENSG00000185261	320	579	427	509	527	453	373	406	351	435	400	362
ENSG00000185262	1815	3222	2678	2333	2361	2134	1859	1744	1458	1883	1798	1526
ENSG00000185267	32	46	55	22	20	15	32	31	22	46	21	32
ENSG00000185269	53	87	68	35	44	22	54	59	38	65	63	52
ENSG00000185271	120	161	83	193	156	194	135	198	127	173	119	128
ENSG00000185274	0	0	0	0	0	2	2	0	0	0	1	0
ENSG00000185278	2163	3756	2458	2643	2754	2568	2900	3149	2618	3361	2817	2648
ENSG00000185290	19	25	10	14	8	16	4	8	11	7	12	6
ENSG00000185291	1918	4106	3033	2105	2196	2321	2214	2521	2025	2793	2478	1986
ENSG00000185298	966	1402	1123	850	928	813	850	778	819	890	843	870
ENSG00000185304	9	9	12	21	1	7	1	3	0	7	0	0
ENSG00000185305	244	469	286	289	335	288	247	261	239	291	298	272
ENSG00000185306	401	769	554	582	597	631	456	486	417	461	401	454
ENSG00000185324	1737	2725	2183	1946	1920	1814	2035	1885	1821	2276	2042	1825
ENSG00000185338	239	450	338	297	244	359	289	279	219	306	237	229
ENSG00000185339	6	20	13	23	17	26	14	13	10	17	18	4
ENSG00000185340	157	377	281	265	256	252	151	196	138	203	171	141
ENSG00000185344	4167	6679	4634	4773	5075	4140	4538	4249	3903	4489	4199	4232
ENSG00000185345	102	205	138	160	150	124	177	253	146	200	195	155
ENSG00000185347	931	1383	1236	1035	979	899	807	759	711	855	882	744
ENSG00000185359	4622	7720	5850	5699	5883	5312	5032	4375	4139	5160	4533	4145
ENSG00000185361	1659	2763	2184	2031	2094	2026	1805	1941	1517	2130	1911	1742
ENSG00000185372	8	3	5	2	4	6	7	5	2	3	4	6
ENSG00000185379	1922	2766	2005	1958	2017	1802	1892	1871	1635	1930	1831	1832
ENSG00000185385	527	943	685	684	716	644	756	850	671	826	758	697
ENSG00000185386	213	330	291	179	200	178	196	229	159	252	248	195
ENSG00000185404	576	1002	650	938	908	810	741	699	657	774	712	606
ENSG00000185414	2808	4622	3373	2894	3114	2615	2700	2686	2336	2886	2779	2542
ENSG00000185418	422	700	505	415	399	361	442	416	341	521	412	364
ENSG00000185420	4620	7046	5451	5483	5953	4965	4913	4874	4230	4980	4673	4338
ENSG00000185432	2072	3495	2988	4392	4831	4471	2804	2638	2421	2859	2977	2540
ENSG00000185436	1284	2324	1756	2100	2024	1799	2092	2258	2140	2255	2088	1929
ENSG00000185437	3	25	12	7	0	6	7	6	13	6	8	10
ENSG00000185442	12	32	13	23	20	29	17	16	8	13	16	15
ENSG00000185453	418	703	679	444	445	438	410	428	363	435	471	323
ENSG00000185467	4	1	2	3	1	2	4	6	2	2	0	0
ENSG00000185475	558	986	744	749	765	699	654	590	511	664	587	581
ENSG00000185477	405	652	465	662	769	636	500	525	442	493	512	422
ENSG00000185480	1617	2525	1629	1564	1664	1424	1514	1583	1331	1739	1543	1386
ENSG00000185482	276	478	341	276	321	265	322	295	253	375	354	316
ENSG00000185499	129	308	160	137	133	154	152	175	137	193	163	132
ENSG00000185504	2811	4301	3584	3361	3407	3165	2766	2634	2363	2918	2598	2408
ENSG00000185507	0	18	0	3	9	0	0	6	13	16	6	0
ENSG00000185513	443	790	567	617	611	592	692	871	648	901	710	651
ENSG00000185515	1962	3008	2162	2057	2102	1843	1791	1689	1574	1784	1680	1770
ENSG00000185518	639	1111	766	1063	1028	984	782	659	692	826	722	697
ENSG00000185522	16	9	12	15	23	11	12	8	22	27	24	17
ENSG00000185523	2	5	1	3	0	1	1	2	1	3	1	2
ENSG00000185527	14	21	14	23	36	34	22	24	20	7	5	15
ENSG00000185532	17	52	33	50	44	34	46	46	43	44	46	32
ENSG00000185551	3	18	10	6	2	4	6	9	5	6	6	5
ENSG00000185561	698	1134	849	924	941	799	1008	1016	978	1035	1001	907
ENSG00000185565	2	11	7	1	1	9	10	6	13	14	14	13
ENSG00000185567	111	269	295	204	206	235	174	257	158	225	216	142
ENSG00000185585	150	252	183	202	220	197	232	220	213	198	231	165
ENSG00000185591	10506	17308	10890	11824	12585	11379	10728	10749	9190	11828	9513	10010
ENSG00000185608	438	771	700	607	717	600	528	470	486	515	497	404
ENSG00000185614	258	508	453	128	131	107	219	224	188	279	295	238
ENSG00000185615	0	0	0	3	0	0	5	4	1	0	0	4
ENSG00000185619	3112	5414	3606	4451	4822	4430	3315	3264	3067	3506	3065	2986
ENSG00000185621	538	970	653	420	441	434	493	575	415	625	571	424
ENSG00000185624	62544	108550	83627	64812	68834	64044	60537	62891	51818	70436	64867	55407
ENSG00000185627	3631	5789	4323	3837	4057	3604	3444	3157	2852	3415	3218	3279
ENSG00000185630	15	33	15	23	35	29	30	26	26	13	20	27
ENSG00000185633	93	107	111	87	82	77	59	61	57	51	58	76
ENSG00000185634	98	171	115	174	145	130	134	143	140	144	137	113
ENSG00000185640	30	70	78	14	12	20	46	40	19	55	46	29
ENSG00000185650	383	917	630	1879	2027	1935	784	730	680	733	583	404
ENSG00000185651	1982	3094	2030	2300	2445	2021	2049	1730	1602	2106	1808	1770
ENSG00000185658	6743	11539	7443	7849	8253	7225	8664	9210	8008	9734	8598	8015
ENSG00000185664	22	34	35	29	22	23	27	34	19	32	46	35
ENSG00000185666	240	365	191	338	314	257	344	365	303	375	278	317
ENSG00000185669	308	533	446	366	364	380	400	339	324	426	327	318
ENSG00000185670	506	877	612	669	669	609	642	569	569	752	563	517
ENSG00000185674	0	1	0	0	0	0	0	0	3	2	0	0
ENSG00000185686	3	14	3	0	0	0	0	3	5	3	3	16
ENSG00000185689	0	2	1	0	0	2	0	0	0	0	0	0
ENSG00000185697	230	398	301	254	295	283	290	278	269	339	302	258
ENSG00000185716	345	518	341	381	421	336	381	389	337	458	375	334
ENSG00000185721	2468	3858	2959	2430	2692	2255	2340	2208	1986	2520	2370	2146
ENSG00000185722	4501	6765	5004	5257	5476	4469	4225	3984	3650	4472	3912	4119
ENSG00000185728	8167	13962	9176	8556	9158	8297	7314	7152	6567	8108	7487	6906
ENSG00000185730	936	1327	1040	880	1009	935	940	876	816	952	840	903
ENSG00000185736	2	5	1	8	1	1	1	2	0	2	0	1
ENSG00000185739	8	14	14	2	5	0	2	10	7	14	11	10
ENSG00000185745	8	24	31	19	14	15	9	38	23	26	36	9
ENSG00000185753	1704	2803	2025	1951	2103	1861	1814	1909	1667	2094	1743	1775
ENSG00000185760	328	478	317	223	212	162	208	245	214	257	210	260
ENSG00000185761	104	186	115	124	81	130	91	77	65	97	97	76
ENSG00000185774	0	5	0	1	1	2	0	0	2	0	1	1
ENSG00000185787	8972	14767	10983	9552	10065	9202	8733	8546	7460	8741	9022	7898
ENSG00000185792	3	2	1	0	2	1	0	0	1	8	1	2
ENSG00000185798	248	496	291	260	282	240	230	280	219	265	195	225
ENSG00000185800	930	1687	1254	2184	2349	2079	995	929	905	1059	860	916
ENSG00000185803	2556	3787	3361	2805	2960	2526	1965	1861	1669	2093	1962	1976
ENSG00000185808	306	585	493	406	420	421	379	381	304	411	367	302
ENSG00000185811	20625	33302	22780	24191	25436	22133	21560	20287	18376	23043	19748	18836
ENSG00000185813	3641	6427	4713	3261	3266	2904	3231	3099	2610	3537	3417	3208
ENSG00000185818	1000	1588	1336	1004	1077	1071	894	779	733	784	798	740
ENSG00000185823	86	161	116	139	103	144	133	152	144	158	124	120
ENSG00000185825	5268	8739	7213	5629	6218	5373	5070	4895	4364	5354	5357	4770
ENSG00000185829	368	672	464	449	410	416	438	551	407	611	470	331
ENSG00000185838	440	617	505	409	373	335	407	464	348	418	359	352
ENSG00000185842	68	127	92	153	114	90	136	147	151	139	107	120
ENSG00000185862	1365	2451	1322	2450	2736	2398	1921	1848	1577	2295	1732	1556
ENSG00000185864	1311	1994	1221	1707	1608	1272	1712	1964	1242	2038	1729	1595
ENSG00000185869	724	1191	907	953	924	896	1052	1119	1004	1129	1030	947
ENSG00000185875	332	610	366	346	416	400	385	417	354	416	385	359
ENSG00000185880	182	332	210	283	309	211	252	273	237	280	306	246
ENSG00000185883	2352	3936	2939	2633	2677	2586	2641	2376	2096	2736	2460	2172
ENSG00000185885	916	1942	1371	1714	1530	1596	1466	1223	1127	1523	1229	1218
ENSG00000185896	5271	8422	5934	6589	7108	6009	5249	4706	4509	5434	4615	4795
ENSG00000185899	35	58	30	40	26	23	31	37	30	46	47	33
ENSG00000185900	3029	4820	3647	3203	3496	3122	2962	2827	2564	3299	2903	2804
ENSG00000185905	1907	3254	2472	1955	2093	1972	1866	1858	1678	2203	1905	1649
ENSG00000185909	27	30	20	22	26	25	52	32	21	25	16	21
ENSG00000185915	0	7	2	11	0	4	5	1	4	5	5	1
ENSG00000185917	772	1207	819	876	918	769	836	888	740	936	800	794
ENSG00000185920	701	1032	667	325	372	320	550	608	448	723	578	498
ENSG00000185924	18	19	12	447	495	449	30	20	34	22	23	15
ENSG00000185933	1	0	0	0	1	0	0	1	0	1	0	1
ENSG00000185946	1198	2294	1487	1692	1592	1658	1591	1776	1314	1845	1790	1395
ENSG00000185947	2102	3627	2485	2211	2380	2106	2353	2386	2027	2449	2124	2147
ENSG00000185950	1353	2277	1701	1077	1007	1034	1306	1547	1204	1532	1538	1204
ENSG00000185955	17	46	20	27	13	25	33	31	25	32	23	13
ENSG00000185958	2	3	0	3	3	5	3	4	2	5	2	1
ENSG00000185960	10	19	7	23	24	9	10	8	23	30	19	21
ENSG00000185963	3195	4860	3568	3309	3440	3132	3045	3140	2682	3292	3145	2820
ENSG00000185972	6	3	3	4	3	0	0	1	0	0	1	1
ENSG00000185973	807	1344	935	829	881	888	903	925	751	1037	877	819
ENSG00000185974	21	32	35	2	6	5	30	38	17	37	35	14
ENSG00000185988	6	11	16	13	10	14	2	15	10	16	15	18
ENSG00000185989	5378	8834	6856	3985	4408	3972	5109	5248	4142	5693	4999	4441
ENSG00000186001	1896	3386	2268	2505	2630	2408	2239	2270	2067	2467	2151	2039
ENSG00000186010	4836	8261	7182	5481	5733	5184	5070	4604	4226	4826	4880	4490
ENSG00000186017	869	1393	965	1005	1116	969	1101	1084	938	1096	983	1004
ENSG00000186020	977	1542	1094	1205	1255	1057	1064	1059	960	1140	1056	1002
ENSG00000186026	313	583	409	394	354	392	465	475	472	582	457	408
ENSG00000186047	82	140	94	148	148	104	128	143	103	139	120	103
ENSG00000186051	1	2	4	0	1	1	1	2	1	0	0	1
ENSG00000186063	2221	3584	2531	2019	2173	2030	1981	2090	1778	2235	2022	2067
ENSG00000186073	638	920	626	466	479	403	510	617	422	579	548	519
ENSG00000186074	876	1562	1174	990	1021	985	1221	1226	961	1357	1160	1000
ENSG00000186086	0	0	0	6	3	3	0	0	0	1	0	1
ENSG00000186088	800	1413	970	669	666	673	968	1030	829	1058	939	884
ENSG00000186094	45	69	45	48	41	41	59	68	44	54	54	37
ENSG00000186103	18	39	17	25	29	22	41	47	40	26	32	41
ENSG00000186104	159	275	223	158	160	168	121	171	118	151	156	112
ENSG00000186105	65	110	42	68	71	62	51	66	63	78	56	69
ENSG00000186106	862	1458	989	1096	1135	1028	1031	869	910	1045	1099	945
ENSG00000186111	2914	4792	3657	3739	3955	3571	2996	2932	2632	3197	2598	2621
ENSG00000186115	0	5	6	0	1	3	1	2	1	0	6	2
ENSG00000186118	2	1	0	0	1	0	1	0	0	2	0	0
ENSG00000186130	945	1475	1080	901	1032	969	914	863	766	1034	931	879
ENSG00000186132	157	267	182	144	195	160	148	162	128	165	144	138
ENSG00000186141	1606	2540	1983	1779	1971	1690	1725	1535	1553	1847	1567	1496
ENSG00000186153	588	918	715	585	650	549	643	663	594	748	568	585
ENSG00000186166	379	617	437	530	594	502	520	553	479	560	477	458
ENSG00000186174	580	1034	784	1009	1116	1033	846	766	640	969	801	701
ENSG00000186184	2906	4948	3243	3550	3799	3315	3146	3155	2845	3465	2998	2867
ENSG00000186185	2025	3186	2289	2105	2406	1956	2039	2000	1766	2262	1810	2126
ENSG00000186187	2293	4258	3249	3061	3184	3007	2884	2831	2475	3248	2982	2482
ENSG00000186188	9	9	4	2	2	2	6	8	8	15	8	6
ENSG00000186193	3480	5126	4315	2752	3063	2646	2676	2474	2255	2852	2635	2571
ENSG00000186197	0	1	2	3	5	2	2	0	2	1	0	0
ENSG00000186205	47	134	66	77	92	95	98	86	90	94	64	78
ENSG00000186212	0	2	0	0	0	2	4	0	2	0	2	1
ENSG00000186222	785	1396	1027	758	878	739	671	689	571	824	751	655
ENSG00000186230	828	1225	850	887	850	754	854	879	852	963	897	867
ENSG00000186231	1	3	3	1	4	2	0	1	1	2	1	2
ENSG00000186260	465	766	443	612	619	552	487	511	415	527	433	428
ENSG00000186265	1	4	0	3	3	0	1	7	4	6	1	1
ENSG00000186272	398	799	521	530	615	495	570	552	565	652	564	563
ENSG00000186280	25	65	24	53	43	58	22	24	26	24	20	29
ENSG00000186281	9	10	5	5	1	6	6	8	0	6	4	1
ENSG00000186283	1100	1523	1224	1180	1272	1075	1077	858	895	992	1020	905
ENSG00000186298	11901	18938	13835	11603	12764	11004	11129	11018	9386	12109	11537	10829
ENSG00000186300	803	1428	971	890	1052	907	922	1004	850	1182	1068	934
ENSG00000186314	460	771	552	387	440	346	530	514	413	566	525	422
ENSG00000186318	957	1555	1001	1161	1196	1116	1118	1059	1018	1247	1031	907
ENSG00000186326	168	331	213	153	189	205	195	199	153	221	212	147
ENSG00000186329	442	720	142	631	611	623	669	811	688	828	608	601
ENSG00000186334	99	155	107	120	130	135	160	164	152	148	101	121
ENSG00000186335	13	25	20	24	14	20	16	22	30	37	37	9
ENSG00000186340	0	14	4	10	3	5	7	16	9	13	11	8
ENSG00000186350	10496	17760	13483	9711	10012	9676	10964	10949	9025	11883	10459	9629
ENSG00000186352	77	176	138	116	121	110	112	156	114	155	146	45
ENSG00000186364	49	69	60	32	57	30	45	54	29	57	39	36
ENSG00000186367	5	23	18	21	17	19	16	32	36	25	25	14
ENSG00000186376	670	1144	833	873	776	819	724	768	607	760	672	668
ENSG00000186395	326	531	332	392	400	330	359	267	236	342	239	311
ENSG00000186399	3999	6841	4711	6457	6250	5782	6429	6261	5708	6632	5523	5632
ENSG00000186407	0	0	0	15	7	8	2	0	0	4	1	1
ENSG00000186409	265	476	345	441	413	444	424	515	461	508	457	395
ENSG00000186416	1998	3294	2217	2002	2238	1948	1873	1817	1597	1994	1817	1743
ENSG00000186432	7096	10779	7583	7641	8002	6793	6212	5952	5427	6499	6011	5905
ENSG00000186446	63	97	66	81	107	108	77	59	71	69	77	67
ENSG00000186448	574	1027	633	676	639	628	685	636	568	699	606	563
ENSG00000186451	0	0	0	0	0	1	0	0	0	0	0	0
ENSG00000186453	6	15	9	9	5	8	7	8	4	9	4	11
ENSG00000186468	17450	29029	23428	18855	20496	19395	17943	16487	13742	16543	17165	13369
ENSG00000186469	133	222	162	1270	1416	1211	252	228	246	300	234	228
ENSG00000186470	906	1371	1022	1005	1112	897	784	778	725	927	784	760
ENSG00000186472	305	528	290	243	268	194	305	380	330	437	291	307
ENSG00000186480	32995	65611	46577	36978	39056	37503	29394	31120	24236	34272	33042	26262
ENSG00000186487	241	399	321	381	397	319	406	446	404	443	397	366
ENSG00000186496	52	134	129	68	66	88	110	72	59	107	97	92
ENSG00000186501	923	1416	1076	953	994	805	928	833	791	943	773	772
ENSG00000186510	26	63	48	23	33	31	39	40	29	44	36	28
ENSG00000186517	8220	14890	11605	9587	10385	9762	8771	8838	7665	9855	8753	7736
ENSG00000186522	6	16	11	174	161	171	11	11	10	11	20	7
ENSG00000186523	239	326	254	232	237	170	238	225	173	245	196	222
ENSG00000186526	91	172	154	129	167	174	177	203	151	249	201	162
ENSG00000186529	10	13	11	16	12	12	17	15	11	14	15	11
ENSG00000186532	960	1550	1101	1169	1196	969	1081	1059	946	1215	1020	983
ENSG00000186564	163	272	186	145	153	145	135	121	109	141	138	145
ENSG00000186566	3249	5344	3590	3942	4080	3690	3259	3252	2812	3486	2927	3119
ENSG00000186567	53	85	44	50	60	71	42	66	59	67	56	40
ENSG00000186575	5855	9033	6974	6313	6695	5840	5642	4974	4738	5745	5173	5011
ENSG00000186577	201	335	269	216	219	202	201	194	132	188	213	173
ENSG00000186583	6	23	14	30	21	41	28	25	35	43	31	21
ENSG00000186591	1676	3063	2316	2264	2427	2209	1999	2207	1803	2263	2148	1785
ENSG00000186603	873	1180	1045	604	641	531	633	550	514	589	579	603
ENSG00000186625	641	911	803	534	641	522	568	481	425	589	597	514
ENSG00000186628	63	122	88	76	95	82	95	126	92	102	106	81
ENSG00000186635	6414	11860	9712	7385	7770	7661	7767	8261	6923	9119	8219	6885
ENSG00000186638	1177	1825	1203	1096	1161	1027	1023	913	804	1074	963	1006
ENSG00000186642	6	7	3	10	6	4	6	9	11	3	9	5
ENSG00000186645	20	29	17	26	18	12	20	16	15	21	47	23
ENSG00000186648	4	0	8	1	2	1	3	2	1	2	5	4
ENSG00000186652	445	885	1058	277	233	357	524	523	311	476	881	451
ENSG00000186654	695	1094	873	771	770	693	745	635	640	748	719	582
ENSG00000186660	12523	19105	12518	13204	13958	11841	11426	10246	9582	11260	9458	10359
ENSG00000186665	363	595	416	300	409	301	301	296	254	323	335	268
ENSG00000186666	279	526	342	377	378	354	339	330	296	405	276	298
ENSG00000186684	5	5	15	6	13	3	10	7	12	11	14	6
ENSG00000186687	4209	6994	4844	4471	4793	4379	4026	4074	3651	4363	4185	3804
ENSG00000186710	82	137	110	87	77	67	73	41	47	92	33	58
ENSG00000186714	16	26	10	18	10	9	10	14	12	7	10	11
ENSG00000186716	2116	3247	2756	2185	2330	1989	1871	1820	1563	2037	1881	1770
ENSG00000186723	278	460	142	423	401	401	430	600	413	543	376	375
ENSG00000186732	34	37	36	51	37	28	41	37	41	29	35	42
ENSG00000186765	12	31	10	24	26	17	16	23	31	19	9	21
ENSG00000186767	7516	11794	7831	6510	7112	6232	6556	6231	5400	6964	6389	6035
ENSG00000186777	3	2	0	1	5	1	3	1	1	2	2	1
ENSG00000186787	115	187	159	136	112	122	106	94	106	106	99	84
ENSG00000186790	1	2	2	3	4	0	3	3	5	4	0	2
ENSG00000186792	630	1169	833	532	546	538	635	694	511	795	747	596
ENSG00000186806	57	105	81	69	73	76	79	112	70	120	103	63
ENSG00000186810	92	142	107	235	301	262	190	154	164	191	156	119
ENSG00000186812	859	1688	1100	1080	1168	1056	1331	1540	1166	1534	1337	1212
ENSG00000186814	431	844	543	525	506	447	609	725	561	783	585	570
ENSG00000186815	1395	2316	1605	2063	2071	1907	1635	1572	1314	1741	1481	1212
ENSG00000186818	153	257	256	319	226	236	179	138	123	159	101	121
ENSG00000186827	20	21	27	23	25	41	12	29	12	24	20	22
ENSG00000186832	0	1	0	3	1	1	2	4	0	0	5	3
ENSG00000186834	1563	2501	1965	1882	1877	1757	1611	1396	1283	1593	1431	1401
ENSG00000186854	234	429	255	395	371	322	384	418	375	399	379	328
ENSG00000186862	1131	1757	1358	850	899	756	1171	1324	1151	1439	1172	1124
ENSG00000186866	696	1093	869	637	741	616	650	716	572	739	661	565
ENSG00000186867	1	5	6	1	2	6	0	4	9	2	10	8
ENSG00000186868	2	7	7	3	0	2	11	2	1	1	5	0
ENSG00000186871	459	628	395	373	405	351	403	389	328	361	384	386
ENSG00000186889	65	172	77	68	74	66	91	74	85	112	66	74
ENSG00000186891	0	0	2	2	1	1	5	2	0	3	3	0
ENSG00000186897	11	28	26	18	16	7	10	11	10	18	29	10
ENSG00000186907	74	179	158	118	116	141	107	127	81	154	117	95
ENSG00000186908	1923	3019	2191	2764	2930	2647	2190	2143	1902	2308	2109	1889
ENSG00000186912	3	3	7	2	8	3	4	4	2	1	10	7
ENSG00000186918	6145	14874	11290	5506	5983	6876	9139	11078	7691	12178	10972	6061
ENSG00000186919	262	429	390	249	256	256	219	273	219	267	215	175
ENSG00000186951	1721	2801	1981	1993	2193	1890	2097	2285	1831	2392	2109	1956
ENSG00000186952	9	31	14	12	21	17	11	18	8	22	10	5
ENSG00000186976	8	23	15	14	11	12	15	16	7	18	26	27
ENSG00000186994	9	44	22	37	42	39	12	19	15	20	12	15
ENSG00000186998	847	1529	1265	1035	1088	1024	977	922	730	1018	873	772
ENSG00000187003	0	0	1	3	1	1	1	0	0	0	2	0
ENSG00000187010	2	10	8	6	5	5	8	15	4	8	8	1
ENSG00000187017	209	340	285	240	223	253	264	222	183	208	189	195
ENSG00000187021	2	3	1	2	3	3	5	1	3	4	6	0
ENSG00000187024	212	267	222	182	227	194	207	171	159	213	208	154
ENSG00000187037	11	15	8	3	2	2	5	6	4	8	9	7
ENSG00000187045	0	0	2	1	0	2	1	1	2	0	0	2
ENSG00000187048	13	21	11	13	26	28	25	20	25	23	31	16
ENSG00000187049	358	533	463	344	319	326	325	325	300	366	322	329
ENSG00000187051	798	1405	1119	805	866	837	860	826	790	912	862	781
ENSG00000187066	15	41	34	18	14	17	20	14	20	23	17	15
ENSG00000187068	41	84	59	62	39	48	46	67	54	52	55	34
ENSG00000187079	4	2	0	1	3	5	2	5	4	1	6	2
ENSG00000187091	155	283	188	264	275	257	137	145	155	153	146	154
ENSG00000187097	416	639	409	463	515	430	407	422	393	456	351	363
ENSG00000187098	34	53	48	89	107	84	28	31	25	26	23	22
ENSG00000187105	4	10	5	3	3	6	5	5	10	10	3	6
ENSG00000187109	23806	41094	30173	28637	30786	27188	26716	25208	23117	26984	26538	24098
ENSG00000187116	0	38	0	110	90	141	26	0	0	27	23	0
ENSG00000187118	364	639	394	347	410	343	428	436	370	461	414	322
ENSG00000187122	112	198	140	96	110	99	137	146	69	145	119	105
ENSG00000187134	26	53	85	22	22	29	54	82	39	66	60	37
ENSG00000187144	42	70	53	36	46	41	32	39	33	50	28	22
ENSG00000187147	2712	4238	3094	3084	3025	2780	2669	2368	2352	2594	2489	2389
ENSG00000187164	757	1136	846	1349	1451	1160	949	831	826	937	845	874
ENSG00000187166	0	0	0	1	0	3	0	0	0	0	0	0
ENSG00000187186	35	64	48	43	23	32	32	20	31	26	29	26
ENSG00000187187	435	733	495	489	532	489	490	559	513	654	580	475
ENSG00000187189	410	699	524	475	606	475	346	382	350	336	376	337
ENSG00000187193	710	1245	1024	1164	1281	1181	1232	990	958	1225	1006	850
ENSG00000187210	2229	3879	2873	3022	3125	3054	3105	3369	2850	3745	3201	2779
ENSG00000187231	1209	1915	1261	1028	964	795	1146	1190	997	1231	1164	1138
ENSG00000187239	6980	12307	8708	10310	11140	10061	8443	8074	7244	9146	7729	7380
ENSG00000187240	212	406	275	277	277	286	284	286	254	327	264	287
ENSG00000187244	56	113	70	84	108	88	97	99	116	115	95	97
ENSG00000187257	3343	5205	3751	3485	3907	3251	3229	3302	2967	3714	3312	3173
ENSG00000187258	3	0	0	2	2	2	1	1	0	0	2	2
ENSG00000187260	0	1	4	2	2	4	2	7	4	6	6	6
ENSG00000187266	443	914	708	550	555	505	506	547	381	635	529	479
ENSG00000187268	32	67	34	69	47	24	41	49	42	55	37	33
ENSG00000187288	2	3	3	3	2	0	7	4	1	2	2	2
ENSG00000187325	421	662	402	577	571	472	324	264	268	281	251	305
ENSG00000187372	29	26	15	27	40	35	24	23	33	27	41	32
ENSG00000187391	532	769	534	568	624	529	648	712	640	721	646	599
ENSG00000187398	6	4	9	14	11	3	10	11	5	15	10	10
ENSG00000187446	5253	8397	5857	6163	6470	5457	5524	5002	4817	5963	4976	5139
ENSG00000187474	2	0	0	0	1	3	2	0	0	0	3	0
ENSG00000187475	18	41	52	22	20	29	15	13	8	21	11	21
ENSG00000187479	28	40	23	18	22	26	9	20	9	20	19	9
ENSG00000187486	204	279	220	236	251	241	249	270	244	229	234	219
ENSG00000187492	215	381	221	331	255	287	363	393	323	381	300	271
ENSG00000187498	0	0	1	0	0	0	3	2	1	0	1	1
ENSG00000187510	1	0	1	1	0	1	2	0	0	0	0	0
ENSG00000187513	0	8	0	1	0	1	0	2	4	2	3	1
ENSG00000187514	39790	64994	48179	44716	46311	42090	39954	33912	30127	37670	34664	31268
ENSG00000187522	1385	2156	1659	1320	1496	1246	1348	1231	1101	1264	1300	1241
ENSG00000187531	1891	3091	2530	2294	2446	2251	2080	1987	1867	2126	2062	1856
ENSG00000187535	905	1539	1150	883	919	870	963	1031	861	1098	923	846
ENSG00000187546	0	2	2	3	0	3	5	1	2	1	0	5
ENSG00000187553	4	7	4	17	9	4	10	4	4	6	10	5
ENSG00000187554	37	77	48	107	83	108	111	117	88	78	79	67
ENSG00000187555	7778	12807	8870	8551	8846	7887	8088	7401	6739	8347	7233	7285
ENSG00000187556	0	1	0	0	0	1	2	2	0	1	0	2
ENSG00000187559	7	0	0	1	0	2	1	0	0	2	0	6
ENSG00000187566	0	0	3	0	0	1	1	0	0	0	4	1
ENSG00000187583	54	139	97	167	187	148	106	93	86	91	85	80
ENSG00000187595	42	111	68	86	70	62	76	101	70	99	87	86
ENSG00000187601	71	138	107	86	113	98	74	87	65	75	82	67
ENSG00000187605	5755	8830	6290	6068	6325	5447	6350	6016	5719	7069	5978	5919
ENSG00000187607	3213	4635	3198	2284	2330	2146	2592	2523	2143	2783	2319	2585
ENSG00000187608	244	400	345	338	358	326	222	232	206	227	244	165
ENSG00000187609	238	389	272	308	306	295	299	287	218	342	269	233
ENSG00000187616	0	2	0	2	0	2	0	1	0	0	1	0
ENSG00000187624	137	170	103	108	102	97	105	116	68	106	74	83
ENSG00000187626	481	817	596	601	655	629	563	582	525	648	543	546
ENSG00000187627	0	0	0	13	38	12	3	9	7	0	2	3
ENSG00000187630	261	436	393	340	317	319	244	193	198	217	253	183
ENSG00000187634	52	109	71	47	53	56	52	56	48	50	62	44
ENSG00000187642	3	1	4	5	10	2	2	4	1	4	0	2
ENSG00000187650	211	382	327	389	362	344	281	317	239	372	294	263
ENSG00000187664	1689	2680	1958	2317	2281	2088	2488	2612	2359	2538	2342	1978
ENSG00000187676	374	547	363	318	309	280	208	241	222	281	234	263
ENSG00000187678	52	101	78	68	70	37	43	41	40	47	52	43
ENSG00000187682	0	0	2	0	0	2	1	0	0	0	0	1
ENSG00000187688	2567	4244	3294	2918	3234	2957	2661	2560	2138	2946	2775	2496
ENSG00000187699	3	1	6	16	12	1	6	16	12	12	10	10
ENSG00000187713	1077	1554	1379	1115	1200	1080	995	1016	919	1012	983	968
ENSG00000187715	431	809	547	706	700	618	735	832	694	769	695	688
ENSG00000187720	12	22	13	2	7	6	8	9	2	10	4	12
ENSG00000187726	2	6	12	6	10	10	2	7	6	15	9	7
ENSG00000187730	92	161	115	95	88	84	109	129	123	154	120	102
ENSG00000187733	175	258	229	25	29	39	126	122	111	179	191	117
ENSG00000187735	11015	18642	13779	10914	12226	10630	9851	9861	8774	11165	11075	9136
ENSG00000187736	751	1142	840	809	940	765	713	712	614	729	684	657
ENSG00000187741	4185	6541	4884	3858	3951	3390	3832	3924	3200	4251	3744	3535
ENSG00000187742	2201	3648	2385	2756	2652	2410	2580	2518	2212	2499	2248	2351
ENSG00000187747	0	2	0	1	1	0	0	0	0	0	1	0
ENSG00000187753	1	0	2	2	4	1	2	5	1	2	4	5
ENSG00000187764	6043	10554	7369	8787	9510	8417	7074	6748	6190	7672	6760	6155
ENSG00000187773	151	290	241	453	477	377	372	242	274	338	289	229
ENSG00000187775	16	46	23	69	45	59	41	58	45	85	39	37
ENSG00000187778	2603	4023	3416	3049	3391	2747	2483	2440	2253	2722	2609	2490
ENSG00000187783	0	1	5	1	0	3	2	0	1	4	6	1
ENSG00000187790	1510	2195	1494	1468	1596	1237	1304	1397	1102	1437	1424	1294
ENSG00000187792	1092	1757	1262	1196	1241	1108	1334	1493	1233	1511	1345	1150
ENSG00000187796	3280	5101	4043	3481	3804	3214	3496	3261	2849	3354	3098	3282
ENSG00000187800	38	97	84	30	30	43	33	46	36	71	49	23
ENSG00000187801	195	315	207	294	238	265	221	177	152	216	181	197
ENSG00000187808	451	845	627	304	341	296	416	434	308	496	447	362
ENSG00000187815	376	630	425	384	480	398	341	309	305	350	317	312
ENSG00000187824	9	7	4	5	7	7	3	2	8	4	10	6
ENSG00000187837	10459	21496	17258	13418	14786	14209	11944	10923	9721	12673	11704	10210
ENSG00000187838	328	519	458	450	481	448	320	294	259	334	244	227
ENSG00000187840	2881	4781	3823	2968	2914	2484	2511	2129	1945	2580	2342	2314
ENSG00000187848	2	1	3	0	4	2	1	3	1	3	1	1
ENSG00000187857	8	16	6	24	10	14	8	7	17	14	5	6
ENSG00000187860	345	577	404	426	455	438	486	487	437	499	470	455
ENSG00000187866	811	1454	926	1041	1066	990	852	768	752	925	782	774
ENSG00000187871	14	30	26	20	25	8	15	34	25	22	12	24
ENSG00000187889	0	1	0	2	1	0	2	4	0	0	1	0
ENSG00000187902	1094	1869	1241	1539	1590	1481	1349	1349	1153	1450	1269	1119
ENSG00000187905	16	40	29	47	39	36	46	65	44	57	34	40
ENSG00000187912	0	0	1	1	3	13	1	5	5	5	5	0
ENSG00000187942	148	186	140	130	140	164	151	176	114	180	154	83
ENSG00000187950	5	2	2	2	2	1	0	1	2	3	3	0
ENSG00000187954	2750	4628	3774	3158	3301	3058	3140	3068	2709	3298	3002	2721
ENSG00000187955	26	52	60	10	22	23	22	25	11	38	27	21
ENSG00000187957	2	2	1	3	5	0	0	0	0	0	3	0
ENSG00000187959	1	0	0	0	0	0	0	1	0	2	0	1
ENSG00000187961	523	804	608	516	631	484	614	553	523	633	560	490
ENSG00000187980	74	164	100	79	76	100	173	202	157	247	190	156
ENSG00000187987	55	64	67	40	54	59	59	76	60	99	77	54
ENSG00000187994	1302	2450	2020	1855	1974	1931	1671	1634	1448	1852	1803	1417
ENSG00000187997	78	136	98	107	123	98	113	108	142	134	118	118
ENSG00000188000	41	97	64	82	61	72	81	87	63	78	69	76
ENSG00000188001	34	56	42	133	175	127	79	45	71	50	60	50
ENSG00000188010	91	132	126	40	65	58	90	70	59	90	84	63
ENSG00000188015	5	3	4	0	0	0	1	0	0	0	0	1
ENSG00000188021	1822	2887	2054	2687	2968	2417	1855	1745	1534	2033	1626	1656
ENSG00000188026	108	178	140	172	159	153	194	189	140	159	184	183
ENSG00000188032	0	2	0	0	1	1	0	0	2	1	0	0
ENSG00000188033	1430	2523	1850	2017	2061	1951	1778	1675	1519	1811	1517	1484
ENSG00000188037	1	4	4	1	1	0	3	6	3	3	3	2
ENSG00000188038	3	11	13	8	15	6	19	12	15	14	10	4
ENSG00000188039	15	29	30	31	31	22	28	29	24	41	25	31
ENSG00000188042	1432	2988	2093	3531	3841	3424	2149	1961	1860	2110	1994	1599
ENSG00000188051	91	189	140	128	112	129	111	159	94	133	153	124
ENSG00000188056	5	4	4	0	3	0	3	1	0	4	2	1
ENSG00000188060	33	56	47	41	57	48	57	64	62	68	58	63
ENSG00000188064	282	558	382	418	441	399	494	528	488	480	513	449
ENSG00000188070	847	1407	1006	1255	1317	1176	984	908	741	1004	798	884
ENSG00000188089	0	8	5	5	13	11	8	4	6	6	15	10
ENSG00000188092	473	840	508	521	678	450	504	624	479	582	433	542
ENSG00000188095	3	5	11	0	1	3	3	4	4	4	3	2
ENSG00000188107	150	215	78	227	206	188	168	253	203	236	214	180
ENSG00000188112	120	282	161	233	187	185	197	262	173	233	240	188
ENSG00000188124	2	6	0	0	1	0	1	0	4	1	1	1
ENSG00000188130	2573	4022	3250	2443	2403	2219	2337	2278	2049	2608	2388	2149
ENSG00000188133	5	5	2	2	3	2	7	6	9	1	5	4
ENSG00000188152	13	19	14	10	16	11	9	19	9	14	12	6
ENSG00000188157	7897	14732	12859	9276	10030	9952	10841	10999	9147	12316	11382	8831
ENSG00000188158	21	36	28	36	38	26	35	28	20	35	34	28
ENSG00000188163	0	6	7	4	7	4	4	4	8	4	5	4
ENSG00000188167	947	1471	1045	1063	1176	1086	1060	942	968	1103	922	1007
ENSG00000188171	26	35	22	48	28	38	37	36	32	40	19	23
ENSG00000188175	1	0	0	0	2	0	0	0	0	1	0	0
ENSG00000188176	15	22	17	37	30	22	20	14	14	17	20	11
ENSG00000188177	1252	2456	1555	1801	1880	1788	1439	1643	1220	1639	1390	1082
ENSG00000188186	1203	1895	1529	1144	1189	1105	1073	1062	879	1171	1134	1005
ENSG00000188191	617	1062	881	774	813	670	573	485	576	654	588	575
ENSG00000188199	41	54	27	40	47	65	34	59	45	35	33	32
ENSG00000188211	8247	12344	7872	5111	5259	4546	6243	6220	5293	7267	6171	6549
ENSG00000188215	1219	2221	1533	1170	1384	1236	1060	1197	906	1312	1071	1119
ENSG00000188223	9	18	12	17	27	14	3	3	3	3	11	3
ENSG00000188227	612	1027	672	850	790	737	832	950	854	907	811	793
ENSG00000188229	10169	15203	9706	10792	11285	9756	8985	7888	7168	8982	8243	8352
ENSG00000188234	281	462	271	432	467	434	458	408	316	441	317	387
ENSG00000188243	1184	1928	1493	1626	1742	1582	1441	1357	1105	1429	1338	1198
ENSG00000188263	3	3	1	0	0	0	0	4	1	0	2	2
ENSG00000188266	38	104	73	77	49	70	64	70	68	92	53	75
ENSG00000188277	41	82	67	58	65	57	43	51	70	40	52	40
ENSG00000188282	11	19	26	16	11	18	19	27	15	33	32	22
ENSG00000188283	1231	2223	1607	1544	1641	1537	1590	1641	1466	1722	1653	1530
ENSG00000188290	6	11	17	1	4	4	7	6	0	4	3	9
ENSG00000188295	452	755	483	570	502	520	477	484	441	518	462	462
ENSG00000188305	357	755	522	506	532	452	472	526	387	550	539	361
ENSG00000188306	8	15	1	7	3	0	2	4	1	3	2	4
ENSG00000188312	795	1066	839	844	857	652	757	785	692	772	725	684
ENSG00000188313	467	779	582	429	462	430	434	456	359	442	516	422
ENSG00000188315	531	874	627	830	782	760	519	513	434	557	448	500
ENSG00000188316	0	0	1	0	0	2	0	1	0	0	0	0
ENSG00000188321	943	1755	1228	1318	1361	1156	1214	1212	1144	1367	1209	1150
ENSG00000188322	19	25	33	46	31	33	16	24	17	19	14	29
ENSG00000188324	1	5	1	2	0	0	1	9	1	3	1	0
ENSG00000188342	883	1484	1071	951	980	898	818	785	685	873	815	790
ENSG00000188343	1632	2460	1729	1431	1465	1201	1352	1330	1215	1348	1261	1269
ENSG00000188352	3282	4819	3571	2998	3259	2747	2639	2536	2313	2732	2734	2615
ENSG00000188368	86	182	142	169	135	133	169	174	172	178	148	130
ENSG00000188372	65	114	76	53	58	59	77	51	55	66	58	55
ENSG00000188385	4	4	10	8	14	7	4	9	10	3	5	1
ENSG00000188389	1	3	5	2	0	0	0	0	2	5	3	2
ENSG00000188394	6	20	0	0	14	16	14	5	10	13	0	0
ENSG00000188396	16	21	29	13	12	8	18	12	6	15	13	9
ENSG00000188404	14	24	9	239	275	195	41	17	41	25	20	36
ENSG00000188419	1327	2169	1366	1390	1530	1290	1273	1344	1090	1314	1251	1117
ENSG00000188425	0	0	0	1	0	5	0	0	0	0	0	0
ENSG00000188428	1201	2105	1439	1174	1172	1099	1222	1205	996	1323	1161	1151
ENSG00000188452	47	63	59	57	74	49	55	51	35	43	36	35
ENSG00000188467	2	5	5	30	23	19	9	4	11	5	7	9
ENSG00000188483	269	476	395	238	226	269	289	371	230	294	271	188
ENSG00000188486	5356	9316	7123	7505	7699	6597	6051	5210	4967	6073	5344	5471
ENSG00000188487	0	6	3	0	1	3	5	0	0	5	1	3
ENSG00000188493	1273	2194	1653	1523	1609	1502	1485	1380	1267	1554	1477	1286
ENSG00000188501	9	8	9	4	10	8	4	8	8	1	9	11
ENSG00000188505	0	0	2	0	0	0	2	0	3	3	1	0
ENSG00000188517	0	1	0	2	1	7	1	1	1	2	4	0
ENSG00000188522	1238	1975	1518	1794	1708	1604	1347	1234	1125	1379	1190	1210
ENSG00000188523	0	0	0	1	0	0	0	0	6	0	0	0
ENSG00000188529	11658	18569	12600	12505	13372	11282	10561	10093	9250	10571	10188	9638
ENSG00000188536	0	2	1	2	0	1	0	2	0	0	0	1
ENSG00000188542	269	520	329	379	419	322	323	289	275	334	270	265
ENSG00000188549	173	224	153	214	218	176	160	203	148	182	174	123
ENSG00000188554	3252	5672	4207	3661	4036	3641	3551	3525	3092	4029	3628	3344
ENSG00000188558	264	401	20	293	276	252	347	452	324	424	350	285
ENSG00000188559	3060	5067	3492	3649	3852	3572	3725	3838	3274	4226	3581	3219
ENSG00000188566	1062	1407	1203	1235	1202	1039	837	771	811	872	816	808
ENSG00000188573	1	7	3	2	3	3	1	1	0	2	4	2
ENSG00000188596	648	1059	68	966	883	792	902	1173	962	1128	873	919
ENSG00000188603	1148	2114	1546	1677	1762	1599	1682	1774	1514	1956	1711	1346
ENSG00000188610	980	1556	1063	943	935	802	881	798	706	995	829	830
ENSG00000188611	1	2	1	3	0	0	0	1	4	1	0	0
ENSG00000188612	5875	9860	6890	6911	7094	6347	5885	5239	4897	5818	5355	5455
ENSG00000188613	412	751	607	366	390	387	411	394	382	424	392	326
ENSG00000188620	3523	6399	4776	5116	5482	4908	4140	3697	3232	4232	3514	3531
ENSG00000188626	3487	5910	4037	5077	5224	4534	4299	4403	3782	4518	3949	4176
ENSG00000188629	136	269	185	184	169	164	157	177	129	179	189	165
ENSG00000188636	2683	4143	3052	3338	3630	3237	2557	2412	2315	2826	2516	2349
ENSG00000188641	3324	5402	4083	3713	4049	3533	3470	3810	2951	3999	3628	3177
ENSG00000188647	4187	6705	4519	4872	4970	4457	4479	4934	4099	5125	4748	4524
ENSG00000188649	3	4	4	5	0	5	0	6	3	8	1	3
ENSG00000188659	7	3	6	1	3	1	2	1	0	1	2	2
ENSG00000188672	5	25	10	12	7	4	10	10	5	10	4	7
ENSG00000188674	1	0	0	4	2	1	4	1	0	4	0	3
ENSG00000188676	17	21	15	17	12	8	17	22	14	13	16	10
ENSG00000188677	2833	4550	3252	3308	3578	3132	2858	2885	2531	3231	2721	2612
ENSG00000188687	50	79	73	73	85	56	59	82	60	67	37	72
ENSG00000188690	1815	2766	2293	1956	2009	1780	1838	1697	1603	1868	1778	1752
ENSG00000188706	653	1196	833	682	655	600	667	622	563	694	688	691
ENSG00000188707	37	83	59	63	80	70	82	76	64	70	55	46
ENSG00000188710	1	12	9	9	6	10	5	5	3	11	9	5
ENSG00000188725	3165	5256	3885	3191	3767	3132	3003	2901	2509	3144	3093	2862
ENSG00000188732	679	1191	757	1002	950	771	993	1144	962	1096	969	969
ENSG00000188735	1686	2650	1971	1822	1895	1691	1838	1779	1659	1946	1714	1606
ENSG00000188738	1985	3240	169	2738	2609	2434	2479	3469	2645	3106	2659	2386
ENSG00000188739	1552	2670	1937	2103	2085	1961	2136	2173	1957	2191	2102	1911
ENSG00000188747	140	304	256	229	229	241	195	215	170	280	212	153
ENSG00000188760	86	184	128	94	102	98	84	100	57	124	100	83
ENSG00000188761	223	393	287	409	330	312	368	435	370	392	383	322
ENSG00000188763	24	33	30	41	26	22	21	29	9	17	8	17
ENSG00000188766	18	52	48	60	53	45	51	52	45	71	37	52
ENSG00000188771	1	1	0	2	0	0	0	1	0	0	0	3
ENSG00000188779	32	33	50	39	49	40	21	31	22	36	28	22
ENSG00000188783	4	5	5	2	1	0	5	3	6	4	5	5
ENSG00000188785	1081	2308	1533	1297	1378	1321	1600	1771	1413	1836	1625	1381
ENSG00000188786	2388	3840	2570	2332	2432	2214	2643	2454	2238	2755	2198	2400
ENSG00000188800	0	0	0	2	0	0	1	0	1	2	0	0
ENSG00000188807	1773	2621	2097	1548	1684	1486	1527	1480	1182	1569	1431	1418
ENSG00000188811	553	945	632	1000	1051	912	850	933	777	989	857	794
ENSG00000188816	1127	1898	1633	1710	1909	1585	1200	1025	1045	1222	1092	1076
ENSG00000188817	23	37	18	33	35	28	32	25	40	42	28	20
ENSG00000188818	256	345	256	265	233	222	254	281	269	310	245	269
ENSG00000188820	7	6	3	7	9	13	7	12	7	3	3	5
ENSG00000188822	367	613	406	676	685	554	619	711	595	686	539	585
ENSG00000188827	2055	3377	2367	2016	2100	1800	2442	2438	2163	2795	2397	2428
ENSG00000188833	3	4	8	5	4	8	6	5	2	9	0	1
ENSG00000188846	10656	17120	12246	11920	12305	11270	11331	10105	8543	11252	10033	9276
ENSG00000188848	36	44	55	83	89	49	43	36	51	37	33	26
ENSG00000188859	2	9	3	2	2	4	5	4	2	5	2	4
ENSG00000188869	9	12	1	18	14	13	4	21	10	19	5	7
ENSG00000188878	963	1490	1227	1048	1092	865	706	704	624	752	697	655
ENSG00000188886	4	4	11	5	4	1	3	7	5	3	6	3
ENSG00000188895	5789	8880	6590	5931	6333	5787	5194	5142	4579	5718	5292	4790
ENSG00000188897	61	124	90	67	77	75	94	98	83	108	81	89
ENSG00000188906	2	2	0	11	17	15	1	1	4	4	2	1
ENSG00000188910	4	4	0	3	3	0	5	3	4	2	0	3
ENSG00000188916	1	5	3	6	9	0	1	4	2	5	0	6
ENSG00000188917	1557	2518	1980	1776	1880	1732	1652	1732	1477	1771	1602	1501
ENSG00000188921	969	1756	1150	1878	1950	1823	1425	1323	1185	1523	1191	1110
ENSG00000188931	0	4	1	1	0	0	0	0	0	0	1	0
ENSG00000188938	1742	2963	2098	2067	2290	2034	1932	1943	1751	2057	1856	1727
ENSG00000188958	17	29	34	31	34	38	37	43	36	40	28	37
ENSG00000188959	1	0	1	0	1	0	0	0	0	0	2	2
ENSG00000188976	4993	7491	6036	4805	5149	4537	4556	4149	3811	4613	4232	4224
ENSG00000188981	18	41	27	48	55	42	27	28	38	32	24	46
ENSG00000188986	3272	4974	4154	3459	3640	3236	3264	3044	2745	3406	3140	2966
ENSG00000188993	0	0	0	1	2	0	0	0	0	1	0	0
ENSG00000188994	6880	13215	8307	7933	8163	7442	8146	9646	7672	9791	8497	6179
ENSG00000188996	13	25	14	21	19	21	21	11	18	10	8	12
ENSG00000188997	376	610	396	463	471	375	402	368	277	413	327	370
ENSG00000189001	1	3	2	2	1	3	2	3	2	2	3	3
ENSG00000189007	973	1497	968	884	992	774	836	817	699	860	706	778
ENSG00000189030	0	0	1	2	2	4	2	0	0	7	2	1
ENSG00000189042	440	676	487	527	486	477	440	490	462	528	438	478
ENSG00000189043	1756	3285	2185	2245	2436	2034	2111	1921	1685	1828	1788	1857
ENSG00000189045	22	26	12	13	13	20	24	24	11	14	21	10
ENSG00000189046	362	537	424	359	471	319	373	327	327	383	346	312
ENSG00000189050	1151	2055	1333	1238	1341	1181	945	1059	783	1033	1019	928
ENSG00000189051	26	65	41	42	39	38	62	52	45	56	55	59
ENSG00000189057	84	132	97	760	762	577	181	101	154	115	98	112
ENSG00000189058	1	2	12	4	1	1	3	3	1	4	4	3
ENSG00000189060	698	1794	1588	1150	1236	1251	1109	1256	940	1333	1200	913
ENSG00000189067	694	1207	830	643	748	728	742	855	592	876	774	652
ENSG00000189077	327	554	357	453	457	444	370	345	315	483	311	332
ENSG00000189079	8196	13114	8090	10880	11201	9760	8569	8177	7349	8992	7236	8106
ENSG00000189091	22835	34397	25724	21505	22930	20130	20614	18665	18067	21523	20642	19305
ENSG00000189114	741	1354	1015	908	845	816	813	763	761	952	930	716
ENSG00000189120	5	2	0	0	1	0	0	2	2	2	5	0
ENSG00000189129	0	3	2	5	1	5	1	2	2	1	4	2
ENSG00000189134	27	39	22	25	15	22	17	14	22	24	33	21
ENSG00000189143	3	9	3	4	4	7	1	7	6	7	4	5
ENSG00000189144	329	624	439	503	528	460	479	514	442	511	476	492
ENSG00000189152	81	126	65	133	129	125	114	100	88	111	102	123
ENSG00000189157	189	333	187	259	244	253	234	309	226	296	209	259
ENSG00000189159	2905	4707	3525	3347	3540	3169	3116	2628	2583	3071	2901	2765
ENSG00000189164	552	922	628	719	716	678	693	680	561	733	713	632
ENSG00000189167	9	11	4	2	5	4	4	4	2	6	9	8
ENSG00000189171	68	119	98	103	114	111	76	109	97	94	73	64
ENSG00000189180	1909	2992	2027	2215	2443	2067	2310	2207	1972	2235	2002	1939
ENSG00000189184	1	0	2	21	22	22	1	0	0	1	0	0
ENSG00000189190	55	82	59	61	63	73	89	92	60	72	81	66
ENSG00000189195	256	462	302	291	344	311	267	328	266	298	365	250
ENSG00000189221	18	20	12	16	21	9	23	13	9	8	19	20
ENSG00000189227	534	934	651	499	479	409	563	538	484	578	491	519
ENSG00000189233	66	133	97	113	103	95	116	152	128	147	114	112
ENSG00000189241	2369	3680	3012	3027	3181	2821	2156	2136	1744	2321	2058	2052
ENSG00000189266	7043	11954	8737	7642	8346	7091	6048	5951	5183	6438	6630	5973
ENSG00000189269	3	11	10	10	10	10	8	8	10	2	4	9
ENSG00000189283	3	8	7	3	4	4	11	12	8	14	5	5
ENSG00000189298	968	1592	1071	1242	1320	1200	1280	1462	1166	1523	1341	1213
ENSG00000189306	3715	5443	261	3702	3915	3464	2985	2669	2551	2993	2784	2940
ENSG00000189308	3130	4881	3297	3610	3647	3165	2839	2564	2512	2952	2648	2576
ENSG00000189319	4477	7097	5412	5061	5491	4865	4601	4351	3681	4753	4272	3851
ENSG00000189337	1553	2556	1788	1647	1726	1484	1711	1544	1429	1764	1461	1408
ENSG00000189339	2704	4678	3811	3821	4296	4010	3495	3352	3043	3821	3460	2878
ENSG00000189350	386	650	310	661	584	489	680	744	633	711	561	626
ENSG00000189362	1215	1676	1219	1307	1401	1226	991	964	884	1081	1072	958
ENSG00000189366	1	11	2	4	1	5	2	4	5	3	5	4
ENSG00000189367	0	0	37	48	32	38	35	27	43	31	30	39
ENSG00000189369	102	148	106	102	124	144	88	72	77	88	83	75
ENSG00000189375	16	22	31	9	12	17	15	21	16	22	18	23
ENSG00000189376	1340	2056	1650	1327	1490	1368	1263	1121	1018	1362	1337	1183
ENSG00000189401	50	87	54	62	63	59	76	66	78	72	62	78
ENSG00000189403	27389	42547	30729	27571	29930	24768	23450	21501	20054	22306	22057	22159
ENSG00000189409	9	22	7	9	13	29	9	12	5	14	13	8
ENSG00000189410	10	23	13	6	14	7	7	11	5	3	2	12
ENSG00000189420	248	406	285	179	226	199	253	247	218	234	253	181
ENSG00000189431	0	0	0	2	0	0	0	0	0	0	0	0
ENSG00000189433	0	0	0	1	1	0	0	0	2	0	0	0
ENSG00000196072	1080	1852	1470	1290	1531	1256	1155	1069	1036	1246	1119	982
ENSG00000196074	103	136	84	113	140	108	175	192	137	169	140	157
ENSG00000196081	1078	1713	1146	1197	1245	960	1237	1160	1030	1188	1090	1188
ENSG00000196083	10682	19308	12672	10391	11145	10462	11032	11960	9513	12730	11709	9876
ENSG00000196092	12	31	33	12	17	13	30	22	26	13	23	23
ENSG00000196101	34	52	33	78	95	108	0	48	22	54	35	0
ENSG00000196104	3	1	3	0	1	1	2	5	1	2	3	1
ENSG00000196109	13	30	18	23	21	30	32	45	23	39	35	28
ENSG00000196110	596	1102	789	751	774	718	816	893	743	886	908	715
ENSG00000196116	1415	2306	1636	1093	1200	1040	1578	1725	1354	1745	1779	1597
ENSG00000196118	643	1043	788	566	629	562	560	600	512	685	680	511
ENSG00000196119	123	184	134	166	151	135	154	222	183	212	213	179
ENSG00000196123	1285	2157	1635	1742	1677	1625	1151	1223	951	1174	1124	921
ENSG00000196126	224	344	354	1080	1054	978	542	406	408	479	386	384
ENSG00000196131	1	0	2	2	3	2	1	2	1	3	9	1
ENSG00000196132	0	0	0	0	0	2	0	0	0	5	2	2
ENSG00000196139	9	28	12	5	8	6	16	7	17	10	13	18
ENSG00000196141	363	610	433	644	731	635	445	421	360	437	441	356
ENSG00000196150	723	1075	813	818	953	908	888	873	809	1020	872	854
ENSG00000196151	647	1068	838	718	798	678	660	685	550	606	766	667
ENSG00000196152	155	242	185	180	217	174	224	196	154	182	151	172
ENSG00000196154	3257	5811	4710	4515	4941	4283	3934	3582	3159	4104	3689	3206
ENSG00000196155	1401	2454	1859	1575	1834	1685	1684	1715	1475	1971	1682	1550
ENSG00000196166	18	30	34	26	30	26	30	24	34	32	18	20
ENSG00000196169	4	5	9	4	5	8	6	4	3	6	3	0
ENSG00000196172	87	141	129	152	142	119	123	148	135	152	138	139
ENSG00000196177	1855	3083	1956	2113	2266	1981	2173	1988	1800	2171	1797	1750
ENSG00000196182	1161	2151	1732	1623	1852	1712	1391	1477	1278	1607	1551	1387
ENSG00000196184	44	48	40	39	32	35	41	50	30	47	44	37
ENSG00000196187	1160	2063	1434	1846	1884	1649	1597	1793	1476	1764	1480	1362
ENSG00000196188	3	5	3	3	1	3	0	2	0	2	0	1
ENSG00000196189	2457	4232	2865	2848	3032	2751	2755	2468	2300	2901	2444	2449
ENSG00000196199	1715	2868	2233	1637	1905	1625	1889	1873	1632	2010	1881	1633
ENSG00000196208	411	745	374	534	525	542	603	697	585	674	616	498
ENSG00000196209	559	822	563	500	471	429	646	849	523	926	721	644
ENSG00000196214	1924	3001	2084	2098	2214	2131	2100	2045	1801	2195	1893	1932
ENSG00000196218	1	0	5	1	1	3	5	4	4	3	3	4
ENSG00000196220	665	1221	799	888	928	962	1011	1139	938	1132	973	860
ENSG00000196227	1977	3086	2010	1993	2039	1838	1924	1820	1607	1968	1717	1783
ENSG00000196230	36097	59236	37295	41268	43602	37402	36183	32492	31040	38447	30393	32983
ENSG00000196233	5420	8934	5930	6580	6821	5929	5929	5898	5509	6696	5813	5587
ENSG00000196235	7051	11557	8847	8815	9267	8438	7298	7100	6627	8113	6980	6544
ENSG00000196236	3925	6464	4767	4346	4499	3940	4562	4628	4181	4930	4562	4358
ENSG00000196247	1125	2037	1346	1380	1444	1231	1623	1574	1425	1612	1391	1416
ENSG00000196262	33542	54963	42664	35852	39000	33811	32926	30512	27279	34414	32708	29967
ENSG00000196263	452	643	432	604	677	542	580	691	575	765	546	503
ENSG00000196267	269	558	393	529	609	458	396	410	369	439	414	333
ENSG00000196268	734	1214	815	1084	1137	1035	1121	1180	1039	1164	1052	993
ENSG00000196275	495	946	685	1039	999	930	925	1009	684	965	822	696
ENSG00000196277	52	96	62	55	91	67	64	105	65	105	92	83
ENSG00000196284	227	395	271	280	264	306	266	266	254	296	258	246
ENSG00000196290	1252	1902	1335	1221	1357	1096	1157	1125	1000	1152	1191	1036
ENSG00000196296	30	42	26	48	25	34	25	12	24	19	21	13
ENSG00000196305	19976	30564	22365	17190	18635	15222	16740	15181	14247	16893	15769	16930
ENSG00000196312	2624	3952	2407	3212	3253	2752	3049	3263	2893	3535	2689	2765
ENSG00000196313	5722	9321	6260	6497	6829	5938	5942	5362	4735	6158	5073	4927
ENSG00000196323	9214	14752	10544	12743	13984	12114	10713	10373	9673	11368	10736	9610
ENSG00000196329	182	358	231	161	188	196	192	194	187	235	191	184
ENSG00000196335	11	35	14	30	25	22	18	46	27	21	24	9
ENSG00000196337	1	3	0	2	0	2	1	2	1	2	0	1
ENSG00000196338	25	37	34	15	35	27	19	20	34	36	17	22
ENSG00000196345	82	131	99	113	111	98	142	109	126	114	104	124
ENSG00000196352	415	698	444	344	356	392	342	368	259	392	335	322
ENSG00000196357	219	389	261	235	244	212	284	287	239	296	255	256
ENSG00000196358	116	236	179	222	197	233	256	228	225	283	191	164
ENSG00000196361	6	6	2	5	3	7	3	3	3	7	4	3
ENSG00000196363	4351	6901	5445	4204	4615	4061	4074	3725	3413	4180	3990	3678
ENSG00000196365	8406	13962	11672	7960	8428	7981	8287	7675	7124	8649	8212	7467
ENSG00000196367	9226	14033	9708	11120	11860	10120	10423	9631	9067	11037	8984	9443
ENSG00000196369	2621	4583	3127	2844	2925	2849	2901	3202	2707	3519	2924	2563
ENSG00000196371	14233	22949	15752	16415	17016	15526	11689	11157	9805	11581	10608	10361
ENSG00000196372	572	833	620	470	484	413	457	485	414	512	512	451
ENSG00000196376	71	94	66	95	106	89	88	77	100	106	91	99
ENSG00000196378	245	373	311	277	283	309	293	350	284	350	311	306
ENSG00000196381	4	9	1	4	4	4	7	6	6	3	0	0
ENSG00000196387	613	1144	782	708	706	686	622	627	554	577	628	621
ENSG00000196388	6	24	2	8	4	6	3	5	9	6	5	1
ENSG00000196391	40	82	86	54	67	54	52	50	51	57	57	47
ENSG00000196396	2671	4367	3018	3021	3167	2766	2623	2490	2262	2940	2431	2405
ENSG00000196405	1465	2886	2026	1693	1740	1569	1933	1921	1746	2123	1910	1662
ENSG00000196408	10	10	13	8	12	5	6	7	9	12	5	6
ENSG00000196411	616	940	691	621	663	591	535	636	479	687	585	511
ENSG00000196415	3884	6365	4436	1667	1672	1116	2392	2948	1253	3668	2316	2451
ENSG00000196417	1465	2596	1773	1655	1705	1603	1816	1864	1745	1946	1795	1686
ENSG00000196418	2210	4075	2723	3312	3539	3091	2349	2190	2112	2295	2322	2104
ENSG00000196419	18244	28237	21377	18631	20522	17176	16467	14839	14024	16694	15169	15398
ENSG00000196420	3	0	2	1	1	2	0	4	2	5	1	4
ENSG00000196421	98	126	112	105	71	100	71	78	71	79	76	71
ENSG00000196422	636	1027	754	758	766	730	646	643	584	724	732	657
ENSG00000196428	1475	2497	1774	2016	2123	1844	1832	1804	1686	1980	1626	1654
ENSG00000196431	1	0	1	0	0	0	0	0	0	0	1	0
ENSG00000196433	0	0	3	3	1	3	3	1	2	1	0	2
ENSG00000196436	8	15	5	6	17	9	9	12	15	9	23	10
ENSG00000196437	801	1360	1040	923	984	924	892	849	807	875	824	756
ENSG00000196440	220	326	275	309	307	276	221	227	200	275	265	206
ENSG00000196449	1044	1596	1363	1130	1297	1090	977	880	884	961	1015	875
ENSG00000196453	754	1186	817	786	864	762	755	619	636	766	710	662
ENSG00000196455	2696	3955	2840	2546	2774	2260	2166	2143	1880	2335	2191	2129
ENSG00000196456	277	475	403	339	425	350	325	269	281	381	328	237
ENSG00000196458	1081	1755	1269	1453	1381	1204	1401	1450	1303	1550	1426	1389
ENSG00000196459	1228	2139	1529	1644	1606	1473	1614	1646	1408	1662	1501	1405
ENSG00000196460	1266	2419	1592	1739	1796	1656	1398	1606	1276	1609	1302	1266
ENSG00000196465	760	1349	1088	894	922	884	836	737	666	877	729	692
ENSG00000196466	431	800	538	533	547	520	562	550	443	626	480	449
ENSG00000196470	942	1492	1096	1074	1108	966	958	976	853	1045	1014	901
ENSG00000196476	241	424	302	311	363	299	298	236	219	271	230	233
ENSG00000196482	21	43	37	36	31	36	38	45	40	39	40	37
ENSG00000196497	3108	4693	3649	3135	3366	2667	2635	2261	2194	2618	2547	2506
ENSG00000196498	5221	9151	6841	7611	7931	7411	6911	6309	5615	7392	5989	5614
ENSG00000196502	494	915	739	763	948	825	780	851	697	938	760	680
ENSG00000196503	35	47	66	74	69	41	58	56	70	48	55	63
ENSG00000196504	9276	14502	10071	9439	10300	8329	8544	8176	7775	9070	8356	8256
ENSG00000196505	2583	4200	2566	3044	3257	2902	2757	2735	2415	3095	2549	2675
ENSG00000196510	3349	4802	3673	3555	3736	2982	3043	2675	2643	2917	2811	2904
ENSG00000196511	766	1108	743	1258	1329	1133	860	732	690	810	627	785
ENSG00000196517	113	169	99	94	91	85	58	34	54	27	35	57
ENSG00000196526	316	533	429	554	577	517	198	268	199	231	236	252
ENSG00000196531	11569	19819	13764	13289	14228	12510	12696	11937	10521	12614	11248	10739
ENSG00000196535	3365	6089	4629	3797	4008	3759	4040	4531	3530	4988	4376	3929
ENSG00000196544	575	881	743	590	560	503	507	512	394	505	567	410
ENSG00000196547	7031	11526	8071	7383	7789	6939	8220	8349	7208	9122	7602	7047
ENSG00000196550	903	1356	1011	811	895	715	831	811	711	832	775	777
ENSG00000196553	0	0	2	1	3	0	0	3	1	1	0	0
ENSG00000196562	131	348	241	562	558	665	489	395	401	502	312	264
ENSG00000196569	10	13	10	15	13	16	11	8	7	6	8	9
ENSG00000196576	15294	26117	20809	17136	18005	17016	16546	16579	14243	19107	17299	15347
ENSG00000196581	3	4	2	2	3	1	0	1	8	6	12	1
ENSG00000196584	1438	2184	1453	1358	1453	1212	1324	1474	1311	1494	1332	1339
ENSG00000196586	18	17	19	18	16	23	10	20	15	18	27	21
ENSG00000196588	4259	7021	5552	4627	4904	4429	4683	4335	3935	5182	4489	4057
ENSG00000196591	8397	13216	9415	8333	8765	7466	7613	7182	6648	7644	7718	7213
ENSG00000196597	317	456	243	370	350	333	378	379	347	381	315	427
ENSG00000196600	10	17	10	24	13	19	11	12	15	13	14	22
ENSG00000196605	209	392	276	272	305	254	327	351	300	410	344	269
ENSG00000196611	0	0	1	0	0	3	2	0	0	0	0	0
ENSG00000196616	17	17	12	8	23	7	19	11	28	12	14	17
ENSG00000196620	6	2	0	0	10	0	0	0	0	0	0	0
ENSG00000196628	3965	6888	4572	4337	4785	4006	4651	4428	4212	5119	4284	4292
ENSG00000196632	23	38	31	57	49	43	41	37	48	52	34	46
ENSG00000196636	803	1254	721	667	740	614	623	590	548	622	589	574
ENSG00000196639	117	202	121	161	176	139	107	129	92	121	108	94
ENSG00000196642	6104	9331	7135	6232	6621	5624	5434	4918	4649	5575	4705	5031
ENSG00000196646	721	1309	828	966	925	879	926	1019	897	1084	975	796
ENSG00000196652	1138	1843	1287	1173	1322	1150	1031	1077	920	1209	1075	1051
ENSG00000196653	53	143	63	69	88	71	100	103	88	102	106	66
ENSG00000196655	1014	1645	1222	1220	1240	1114	1045	1091	953	1105	1108	1030
ENSG00000196659	445	710	512	466	533	451	389	388	347	396	414	331
ENSG00000196663	710	1127	861	897	901	875	714	606	622	724	702	597
ENSG00000196664	190	351	206	282	283	277	276	265	268	278	248	252
ENSG00000196666	16	29	13	14	15	8	14	13	16	16	13	20
ENSG00000196670	897	1366	909	1015	987	908	1001	917	823	1083	954	886
ENSG00000196678	2119	3558	2284	2077	2244	1823	2164	2214	1975	2428	2154	2108
ENSG00000196683	541	1038	951	711	761	707	757	646	611	782	703	468
ENSG00000196684	284	529	393	693	667	675	776	648	697	691	587	463
ENSG00000196689	298	516	401	487	432	427	576	707	519	690	611	495
ENSG00000196693	663	1086	687	848	953	868	740	725	650	744	669	670
ENSG00000196700	1268	2251	1712	1339	1396	1246	1427	1411	1253	1646	1417	1242
ENSG00000196704	1266	2241	1634	1441	1487	1404	1535	1495	1335	1676	1613	1368
ENSG00000196705	3614	6180	4246	5175	5242	4654	5057	5018	4782	5482	4877	4573
ENSG00000196711	0	7	3	0	2	1	0	1	3	1	1	0
ENSG00000196712	7696	12638	8372	9199	9984	8511	8127	8402	7335	9098	7723	7393
ENSG00000196715	3971	5845	4172	3702	3930	3323	3500	3300	2974	3746	3362	3364
ENSG00000196724	11	27	15	15	12	25	19	25	23	24	29	17
ENSG00000196730	33	57	58	81	100	79	75	75	68	78	76	55
ENSG00000196735	6	5	8	59	81	50	18	13	13	19	13	14
ENSG00000196739	1487	2490	1791	1830	1895	1729	1612	1686	1279	1758	1452	1366
ENSG00000196743	2633	4937	3569	3584	4041	3791	3911	3973	3357	4572	4044	3110
ENSG00000196747	6306	14659	10692	9670	9884	8763	7932	7336	7414	8436	8023	7600
ENSG00000196754	3	7	5	2	2	4	1	8	0	2	5	0
ENSG00000196757	1652	2792	1905	2010	1955	1762	2050	2508	1973	2522	2299	1967
ENSG00000196776	4142	6950	4776	5931	6256	5739	4926	5211	4552	5778	5274	4543
ENSG00000196778	27	60	30	55	44	44	36	72	34	49	38	32
ENSG00000196781	1215	1909	1481	1015	1152	970	1146	1111	1007	1198	1185	1071
ENSG00000196782	476	838	589	926	954	812	693	674	597	734	575	569
ENSG00000196787	8178	20930	16540	12618	13834	12695	12380	11836	10750	13860	12745	11637
ENSG00000196792	1485	2609	1816	1732	1897	1713	1463	1654	1360	1670	1527	1313
ENSG00000196793	46	57	36	45	31	47	55	40	35	43	36	53
ENSG00000196811	18	36	20	13	22	22	25	19	18	12	24	12
ENSG00000196812	101	125	83	143	157	131	90	66	73	93	74	67
ENSG00000196814	2020	3515	2505	2119	2250	1989	2341	2092	1994	2398	2183	1898
ENSG00000196821	4511	6962	5308	4001	4205	3702	3869	3812	3265	4196	3702	3662
ENSG00000196826	15	20	14	0	24	42	0	25	16	24	0	18
ENSG00000196832	68	160	79	98	106	102	121	114	109	107	118	102
ENSG00000196834	0	0	3	0	1	0	1	0	0	2	2	0
ENSG00000196839	1178	2099	1398	1549	1762	1624	1440	1387	1298	1663	1402	1161
ENSG00000196843	1271	2305	1890	1224	1265	1111	1283	1282	1118	1591	1313	1114
ENSG00000196844	0	3	2	9	8	12	8	2	4	5	3	0
ENSG00000196850	2655	4275	3044	3048	3390	2854	2352	2260	2023	2351	2251	2252
ENSG00000196860	2	0	3	0	2	1	3	0	0	2	0	1
ENSG00000196865	2763	4409	2914	2823	3126	2634	2787	3037	2601	3512	2924	2793
ENSG00000196866	218	395	302	201	215	219	296	175	138	164	165	170
ENSG00000196867	365	669	459	392	429	368	489	536	379	565	525	431
ENSG00000196873	1164	1837	1323	1097	1171	997	1354	1568	1330	1665	1462	1389
ENSG00000196876	1	1	0	6	7	3	2	4	3	1	0	0
ENSG00000196878	217	369	294	214	192	199	189	219	146	240	226	201
ENSG00000196890	699	1328	1012	955	904	899	804	686	659	808	692	691
ENSG00000196911	1887	3230	617	2769	2493	2215	2522	3023	2477	3061	2389	2466
ENSG00000196912	1566	2302	1615	1363	1399	1248	1792	1929	1664	2176	1914	1636
ENSG00000196914	2646	4534	3234	4426	4750	4244	3175	3050	2915	3308	3136	2736
ENSG00000196917	106	164	119	180	156	103	140	176	141	145	150	164
ENSG00000196923	1224	2220	1672	1271	1340	1278	1474	1461	1226	1518	1350	1242
ENSG00000196924	95064	168476	129986	123431	132674	126188	104369	107443	90081	121398	107676	94947
ENSG00000196935	138	255	171	232	204	184	208	275	231	269	251	227
ENSG00000196937	956	1499	1111	1037	1178	963	678	694	632	721	711	735
ENSG00000196943	3133	4603	3838	3695	4063	3467	3145	2794	2733	3171	2891	2805
ENSG00000196950	5240	8145	5119	6461	6685	5849	5312	4982	4828	5564	4804	5005
ENSG00000196954	1059	1870	1139	1377	1314	1106	1144	1156	993	1305	1078	1115
ENSG00000196961	7304	12146	9268	8576	9136	8221	7987	7703	6855	8703	7599	7065
ENSG00000196967	837	1566	1006	1125	1171	1036	1240	1295	1029	1286	1164	1006
ENSG00000196968	1014	1926	1442	1170	1152	1091	1207	1413	1053	1583	1329	902
ENSG00000196972	21	54	33	15	23	22	15	28	13	13	17	13
ENSG00000196975	1020	1797	1185	1124	1302	1136	1158	1170	1068	1358	1107	1072
ENSG00000196976	594	994	873	660	711	585	515	489	471	586	619	570
ENSG00000196981	450	790	584	593	586	560	565	516	454	585	531	507
ENSG00000196993	612	1017	691	873	847	751	1021	1548	1046	1301	1132	968
ENSG00000196998	788	1186	883	864	903	812	742	738	622	795	733	624
ENSG00000197006	1595	2672	1858	2320	2502	2347	1665	1433	1500	1768	1598	1478
ENSG00000197008	310	616	429	421	476	394	442	477	394	490	443	402
ENSG00000197013	550	1131	748	705	777	760	670	782	620	787	743	618
ENSG00000197016	155	358	208	251	263	233	269	337	225	314	261	230
ENSG00000197019	257	432	438	415	470	447	242	245	205	275	274	233
ENSG00000197020	2062	3710	2169	2676	2899	2796	2520	2284	2030	2624	2166	2244
ENSG00000197021	556	810	711	564	618	543	513	451	442	529	485	462
ENSG00000197024	1981	2906	2016	2155	2153	1904	1732	1514	1433	1775	1593	1714
ENSG00000197037	1052	1774	1205	1190	1314	1150	1071	1045	1048	1194	1086	972
ENSG00000197043	5870	10180	7724	5476	5659	5329	5775	6321	4932	7369	6685	5667
ENSG00000197045	3939	6335	4348	4495	5127	4413	3520	3509	3013	3598	3537	3422
ENSG00000197046	12	38	16	30	49	32	28	22	18	23	31	11
ENSG00000197050	481	856	621	642	737	639	718	665	547	683	721	657
ENSG00000197054	87	150	115	168	178	182	118	160	158	186	124	123
ENSG00000197056	1161	1730	1282	1186	1323	1149	1159	1248	1188	1348	1276	1196
ENSG00000197061	4254	13507	9322	9102	9664	8117	8491	7372	6917	8378	8487	7946
ENSG00000197062	605	1116	697	639	722	577	667	762	569	790	712	597
ENSG00000197063	5719	9684	7447	6164	6596	6159	6075	6308	5243	6607	6340	5838
ENSG00000197070	1548	2228	1800	1509	1427	1317	1369	1418	1150	1510	1313	1264
ENSG00000197077	10	46	30	36	41	35	38	39	27	30	39	47
ENSG00000197081	15444	25712	19071	20206	21935	19855	17589	17045	15389	19416	17186	16042
ENSG00000197093	37	73	54	89	105	68	53	70	72	86	63	56
ENSG00000197102	20404	32063	23768	26068	27472	23730	22671	21704	19700	24501	21942	21535
ENSG00000197111	21255	36254	22515	26418	28003	24909	23522	21250	19653	24818	19065	20340
ENSG00000197114	664	1067	874	968	888	768	695	728	664	799	696	658
ENSG00000197119	1109	1856	1409	1409	1449	1380	1269	1282	1149	1448	1226	1071
ENSG00000197121	108	211	147	121	97	76	101	122	77	134	134	100
ENSG00000197122	509	1022	759	817	884	837	715	835	599	855	740	629
ENSG00000197124	0	5	4	4	4	6	9	10	7	13	6	8
ENSG00000197128	876	1515	1102	1061	1222	1076	1120	1111	937	1123	1061	917
ENSG00000197134	85	138	90	96	83	76	86	102	82	118	77	94
ENSG00000197136	3811	5669	4616	5196	5347	4452	3624	3178	3199	3749	3320	3391
ENSG00000197140	817	1458	685	1299	1097	1131	1059	1519	1279	1420	1161	1150
ENSG00000197142	985	1493	1119	768	853	751	791	801	746	896	862	815
ENSG00000197147	1791	2958	1817	1869	1829	1644	1520	1674	1438	1815	1453	1616
ENSG00000197150	1386	2007	1504	1539	1676	1366	1219	1111	1031	1302	1112	1141
ENSG00000197153	421	1364	948	914	1010	855	817	693	655	822	820	800
ENSG00000197157	14130	22754	16966	15433	16298	15180	12321	12203	10459	14005	12524	11493
ENSG00000197162	472	818	551	577	632	603	609	555	495	688	585	517
ENSG00000197165	15	51	32	40	48	31	27	45	24	44	18	29
ENSG00000197168	22	21	16	29	18	29	23	37	27	32	23	19
ENSG00000197170	5144	7963	5222	4963	5390	4523	4411	4375	4039	4728	4374	4497
ENSG00000197181	109	227	210	157	123	153	185	240	177	224	223	181
ENSG00000197183	1435	2487	1691	1022	1107	1058	1684	1728	1321	1856	1642	1515
ENSG00000197191	7	27	17	22	28	15	27	23	13	24	12	12
ENSG00000197208	236	403	268	229	211	182	202	186	153	183	205	160
ENSG00000197213	1	7	3	10	0	3	4	5	1	2	3	0
ENSG00000197217	2928	4821	3339	4124	4266	3697	3341	3067	2955	3458	3002	2992
ENSG00000197223	985	1558	1114	972	1202	1020	748	800	654	891	923	808
ENSG00000197226	8527	13678	10471	10001	10351	9589	8798	8611	7669	9918	8498	8229
ENSG00000197238	3940	13694	9752	10297	10601	9329	9324	7281	6830	8847	9416	7785
ENSG00000197245	204	347	135	179	212	196	276	307	246	251	211	208
ENSG00000197249	62	151	128	33	110	48	129	135	127	150	161	63
ENSG00000197253	45	187	186	123	134	102	135	170	94	169	183	82
ENSG00000197256	1250	2227	1588	1960	2148	2040	1671	1509	1374	1706	1626	1400
ENSG00000197261	55	128	55	99	97	92	100	109	117	106	120	103
ENSG00000197265	847	1315	986	1255	1395	1168	960	973	832	1002	872	878
ENSG00000197272	0	0	5	2	2	1	3	1	0	1	0	0
ENSG00000197275	1024	1762	1156	1048	1016	877	842	932	807	874	732	824
ENSG00000197279	39	63	66	38	49	38	27	50	31	33	42	37
ENSG00000197283	719	1296	717	605	547	602	698	575	635	721	667	676
ENSG00000197296	557	922	753	810	783	680	721	806	679	793	744	696
ENSG00000197299	5061	7767	5336	4393	4808	3849	4866	4719	4276	5221	4848	4711
ENSG00000197302	542	1006	598	811	808	701	558	605	523	709	619	687
ENSG00000197312	3819	5640	4123	6137	6513	5447	3778	3367	3409	3955	3410	3607
ENSG00000197321	603	1066	752	930	909	873	730	742	571	823	640	618
ENSG00000197323	4808	7710	4818	5227	5631	4959	4504	4302	3947	4889	3964	4151
ENSG00000197324	1265	2383	1877	1786	1816	1640	1384	1371	1077	1474	1299	1202
ENSG00000197329	165	278	223	160	188	170	165	143	102	149	163	123
ENSG00000197343	2725	4720	3057	3911	4055	3625	3205	3236	2911	3349	2983	2773
ENSG00000197345	582	967	689	640	671	635	542	528	410	581	500	481
ENSG00000197355	693	1228	1004	599	724	595	870	982	674	1006	986	725
ENSG00000197361	25	36	39	30	15	26	29	27	20	12	20	21
ENSG00000197362	149	263	185	252	249	207	167	158	173	160	129	145
ENSG00000197363	187	316	241	220	208	238	199	216	196	235	175	199
ENSG00000197372	1070	1811	1351	1394	1507	1291	1252	1221	1202	1325	1281	1215
ENSG00000197375	235	374	253	222	229	191	210	253	208	325	245	288
ENSG00000197380	580	1468	1257	1176	1290	1401	1084	1317	911	1299	1293	747
ENSG00000197381	2090	3442	2466	1280	1333	1227	1791	2158	1529	2161	2025	1764
ENSG00000197386	7127	11247	7986	14346	15385	13675	9097	8500	7979	9455	8114	7955
ENSG00000197405	19	28	22	20	15	28	23	24	27	36	22	33
ENSG00000197408	1	5	1	2	2	1	5	5	4	10	3	3
ENSG00000197409	2734	4460	4432	2908	3190	3087	2322	2594	2083	2691	3091	2124
ENSG00000197417	828	1695	1181	1078	1103	1082	1089	1065	952	1214	1081	917
ENSG00000197429	123	196	194	150	141	129	145	135	123	153	154	112
ENSG00000197442	873	1350	928	836	913	810	791	813	713	902	879	813
ENSG00000197444	57	54	59	27	33	31	35	31	31	48	59	34
ENSG00000197446	10	8	6	11	5	11	8	8	5	9	9	3
ENSG00000197448	2661	4333	3146	2831	2946	2554	2572	2482	2018	2683	2394	2403
ENSG00000197451	8968	12693	9302	9125	9455	7465	7576	6116	6052	6644	5909	6909
ENSG00000197457	1165	2093	1665	1447	1550	1428	1529	1354	1166	1541	1312	1191
ENSG00000197461	923	1593	1296	768	775	751	766	678	621	656	668	715
ENSG00000197471	40340	66886	53586	36472	39109	35113	40117	40566	33214	45424	43582	39503
ENSG00000197472	27	50	21	42	35	25	47	36	26	29	25	20
ENSG00000197479	3	8	9	13	8	7	5	9	4	9	3	2
ENSG00000197483	661	1166	941	831	829	692	693	616	544	627	609	545
ENSG00000197496	23	37	15	21	12	14	23	23	12	19	25	15
ENSG00000197497	810	1316	867	988	1036	987	1153	1289	1165	1233	1158	1061
ENSG00000197498	2101	3406	2617	2025	2190	1876	1777	1678	1665	1960	1811	1793
ENSG00000197506	999	1670	1019	501	576	458	939	1098	746	1194	929	865
ENSG00000197520	1	4	2	1	0	1	4	0	1	2	1	0
ENSG00000197530	1759	2932	2545	2085	2027	2008	2284	2312	1946	2627	2381	2014
ENSG00000197532	48	66	33	77	60	44	64	106	68	71	74	58
ENSG00000197535	3894	6933	4552	4830	5169	4717	4708	4663	3984	5105	4397	4078
ENSG00000197540	2	6	1	2	1	5	3	3	3	0	3	4
ENSG00000197548	2116	3662	2754	2333	2403	2216	2294	2426	2018	2494	2387	2133
ENSG00000197555	251	348	281	328	324	260	204	170	164	238	174	166
ENSG00000197557	217	464	273	260	254	278	188	229	149	254	197	157
ENSG00000197561	4675	5869	3614	1747	1522	1648	2934	2225	2002	4643	4528	3138
ENSG00000197562	1292	2076	1623	1161	1215	1170	1331	1408	1194	1625	1327	1161
ENSG00000197563	6510	10421	4383	7946	7821	6826	7629	9339	7475	8939	7257	7299
ENSG00000197566	402	774	551	448	448	405	448	526	442	511	473	386
ENSG00000197568	46	69	71	245	207	213	74	65	65	99	66	69
ENSG00000197576	3	6	1	4	10	6	3	4	4	0	3	5
ENSG00000197579	1668	2707	1832	1590	1610	1530	1542	1462	1227	1559	1473	1399
ENSG00000197580	49	76	63	80	86	68	84	86	82	72	69	70
ENSG00000197586	1386	2196	1669	1406	1462	1287	1284	1224	1108	1421	1299	1166
ENSG00000197587	10	14	7	1	1	3	12	8	6	12	2	7
ENSG00000197594	23	40	19	75	66	77	30	30	31	40	28	38
ENSG00000197599	52	55	49	34	66	44	61	70	70	73	58	70
ENSG00000197601	5888	9142	6368	5001	5260	4754	5033	5130	4511	5504	5386	5021
ENSG00000197603	946	1448	959	1191	1195	1030	999	1051	920	1115	937	1014
ENSG00000197608	77	137	102	109	112	96	129	141	124	152	111	98
ENSG00000197614	151	283	209	238	223	214	258	290	241	240	258	239
ENSG00000197616	46	63	41	27	35	43	33	33	46	41	49	52
ENSG00000197619	453	956	688	558	638	603	626	625	515	685	601	535
ENSG00000197620	597	1070	744	700	691	656	543	541	501	631	552	507
ENSG00000197622	6379	10529	7782	7004	7288	6350	6710	6399	5606	7104	6195	5984
ENSG00000197629	1522	2869	1936	6277	6579	6244	3792	2849	3420	3260	2612	2718
ENSG00000197632	22	24	25	104	109	106	73	57	54	73	53	53
ENSG00000197635	140	227	159	292	294	246	173	169	142	178	166	162
ENSG00000197646	3	4	4	6	0	1	1	3	2	6	4	1
ENSG00000197647	3	6	6	5	5	2	8	7	3	5	10	4
ENSG00000197653	12	26	9	20	16	12	8	16	18	13	20	8
ENSG00000197694	2814	4546	3408	4053	4200	3942	2992	3015	2662	3370	3048	2922
ENSG00000197696	173	250	246	220	161	150	198	147	138	212	176	159
ENSG00000197702	24	51	21	24	47	34	37	36	20	38	27	31
ENSG00000197712	233	477	326	368	333	330	323	380	287	392	386	278
ENSG00000197713	3443	5296	3721	3387	3770	3114	3112	3191	2764	3274	2961	3044
ENSG00000197714	4405	7017	4681	5186	5461	4728	4888	4585	4179	5019	4347	4630
ENSG00000197724	2344	3683	2560	2570	2760	2451	2363	2203	1967	2480	2040	1999
ENSG00000197728	2533	4453	3311	3221	3712	3112	2849	2666	2445	3036	3188	2662
ENSG00000197734	3	4	3	8	8	5	4	4	1	3	6	3
ENSG00000197746	3043	5688	4764	5463	5861	5627	4122	4429	3675	5212	4774	3459
ENSG00000197747	1466	2961	1983	1726	2029	2011	1634	1770	1340	2056	1688	1440
ENSG00000197748	1	1	4	0	8	1	2	3	0	2	2	1
ENSG00000197753	76	123	75	55	60	40	52	42	31	63	48	56
ENSG00000197756	8712	15563	12402	11280	11482	10730	10908	9922	8891	11123	11016	8798
ENSG00000197757	46	80	36	55	71	61	63	43	40	43	34	33
ENSG00000197763	0	2	1	1	0	0	0	2	1	0	0	2
ENSG00000197766	7039	11743	10986	4029	4160	4066	5064	6702	4836	7715	7109	6026
ENSG00000197768	3	2	1	1	2	3	1	1	1	3	2	1
ENSG00000197769	318	483	421	487	505	465	502	528	511	573	500	455
ENSG00000197771	14251	22626	16230	16103	17845	15085	14190	13417	12758	14999	14211	12961
ENSG00000197774	1854	2939	2328	2120	2050	1964	1667	1735	1503	1823	1486	1458
ENSG00000197776	105	204	128	198	146	159	211	188	167	181	173	152
ENSG00000197779	648	1122	748	869	912	799	724	729	637	759	640	660
ENSG00000197780	585	941	765	719	841	732	604	507	462	543	570	539
ENSG00000197782	1873	3330	2081	2276	2459	2122	2236	2586	2195	2782	2348	2282
ENSG00000197785	2756	3732	3255	2442	2669	2204	1983	1773	1652	1907	1782	1963
ENSG00000197798	418	578	403	425	487	451	312	227	231	296	303	315
ENSG00000197808	373	701	466	535	500	485	495	556	517	561	597	467
ENSG00000197816	311	581	256	379	351	382	422	466	410	493	427	363
ENSG00000197818	1295	2202	1656	1506	1513	1326	1350	1324	1176	1665	1240	1165
ENSG00000197822	208	336	231	269	238	233	277	308	235	310	318	234
ENSG00000197826	2	5	2	0	0	0	0	7	1	2	0	0
ENSG00000197837	739	1549	1114	1438	1422	1381	923	860	789	1090	869	841
ENSG00000197838	0	0	0	1	0	1	1	0	0	0	0	0
ENSG00000197841	402	765	573	449	470	449	454	494	409	495	470	353
ENSG00000197852	96	280	144	113	132	131	117	129	90	136	145	97
ENSG00000197857	218	380	224	305	294	291	344	353	300	346	314	284
ENSG00000197858	6775	10622	9134	7455	8078	7271	5627	5262	4973	6028	5949	5063
ENSG00000197859	490	838	762	711	817	710	627	573	577	692	694	542
ENSG00000197860	651	1193	877	667	723	636	766	793	639	792	837	750
ENSG00000197863	372	753	530	530	530	505	555	511	491	554	491	405
ENSG00000197872	1030	1817	1382	1693	1764	1664	1598	1704	1318	1698	1498	1234
ENSG00000197879	2625	4383	3378	4428	4609	4103	2911	2776	2303	2989	2583	2508
ENSG00000197885	105	161	139	125	142	114	107	100	72	115	98	88
ENSG00000197888	11	31	16	39	44	36	22	14	22	17	33	20
ENSG00000197889	9	4	10	5	6	7	9	9	15	11	13	15
ENSG00000197892	1443	2314	1747	2655	2960	2612	1580	1441	1398	1681	1525	1427
ENSG00000197894	3087	5108	3816	3368	3642	3186	3212	3060	2695	3273	3262	2784
ENSG00000197903	1455	2497	2261	1369	1503	1468	1478	1219	1118	1291	1399	1245
ENSG00000197905	25	38	32	20	18	33	20	16	16	18	19	16
ENSG00000197912	4780	7668	5888	6460	6611	5908	6214	6487	5801	6857	6113	5501
ENSG00000197915	2	12	5	12	18	13	9	6	9	9	6	2
ENSG00000197928	180	366	213	215	249	186	303	264	269	271	281	205
ENSG00000197930	6178	11093	7804	8171	9106	8470	6632	7100	5699	7609	6978	5630
ENSG00000197933	31	40	16	19	24	18	15	28	25	22	30	13
ENSG00000197937	358	726	424	634	539	563	587	631	556	609	516	551
ENSG00000197943	37667	100533	72774	70473	75304	63162	74988	70462	57172	80536	81375	58430
ENSG00000197948	1201	2257	1726	1307	1423	1457	1406	1552	1193	1643	1425	1269
ENSG00000197951	335	608	479	453	463	403	387	364	354	393	342	312
ENSG00000197956	1078	2106	1663	1256	1457	1376	1355	1409	1010	1477	1329	957
ENSG00000197958	11681	20334	12854	15050	14951	13588	14009	12338	11094	14131	13972	12027
ENSG00000197959	40	76	30	50	56	52	29	45	31	40	26	20
ENSG00000197961	8221	13253	8917	8731	9229	7999	9241	8890	8110	9547	8202	8803
ENSG00000197965	3135	4631	3137	5427	5778	4766	3106	2852	2694	3361	2818	3016
ENSG00000197969	5483	8164	5417	4578	4939	4142	4316	4521	3999	4750	4528	4410
ENSG00000197971	6156	10981	7697	7087	7809	7158	6656	6943	5623	7307	6328	5799
ENSG00000197976	2521	4246	3436	3169	3289	3010	2695	2831	2352	3212	2719	2528
ENSG00000197977	5	1	1	0	0	0	2	0	1	0	0	1
ENSG00000197978	194	438	276	314	308	350	307	326	268	336	295	282
ENSG00000197980	44	70	46	61	38	64	34	40	39	24	46	23
ENSG00000197982	225	347	331	325	341	287	240	180	173	238	176	187
ENSG00000197993	2	6	1	0	6	6	4	1	3	7	1	2
ENSG00000198000	3036	4831	3272	3128	3309	2715	3003	2709	2468	2978	2755	2766
ENSG00000198001	2485	4126	3017	2887	3201	2788	2726	2724	2335	2872	2841	2594
ENSG00000198003	11	24	9	14	5	20	21	19	18	22	18	13
ENSG00000198015	6625	10384	6975	7144	7427	6132	6803	6583	6014	7065	6337	6603
ENSG00000198018	1445	2171	1470	2115	2328	2015	1559	1442	1472	1538	1419	1529
ENSG00000198019	533	1171	900	336	324	383	557	747	456	750	613	588
ENSG00000198026	1764	2802	2062	2167	2279	1925	1588	1547	1426	1923	1483	1612
ENSG00000198034	25436	45708	35641	32266	35463	31851	28325	26906	23812	30346	28452	24743
ENSG00000198039	740	1299	728	868	893	763	838	836	823	940	791	797
ENSG00000198040	1849	3334	2271	2443	2572	2357	2850	2721	2663	2958	2757	2442
ENSG00000198042	4842	7098	4763	4501	4827	4068	4256	3754	3533	4051	3833	4189
ENSG00000198046	2	12	4	11	2	3	2	6	1	5	0	3
ENSG00000198049	1	1	3	0	0	1	1	1	0	2	1	2
ENSG00000198053	4979	8055	6307	5971	6363	5856	5591	5206	4774	6125	5210	4704
ENSG00000198055	3563	5425	4341	3630	3934	3431	3483	3237	2939	3887	3721	3238
ENSG00000198056	2699	4423	2873	2606	2806	2297	2621	2530	2195	2871	2457	2403
ENSG00000198060	1653	2867	1989	2064	2339	1981	1612	1569	1369	1714	1523	1513
ENSG00000198064	181	380	245	321	301	304	326	385	370	381	362	273
ENSG00000198075	5	0	10	1	2	1	4	7	4	4	1	2
ENSG00000198081	1106	1718	1260	1203	1423	1147	1086	1078	941	1097	1035	991
ENSG00000198087	1364	2130	1450	1123	1271	1146	1222	1192	1071	1235	1352	1144
ENSG00000198088	2	4	0	4	6	11	6	4	0	10	4	4
ENSG00000198089	1569	2269	1560	1472	1569	1444	1678	1605	1518	1792	1609	1518
ENSG00000198093	330	477	282	358	330	299	300	277	259	396	287	292
ENSG00000198099	11	10	3	12	7	3	8	8	12	4	2	11
ENSG00000198105	399	736	506	505	486	472	567	662	485	742	614	460
ENSG00000198108	0	4	5	0	4	6	2	1	0	0	2	3
ENSG00000198113	2705	4589	3853	3236	3474	3184	2834	2690	2270	3080	2790	2565
ENSG00000198121	315	502	359	899	910	856	562	506	496	572	517	441
ENSG00000198130	681	1021	725	780	756	664	602	627	508	629	625	612
ENSG00000198131	324	540	388	379	382	391	477	475	413	529	458	354
ENSG00000198133	216	358	271	278	271	224	276	274	256	284	287	219
ENSG00000198142	45	64	56	79	77	71	61	70	55	59	73	39
ENSG00000198146	5202	8276	5671	5397	5988	4881	4656	4721	4217	5148	5138	4547
ENSG00000198156	41	95	0	18	34	2	81	0	81	76	52	83
ENSG00000198157	76	130	91	42	40	59	37	54	40	50	47	37
ENSG00000198160	3035	4948	3320	2947	3148	2739	2638	2701	2137	2829	2599	2465
ENSG00000198162	3452	5161	3395	3951	4295	3591	2904	2800	2527	3117	2733	2749
ENSG00000198168	338	498	297	336	333	286	312	332	314	304	265	302
ENSG00000198169	601	1372	606	922	1067	792	506	602	729	758	502	794
ENSG00000198171	778	1215	1029	832	860	725	649	609	595	743	698	669
ENSG00000198176	10261	15902	11179	9552	10754	8863	8956	7738	7149	8714	8234	8203
ENSG00000198178	0	1	2	0	0	0	1	0	3	1	0	1
ENSG00000198182	124	210	160	121	129	119	149	148	112	167	141	123
ENSG00000198185	590	1116	786	750	752	723	875	987	818	1063	883	759
ENSG00000198189	4035	7523	5497	4597	4946	4643	4767	5160	4155	5538	5408	4434
ENSG00000198198	2816	4460	3173	4019	4066	3648	3267	3320	3005	3622	2880	2938
ENSG00000198203	27	32	29	34	29	18	34	35	41	31	30	30
ENSG00000198205	162	291	220	192	175	189	206	189	192	184	203	181
ENSG00000198208	569	751	599	599	783	527	473	419	435	431	382	436
ENSG00000198211	0	0	0	0	0	0	9	0	0	0	4	0
ENSG00000198216	30	45	38	18	18	15	45	76	50	69	45	48
ENSG00000198218	2956	5078	3391	3566	3670	3189	3027	2818	2524	3166	2607	2545
ENSG00000198223	1231	2249	1615	2004	2060	2007	1695	1709	1438	1799	1518	1419
ENSG00000198225	5	3	2	10	5	2	3	2	2	2	1	3
ENSG00000198231	5512	8627	6133	5931	6211	5548	5762	5394	5085	5834	5274	5184
ENSG00000198242	10270	18051	13019	12242	13094	11924	11115	10679	9208	12221	10827	9271
ENSG00000198246	226	389	255	323	329	229	279	225	208	264	223	232
ENSG00000198252	3239	5660	3839	3724	4051	3689	3221	3610	2939	3818	3417	3137
ENSG00000198258	2227	3389	2679	2249	2543	2260	2127	1957	1627	2150	1987	1844
ENSG00000198265	9529	15879	9997	10391	10911	9526	10520	10362	9001	11544	10229	9404
ENSG00000198270	708	1237	933	873	941	813	971	1176	879	1165	965	809
ENSG00000198276	779	1254	940	905	853	827	795	705	670	860	658	698
ENSG00000198283	2	0	0	15	11	8	16	6	9	11	9	11
ENSG00000198286	31	75	34	110	99	106	66	56	65	63	46	52
ENSG00000198298	167	266	168	184	189	174	200	206	199	209	191	188
ENSG00000198300	287	716	350	79	105	100	332	392	257	459	430	391
ENSG00000198301	2239	3385	2379	2684	2952	2433	2413	2000	1949	2246	2164	2011
ENSG00000198315	2486	3795	2334	2845	3019	2589	2428	2516	2210	2811	2254	2329
ENSG00000198324	452	799	673	857	906	858	465	501	410	564	512	474
ENSG00000198326	6	21	18	18	19	14	21	35	24	17	16	28
ENSG00000198331	613	956	656	715	786	694	648	537	512	555	551	543
ENSG00000198342	121	215	155	203	187	148	184	206	182	236	207	185
ENSG00000198346	7	14	19	28	17	26	15	29	24	28	21	20
ENSG00000198353	0	0	0	4	0	0	0	0	0	0	2	3
ENSG00000198355	2113	3489	3166	1929	2284	2189	2326	2118	1723	2369	2203	1757
ENSG00000198356	1962	3089	2247	2167	2232	1798	1895	1776	1492	2030	1543	1718
ENSG00000198363	3771	6392	4135	5033	5395	4888	4326	4528	3968	4628	4402	4064
ENSG00000198369	1590	2706	1778	1756	1758	1601	1771	1745	1427	1822	1467	1509
ENSG00000198373	2896	4843	3608	3514	3657	3131	3157	2933	2746	3394	2850	2763
ENSG00000198380	3704	6765	5137	3639	3863	3425	3469	3853	3070	4133	3951	3204
ENSG00000198382	3117	5168	3679	3360	3527	3262	3138	3223	2842	3455	3232	3037
ENSG00000198393	2074	3462	2517	2738	2828	2543	2971	3428	2860	3399	2982	2771
ENSG00000198399	3037	5000	3184	3501	3610	3175	3106	3087	2666	3232	2846	2826
ENSG00000198400	5	4	10	10	4	2	8	7	4	4	7	5
ENSG00000198408	4652	8340	6109	5754	6074	5342	5695	6335	5018	6409	5703	5191
ENSG00000198417	728	1215	922	950	956	894	943	866	808	975	893	814
ENSG00000198420	534	1076	692	573	703	682	625	688	545	730	716	502
ENSG00000198429	20	28	14	25	17	32	17	45	22	39	26	32
ENSG00000198431	9347	14739	11096	9190	10288	9038	9302	9031	7955	9656	9599	8716
ENSG00000198435	474	761	637	376	375	350	477	485	422	482	441	395
ENSG00000198440	325	523	358	446	497	421	421	337	361	400	352	387
ENSG00000198453	292	553	405	329	334	308	375	353	299	414	365	346
ENSG00000198455	373	613	454	405	451	441	389	414	321	380	398	311
ENSG00000198464	2591	4077	2380	2981	3100	2518	2315	2094	1991	2369	1951	2258
ENSG00000198466	4886	8177	5864	6026	6240	5482	5380	5423	4859	5890	5104	4965
ENSG00000198467	49	96	74	48	54	54	48	82	62	73	75	52
ENSG00000198471	5	4	3	2	4	8	2	5	6	4	4	2
ENSG00000198478	21	22	13	16	18	10	11	16	17	20	17	23
ENSG00000198482	1232	2442	1612	1750	1742	1700	2010	2050	1690	2172	1776	1739
ENSG00000198483	66	87	54	34	27	25	40	59	46	59	49	49
ENSG00000198488	4	17	3	6	6	7	10	7	11	4	7	3
ENSG00000198492	5050	7986	5991	5618	5964	5269	4635	4211	4036	4763	4312	4235
ENSG00000198498	1026	1676	1149	1170	1196	997	930	910	909	952	1061	1029
ENSG00000198502	26	44	39	141	174	168	75	53	54	83	62	70
ENSG00000198513	42	47	48	63	91	72	42	52	42	63	62	42
ENSG00000198515	0	0	1	2	0	1	0	1	0	4	5	0
ENSG00000198517	2244	3342	2711	1926	1913	1822	1985	1886	1495	2199	2051	1848
ENSG00000198520	2932	5366	4007	3741	3967	3586	3435	3404	3066	3800	3346	2771
ENSG00000198521	834	1487	1064	1340	1477	1270	1324	1111	998	1145	1083	1136
ENSG00000198522	1627	2710	1799	1905	1980	1651	1643	1507	1391	1771	1520	1644
ENSG00000198535	2	1	0	1	0	2	0	0	0	2	1	0
ENSG00000198538	554	1091	695	735	825	747	827	728	689	825	818	670
ENSG00000198546	678	1106	900	757	710	631	659	584	489	663	578	547
ENSG00000198547	17	14	16	11	17	23	16	22	17	13	12	11
ENSG00000198551	1227	2253	1608	1634	1776	1537	1423	1329	1213	1552	1501	1359
ENSG00000198553	31	66	41	40	65	74	31	28	61	24	17	43
ENSG00000198554	2888	4318	2979	2396	2625	2148	2554	2294	2153	2530	2322	2369
ENSG00000198556	1156	2029	1381	1455	1521	1446	1667	1950	1652	2022	1749	1567
ENSG00000198561	440	725	490	615	687	612	766	673	573	776	613	552
ENSG00000198563	0	0	14	0	0	0	105	90	0	184	0	0
ENSG00000198569	12	18	24	15	20	8	15	13	8	13	11	9
ENSG00000198570	0	0	2	0	1	0	3	5	3	1	0	0
ENSG00000198576	2	11	6	7	17	14	6	8	10	11	8	3
ENSG00000198585	1081	1505	1138	1068	1024	947	1056	979	833	1076	943	965
ENSG00000198586	2690	4508	3095	3248	3525	3227	2982	2884	2544	3156	2809	2632
ENSG00000198589	3522	5744	3836	3546	3762	3357	3964	4123	3545	4273	3719	3781
ENSG00000198597	24	38	19	8	5	9	24	30	17	28	30	25
ENSG00000198598	490	804	659	433	447	482	610	583	491	732	692	507
ENSG00000198604	8978	13780	9985	9080	9859	8044	8168	7342	6934	8226	7767	7588
ENSG00000198612	1612	2519	1683	1722	1999	1620	1612	1493	1495	1753	1490	1554
ENSG00000198624	629	976	690	815	823	820	588	553	542	621	542	543
ENSG00000198625	12068	20852	14289	15587	16481	14714	15342	15869	13855	17353	14935	13668
ENSG00000198633	0	12	1	3	2	5	1	2	3	3	0	1
ENSG00000198642	2256	3588	2872	2227	2394	2217	2286	2363	2043	2591	2606	2225
ENSG00000198646	2658	4267	2697	3017	3237	2733	2961	2630	2381	3091	2388	2562
ENSG00000198648	484	705	549	558	651	549	504	402	397	506	426	362
ENSG00000198650	15	14	13	36	23	14	12	20	26	19	22	23
ENSG00000198663	3327	5123	3938	3753	4021	3537	3335	3363	2904	3713	3208	3067
ENSG00000198668	7707	12627	9579	9154	9735	8810	7747	7645	6687	8403	8158	7135
ENSG00000198673	34	74	53	26	31	36	24	29	31	51	26	31
ENSG00000198677	5961	10190	7181	7293	7565	6971	6538	6680	5800	7208	6853	6168
ENSG00000198680	516	770	698	400	494	414	444	371	368	430	459	395
ENSG00000198682	16	27	8	41	59	44	21	18	24	23	14	18
ENSG00000198689	1916	3099	2337	2432	2770	2267	1721	1724	1576	1939	1688	1675
ENSG00000198690	2203	3593	2520	3066	2827	2525	2966	3101	2806	3176	2825	2763
ENSG00000198692	771	1283	969	738	808	664	771	711	605	737	777	694
ENSG00000198695	1472	2901	171	1906	1974	1652	1975	1693	1493	1882	1688	1628
ENSG00000198700	6591	10387	7394	6887	7265	6507	6633	6429	5705	6755	6263	5903
ENSG00000198707	535	821	674	511	574	486	668	698	588	686	670	612
ENSG00000198712	12790	16716	8215	13628	12007	9457	10123	7858	8613	8538	7127	10552
ENSG00000198715	635	1157	800	785	825	706	724	704	585	791	656	622
ENSG00000198718	1198	2012	1389	1254	1324	1265	1289	1440	1327	1466	1264	1199
ENSG00000198719	200	391	306	613	691	606	368	263	244	363	298	219
ENSG00000198720	497	723	602	378	424	310	431	405	351	403	439	366
ENSG00000198721	126	246	163	132	189	162	121	160	123	181	152	110
ENSG00000198722	212	291	248	233	244	203	160	163	113	180	157	154
ENSG00000198723	1	8	7	15	5	10	2	10	3	6	6	5
ENSG00000198727	13052	18803	838	14309	13339	11044	10888	8487	9042	9596	6547	10540
ENSG00000198728	2086	3478	2494	2626	2647	2421	2219	2132	1939	2438	2124	1973
ENSG00000198729	210	345	235	390	436	367	226	178	180	211	214	193
ENSG00000198730	2884	4805	3192	2919	3232	2804	2785	2798	2465	3070	2763	2559
ENSG00000198732	0	2	1	0	0	0	0	0	0	4	0	4
ENSG00000198734	11	26	8	28	28	31	30	24	17	32	29	23
ENSG00000198736	796	1185	1009	837	833	777	782	740	672	814	719	758
ENSG00000198740	1983	3241	2179	3040	3243	2897	2453	2422	2161	2537	2162	2207
ENSG00000198742	1942	3150	2307	2543	2733	2248	2293	2268	1979	2486	2153	2096
ENSG00000198743	6581	10395	7115	6417	6819	5966	6821	7395	6151	8376	7059	6578
ENSG00000198746	438	848	647	497	549	495	497	429	371	492	474	451
ENSG00000198752	714	1094	845	2089	2383	2062	910	739	756	810	792	741
ENSG00000198753	129	339	293	248	249	261	194	196	156	223	203	137
ENSG00000198754	56	65	66	62	49	47	53	63	38	60	50	49
ENSG00000198755	20209	36244	28337	25240	27263	24941	22419	21211	18353	22646	22462	18824
ENSG00000198756	543	790	534	440	438	438	593	611	521	697	633	546
ENSG00000198763	12086	16005	8585	12284	10939	9581	10370	9219	9124	9720	8107	10218
ENSG00000198768	4	0	0	2	2	1	1	0	0	0	2	0
ENSG00000198771	7295	12189	9032	8252	8735	7733	7985	7936	6749	8852	8086	7137
ENSG00000198774	93	138	96	76	52	67	75	90	62	100	65	64
ENSG00000198780	1	3	8	4	2	7	0	2	1	2	3	4
ENSG00000198783	496	802	676	581	545	582	551	485	499	596	580	519
ENSG00000198785	10	16	10	3	3	5	6	14	14	12	8	4
ENSG00000198786	9195	12158	678	9894	9172	7793	7919	6769	7082	6885	5878	7792
ENSG00000198791	8587	14156	10567	9110	10009	8710	8576	8247	7531	8885	8552	7798
ENSG00000198792	820	1284	1026	885	1025	900	818	802	725	909	821	688
ENSG00000198793	6348	8739	6367	7119	7406	6042	5339	4788	4828	5372	4715	5373
ENSG00000198794	191	412	329	183	197	176	227	265	246	299	254	246
ENSG00000198799	1656	2826	1867	2480	2546	2386	2422	2481	2236	2614	2354	2097
ENSG00000198804	109849	181470	109556	147899	138950	117528	106937	87833	84135	102362	79531	91259
ENSG00000198805	6216	9912	6820	5976	6444	5484	5381	4987	4637	5785	5136	5107
ENSG00000198814	2808	4234	2819	3106	3360	2690	2367	2275	1954	2541	2216	2289
ENSG00000198815	12046	19692	13339	18209	19063	16659	12703	12045	11190	13114	11417	11910
ENSG00000198816	487	884	761	908	925	931	729	617	542	754	749	482
ENSG00000198818	1825	3092	2354	2146	2263	2059	1715	1753	1459	1855	1735	1620
ENSG00000198821	2	6	6	0	2	0	0	1	0	1	1	0
ENSG00000198824	3463	5243	3560	3034	3328	2880	2969	2816	2480	3269	2836	2989
ENSG00000198825	1253	2200	1488	1583	1643	1549	1530	1537	1394	1610	1495	1351
ENSG00000198826	11580	18550	13179	11128	12005	10541	10166	10047	8888	10980	10064	9986
ENSG00000198829	46	49	38	15	11	17	27	41	22	46	29	55
ENSG00000198830	31204	51710	37316	34173	37839	32793	30496	28249	26460	31274	29482	28221
ENSG00000198832	7	19	16	5	8	8	8	5	7	5	10	4
ENSG00000198833	6790	11328	7968	4836	5054	4566	5396	5736	4618	6390	5928	5346
ENSG00000198835	7	13	6	15	19	4	17	6	4	9	11	6
ENSG00000198836	6940	11063	8046	7931	8624	7012	7263	7020	6367	7487	7388	6805
ENSG00000198837	4593	7563	5631	5814	6076	5406	5871	5718	5196	6500	5632	5020
ENSG00000198838	63	116	98	82	82	70	94	98	80	98	87	76
ENSG00000198839	917	1783	1265	1446	1509	1351	1127	1163	1043	1249	1285	1014
ENSG00000198840	1393	1873	1087	1514	1365	1233	1305	1226	1058	1243	1077	1378
ENSG00000198841	808	1269	1120	859	904	847	803	732	707	872	766	754
ENSG00000198842	1	0	0	0	0	1	2	1	0	1	0	0
ENSG00000198843	2416	4382	3168	3018	3271	2752	2602	2462	2088	2804	2645	2360
ENSG00000198844	8	7	5	7	8	4	4	5	7	6	3	10
ENSG00000198846	40	45	42	63	51	52	32	40	23	21	37	34
ENSG00000198848	1623	2357	1677	266	345	277	1196	1402	1047	1792	1398	1333
ENSG00000198853	290	503	358	399	384	354	226	284	248	278	248	242
ENSG00000198855	180	299	220	220	225	197	176	141	133	213	136	168
ENSG00000198856	3406	5789	4517	3619	4051	3611	2866	2987	2391	3100	3181	2784
ENSG00000198858	2524	4156	3230	3256	3482	3193	2335	2030	1877	2236	1873	1908
ENSG00000198860	1748	2570	1641	1889	2105	1703	1500	1278	1316	1427	1261	1445
ENSG00000198862	5025	8266	5941	4968	5362	4697	5267	5174	4483	5643	5557	5033
ENSG00000198863	1209	2177	1498	1532	1616	1451	1556	1617	1460	1763	1499	1382
ENSG00000198865	3	1	1	5	6	10	1	1	2	2	5	6
ENSG00000198873	205	314	275	210	222	216	207	192	195	229	213	194
ENSG00000198874	1252	1819	1400	1460	1431	1231	1247	1130	1054	1221	1108	1124
ENSG00000198876	6621	11149	7472	6645	6890	6119	7210	6829	6104	7642	6427	6586
ENSG00000198879	13730	23042	15853	17177	17821	16071	14656	15072	13343	16548	14458	13782
ENSG00000198881	7	6	8	2	1	9	5	4	5	6	2	13
ENSG00000198883	2	11	4	1	6	3	7	6	1	5	5	3
ENSG00000198886	12635	16634	3608	14206	12446	10316	10486	9076	9158	9450	7656	10268
ENSG00000198887	3818	6414	4279	4188	4553	3845	4099	3755	3629	4070	3740	3498
ENSG00000198888	14489	19814	10353	14770	13352	11706	12386	10746	10752	11160	9692	11367
ENSG00000198890	1381	1851	1408	1245	1427	1230	1038	954	900	1088	1006	1049
ENSG00000198892	4	9	7	3	6	5	8	4	10	5	4	8
ENSG00000198894	1302	2157	1652	1284	1374	1116	1237	1269	989	1374	1204	1208
ENSG00000198898	4075	6908	4906	4721	5036	4414	3941	3876	3405	4189	4178	3701
ENSG00000198899	8560	10816	5672	8474	7572	6129	6301	5452	5821	5802	5183	6932
ENSG00000198900	5417	8536	6115	6126	6601	5566	5114	4389	4325	4980	4387	4511
ENSG00000198901	5192	7823	5621	5356	5571	4855	4885	4317	3724	4872	4506	4456
ENSG00000198908	39	39	48	43	53	31	34	31	41	31	33	30
ENSG00000198909	2061	3104	2241	2774	2893	2554	2367	2216	1928	2354	1921	1974
ENSG00000198910	4	28	30	27	58	55	21	28	21	26	10	22
ENSG00000198911	18652	32109	24168	18080	19057	18116	19604	19691	16240	22966	19723	18312
ENSG00000198912	1202	1988	1367	1273	1204	1084	1210	1157	1096	1391	1140	1106
ENSG00000198915	32	60	46	10	18	21	25	34	8	34	50	26
ENSG00000198917	1216	1831	1503	1282	1316	1023	1097	1004	999	1088	1096	1040
ENSG00000198918	12756	24786	17308	16879	19058	17107	15692	15590	12434	15985	13566	11854
ENSG00000198919	316	686	493	613	657	577	498	543	458	574	543	433
ENSG00000198920	819	1266	956	939	937	816	877	853	718	930	850	817
ENSG00000198924	1083	1684	1128	919	1029	802	1049	1087	886	1109	957	1006
ENSG00000198925	1942	3155	2263	2085	2250	1951	1915	1865	1697	2100	1766	1620
ENSG00000198929	20	13	25	30	39	30	23	39	19	31	15	18
ENSG00000198931	3879	6481	5235	4123	4583	3901	3401	2999	2720	3589	3271	2995
ENSG00000198932	86	112	52	105	72	82	85	109	81	98	68	51
ENSG00000198933	625	946	760	613	643	563	574	554	503	617	548	512
ENSG00000198934	0	7	0	2	1	1	2	1	0	3	3	2
ENSG00000198937	236	348	274	236	247	199	176	162	172	187	192	167
ENSG00000198938	17353	25153	12952	20428	17743	14693	15786	12234	12064	13475	9941	14147
ENSG00000198939	48	74	38	57	54	34	21	28	24	29	26	22
ENSG00000198945	825	1293	898	884	975	842	911	822	806	954	785	814
ENSG00000198947	24	52	19	55	39	42	29	36	37	33	25	35
ENSG00000198948	0	1	2	0	0	2	0	2	1	4	1	6
ENSG00000198951	4628	7228	5509	4713	5084	4400	4213	4160	3589	4899	4163	4035
ENSG00000198952	5705	8614	6571	5754	6239	5401	4872	4658	4268	5191	4521	4763
ENSG00000198954	578	877	653	606	628	540	509	532	447	553	514	577
ENSG00000198959	34	79	76	264	300	258	150	123	131	137	110	77
ENSG00000198960	372	768	626	354	454	366	389	455	297	386	417	357
ENSG00000198961	9257	16657	12040	10177	11123	10293	9420	10093	8187	10673	10623	8970
ENSG00000198963	30	48	34	118	61	101	46	32	42	41	52	32
ENSG00000198964	197	259	198	239	246	216	158	151	106	146	173	175
ENSG00000198967	23	31	15	27	24	22	27	21	26	22	19	16
ENSG00000203326	87	151	109	120	100	104	105	131	118	135	114	103
ENSG00000203485	5188	9337	7361	6233	6460	6494	6540	6718	5686	7352	6612	5463
ENSG00000203499	210	324	202	218	225	203	205	274	208	262	198	212
ENSG00000203546	126	224	158	194	171	116	178	166	143	156	172	169
ENSG00000203618	65	126	116	0	10	0	36	82	50	71	89	28
ENSG00000203663	68	135	0	104	101	88	86	159	98	120	89	105
ENSG00000203666	1000	1508	1095	1070	1176	909	858	988	816	1024	886	894
ENSG00000203667	243	434	278	250	284	252	254	323	249	313	268	226
ENSG00000203668	6332	10919	7017	7130	7599	6677	7545	7467	6684	8113	7086	7128
ENSG00000203685	0	1	2	2	0	1	1	0	1	1	0	0
ENSG00000203705	1053	1778	1322	1387	1361	1225	1317	1402	1231	1415	1290	1218
ENSG00000203710	70	231	206	102	100	95	175	280	162	204	259	123
ENSG00000203722	3	7	5	5	4	2	2	2	3	3	0	0
ENSG00000203724	24	66	31	53	56	56	25	30	32	36	37	34
ENSG00000203727	5	4	3	5	5	4	7	5	6	5	7	9
ENSG00000203730	0	3	2	0	0	3	0	3	3	1	1	0
ENSG00000203734	6	6	1	10	3	4	3	10	3	5	5	6
ENSG00000203737	58	111	85	87	98	89	88	138	100	96	118	75
ENSG00000203747	0	1	1	1	3	0	2	1	0	8	2	0
ENSG00000203757	0	0	0	1	2	0	0	4	1	0	0	0
ENSG00000203760	533	817	770	464	480	464	498	415	394	461	545	414
ENSG00000203772	44	52	31	48	39	45	47	35	30	31	47	28
ENSG00000203778	4	26	9	6	10	3	5	3	16	18	7	7
ENSG00000203780	66	46	40	43	18	36	48	59	48	56	66	51
ENSG00000203791	1164	1978	1475	1254	1291	1171	1209	1275	1056	1399	1223	1062
ENSG00000203797	4	0	1	2	9	2	4	4	1	6	1	1
ENSG00000203805	13	14	11	17	13	4	8	18	15	16	5	17
ENSG00000203811	9678	28961	23373	18756	19816	18303	16159	14758	14014	16804	16887	15084
ENSG00000203812	16797	36720	31302	19327	24526	24065	19122	19741	15196	17872	13332	14095
ENSG00000203814	9647	17484	11399	11676	11495	10180	10612	8666	7916	10750	7365	9545
ENSG00000203867	69	146	90	92	93	89	87	115	138	110	109	93
ENSG00000203872	46	85	37	49	59	47	65	86	69	88	44	79
ENSG00000203879	1369	2409	1882	1743	1928	1814	2027	1907	1631	2111	1821	1630
ENSG00000203880	2229	4062	2972	3028	3475	3155	2543	2498	2153	2858	2800	2241
ENSG00000203883	28	24	36	0	7	3	9	19	14	17	20	8
ENSG00000203896	256	470	350	382	358	454	378	358	369	442	338	289
ENSG00000203907	2	9	4	0	2	2	2	2	4	2	5	4
ENSG00000203943	153	264	161	200	197	191	175	179	125	187	142	169
ENSG00000203950	109	198	162	143	148	152	131	155	118	147	121	118
ENSG00000203965	202	273	171	173	218	145	159	157	176	190	175	186
ENSG00000203989	0	17	0	3	0	0	0	0	4	0	0	0
ENSG00000203995	97	162	104	142	150	125	150	171	167	179	137	140
ENSG00000204022	2	2	4	8	2	11	4	6	3	8	3	4
ENSG00000204025	8	30	21	7	7	10	12	20	20	28	22	23
ENSG00000204052	4	3	6	10	1	5	1	4	2	0	1	5
ENSG00000204070	619	1013	766	756	822	798	646	625	544	730	672	579
ENSG00000204084	3541	6547	4946	4122	4397	4326	4421	4476	3881	5021	4549	4067
ENSG00000204086	12	33	19	18	17	13	25	23	26	30	17	15
ENSG00000204103	3	11	9	24	21	26	7	19	10	19	19	9
ENSG00000204104	501	777	599	538	657	477	484	450	428	485	518	421
ENSG00000204116	6	6	3	0	4	2	4	12	3	5	3	3
ENSG00000204120	6207	9713	7179	6386	6688	5916	5958	5986	5178	6493	5711	5642
ENSG00000204128	364	651	478	558	536	495	453	505	391	554	467	349
ENSG00000204130	372	744	494	491	551	508	512	581	491	571	494	516
ENSG00000204131	208	382	218	135	119	152	309	394	268	492	380	264
ENSG00000204138	2130	3352	2352	3046	3255	2708	2387	2468	2192	2693	2352	2288
ENSG00000204147	7	11	12	5	4	10	3	7	6	3	7	5
ENSG00000204149	624	858	554	673	736	573	553	549	540	602	500	512
ENSG00000204152	858	1341	938	1133	1156	1043	873	842	758	886	777	870
ENSG00000204160	1229	1876	1352	1400	1578	1393	1414	1238	1135	1329	1206	1037
ENSG00000204161	23	59	39	15	20	24	32	27	28	41	51	31
ENSG00000204165	0	1	1	6	0	0	0	0	0	0	0	0
ENSG00000204172	472	730	449	804	779	660	549	573	469	615	480	440
ENSG00000204176	323	448	365	406	400	367	422	390	269	420	374	358
ENSG00000204178	1733	2800	1800	1772	1851	1595	1571	1529	1474	1819	1418	1510
ENSG00000204183	2	0	1	0	1	1	2	1	2	1	2	1
ENSG00000204186	10	24	12	14	12	19	25	8	6	5	9	17
ENSG00000204197	66	0	47	68	0	0	0	0	0	0	2	91
ENSG00000204209	545	874	902	635	580	300	517	270	418	596	699	388
ENSG00000204217	639	1164	806	1461	1415	1502	820	888	675	908	754	702
ENSG00000204219	11	41	37	12	21	18	10	16	13	31	18	21
ENSG00000204220	432	605	428	422	471	335	403	418	315	366	345	335
ENSG00000204227	504	643	736	470	517	566	347	530	529	387	524	542
ENSG00000204228	185	312	29	101	114	5	9	108	93	163	123	104
ENSG00000204237	552	810	667	611	655	557	511	530	431	617	530	479
ENSG00000204248	0	0	0	0	0	0	0	0	0	0	0	0
ENSG00000204256	2604	4291	3417	3186	3213	3024	2574	2450	1994	2407	2367	2184
ENSG00000204262	9	15	10	10	10	14	8	6	6	12	11	8
ENSG00000204264	158	142	116	98	116	81	111	127	123	116	110	99
ENSG00000204267	1809	1770	1213	1424	1720	1308	1380	1115	758	1247	777	860
ENSG00000204271	207	351	186	341	315	267	326	401	345	404	275	370
ENSG00000204272	313	442	356	385	437	449	335	320	279	391	316	329
ENSG00000204287	411	719	485	2168	2374	2178	1195	932	1039	1001	905	716
ENSG00000204291	89	208	148	44	40	57	105	151	90	130	103	93
ENSG00000204301	0	0	0	0	0	0	0	7	0	0	8	0
ENSG00000204304	77	37	43	40	82	138	99	19	48	98	0	8
ENSG00000204305	1	3	5	11	0	5	6	8	2	4	4	0
ENSG00000204308	1428	2461	1831	1652	1762	1624	1659	1627	1398	1804	1613	1449
ENSG00000204310	521	1000	830	815	902	842	709	675	557	724	659	650
ENSG00000204311	61	86	46	85	66	76	54	53	42	65	43	64
ENSG00000204315	0	0	181	0	0	125	114	121	120	0	0	123
ENSG00000204316	1901	2831	2395	2045	2064	1826	1652	1519	1409	1648	1721	1458
ENSG00000204323	47	71	64	71	62	68	39	41	38	43	43	29
ENSG00000204344	108	175	190	88	141	77	137	114	60	173	96	108
ENSG00000204348	319	442	374	268	314	264	306	259	257	300	337	251
ENSG00000204351	73	133	69	134	82	163	132	98	93	116	120	66
ENSG00000204356	1148	1770	1395	1021	1180	1032	1119	1047	1015	1214	1050	1140
ENSG00000204359	0	0	1	1	0	1	1	3	1	5	2	0
ENSG00000204364	7	25	17	10	10	7	20	12	18	12	12	24
ENSG00000204366	107	149	130	432	237	110	135	196	103	124	130	132
ENSG00000204370	4414	7034	5304	4623	5270	4381	4309	4114	3687	4594	4507	4020
ENSG00000204379	61	130	97	98	98	75	106	95	69	82	86	90
ENSG00000204382	8	1	6	8	3	4	16	6	0	8	7	0
ENSG00000204385	0	0	0	20	26	0	15	0	0	34	28	19
ENSG00000204386	329	571	340	337	381	414	383	519	406	595	485	535
ENSG00000204392	834	1210	1103	994	1036	866	685	752	606	856	744	681
ENSG00000204394	3690	5536	4956	4852	4473	3651	3052	3157	2755	3280	2931	2754
ENSG00000204396	0	42	0	0	0	16	24	24	0	38	0	0
ENSG00000204397	64	86	80	77	69	60	62	65	64	65	66	48
ENSG00000204406	937	1832	1046	1196	1218	1140	1264	1483	1128	1533	1249	1118
ENSG00000204410	1003	1462	1311	1006	1110	953	1286	1447	1075	1365	1481	1238
ENSG00000204422	6	0	0	0	13	0	0	0	0	0	0	2
ENSG00000204427	807	1205	922	1082	953	801	527	605	755	971	715	756
ENSG00000204428	37	86	67	70	99	83	35	63	39	58	50	41
ENSG00000204438	466	693	684	490	571	476	542	451	354	531	439	477
ENSG00000204439	217	226	190	161	304	190	380	179	208	235	155	178
ENSG00000204444	17	34	29	35	0	22	5	14	17	17	18	9
ENSG00000204463	3949	5908	4934	3444	6580	3981	2939	3676	5201	2937	2959	3212
ENSG00000204469	330	616	289	300	465	348	296	490	207	444	311	400
ENSG00000204472	824	1582	1071	749	741	713	1051	936	759	1055	974	769
ENSG00000204479	0	0	3	0	0	1	2	0	0	2	1	0
ENSG00000204482	197	326	237	221	171	287	143	170	120	249	162	161
ENSG00000204498	1	78	36	9	32	2	0	0	30	32	1	0
ENSG00000204514	839	1416	1025	1190	1135	936	1101	1267	1073	1262	1052	980
ENSG00000204516	103	213	121	161	152	110	139	149	117	172	134	132
ENSG00000204519	2018	3167	2317	2153	2369	2173	2302	2267	2170	2461	2272	2299
ENSG00000204520	67	87	88	46	80	51	55	76	71	83	50	49
ENSG00000204524	1834	3273	2193	2408	2452	2327	2249	2362	2082	2539	2168	2047
ENSG00000204531	495	825	609	758	736	619	779	857	722	847	790	753
ENSG00000204536	57	76	68	55	66	52	85	74	72	131	88	95
ENSG00000204560	1455	2299	1756	682	1870	1604	982	1399	1227	1192	1472	1334
ENSG00000204564	20	113	84	174	120	56	45	30	59	82	86	40
ENSG00000204568	2270	3741	2872	2308	2458	2179	2073	1967	1774	2273	2118	1833
ENSG00000204569	0	0	0	0	0	0	0	0	0	0	0	0
ENSG00000204571	5	15	10	12	11	15	13	10	3	14	2	19
ENSG00000204572	6	13	8	5	14	10	0	8	2	3	1	5
ENSG00000204574	1502	2252	1481	1702	1792	1572	1164	915	1174	1149	1135	1338
ENSG00000204576	0	680	0	0	495	0	0	0	0	0	0	0
ENSG00000204577	0	60	42	118	132	132	86	74	85	77	73	55
ENSG00000204580	2	0	1	0	0	1	1	0	0	2	0	0
ENSG00000204592	3412	6739	5342	5192	5379	5077	4618	4882	3627	5424	4669	3963
ENSG00000204595	1	0	1	1	0	5	0	0	0	3	2	0
ENSG00000204599	291	526	395	365	337	314	250	260	199	319	280	238
ENSG00000204604	904	1600	1105	1073	1126	1021	1040	973	890	1093	933	956
ENSG00000204611	868	1577	1112	915	1094	948	1046	1177	939	1208	1204	988
ENSG00000204618	2	0	6	1	3	3	0	10	1	1	3	2
ENSG00000204619	842	1355	886	799	727	774	744	588	593	730	660	726
ENSG00000204624	38	71	57	38	45	49	55	48	51	48	43	64
ENSG00000204628	28701	50360	37229	35695	37687	34328	34904	30968	27813	36084	31583	28074
ENSG00000204632	1	1	2	1	1	1	1	1	1	1	3	1
ENSG00000204634	1006	1655	1230	1334	1397	1357	1414	1306	1178	1418	1272	1088
ENSG00000204642	0	1	0	3	1	0	2	1	5	0	5	0
ENSG00000204653	12	7	8	3	6	1	6	3	13	9	6	2
ENSG00000204655	15	22	3	22	18	10	21	35	8	7	21	32
ENSG00000204659	4	4	1	2	2	2	5	11	4	3	2	0
ENSG00000204673	1682	2814	2193	1732	1827	1731	1829	1839	1462	1948	1698	1580
ENSG00000204681	0	0	1	1	0	2	0	1	0	0	0	0
ENSG00000204695	1079	1883	620	1697	1495	1338	1422	1845	1512	1845	1632	1337
ENSG00000204713	2260	1473	4245	894	2619	2595	132	560	1545	3002	3294	1966
ENSG00000204764	219	400	223	209	245	201	217	224	213	250	216	184
ENSG00000204767	24	31	16	42	27	37	23	27	26	37	18	20
ENSG00000204779	6	7	12	5	6	14	9	8	12	4	4	5
ENSG00000204805	121	214	181	151	161	119	165	188	167	147	140	137
ENSG00000204815	10	23	27	25	15	16	28	14	20	32	15	6
ENSG00000204822	458	679	578	562	655	561	416	384	337	483	392	363
ENSG00000204839	166	347	241	202	190	234	307	295	273	357	281	175
ENSG00000204842	2072	3316	2155	2603	2606	2175	2072	2278	1918	2449	2041	2053
ENSG00000204843	6017	9597	7766	7231	7615	7092	6257	6008	5447	6628	6393	5693
ENSG00000204851	3	6	4	8	3	7	2	4	1	9	4	1
ENSG00000204852	513	909	612	658	599	574	676	677	603	663	670	611
ENSG00000204856	796	1324	894	695	767	637	769	806	635	904	741	630
ENSG00000204859	1341	2186	1741	1534	1485	1426	1513	1560	1399	1642	1539	1412
ENSG00000204869	11	9	15	16	7	7	15	19	11	18	6	6
ENSG00000204882	34	108	63	153	156	134	91	136	82	109	99	82
ENSG00000204899	1863	3172	2231	1908	2098	1866	1494	1488	1304	1589	1723	1395
ENSG00000204909	63	140	51	117	94	83	107	132	131	120	106	101
ENSG00000204920	327	572	347	331	414	344	419	372	326	396	322	370
ENSG00000204922	457	723	626	435	476	431	438	446	383	503	481	430
ENSG00000204923	352	617	439	452	472	425	468	582	432	569	554	461
ENSG00000204930	0	0	0	0	0	0	0	6	0	1	2	1
ENSG00000204941	0	0	1	0	1	0	1	1	0	1	1	0
ENSG00000204946	1554	2454	1960	1940	2025	1891	1739	1596	1459	1929	1539	1461
ENSG00000204947	80	149	99	107	101	101	96	82	75	98	113	76
ENSG00000204950	26	70	35	18	14	20	11	16	17	11	21	13
ENSG00000204952	0	1	2	2	5	5	2	1	0	1	0	2
ENSG00000204954	98	151	130	118	117	107	159	71	105	109	91	84
ENSG00000204956	22	34	25	33	21	35	35	30	51	49	24	28
ENSG00000204961	50	93	47	59	59	52	83	85	62	67	78	55
ENSG00000204963	0	0	1	0	0	0	0	1	0	3	1	1
ENSG00000204965	0	0	3	0	0	3	1	0	1	3	0	0
ENSG00000204967	771	1235	160	1049	955	905	931	1234	1088	1166	1015	842
ENSG00000204969	0	1	1	0	0	0	2	2	0	3	2	2
ENSG00000204970	3	14	19	1	2	2	7	4	6	6	9	4
ENSG00000204977	3451	5834	4110	4235	4364	3852	3335	3377	2845	3601	3391	3167
ENSG00000204978	21	34	35	19	17	28	21	30	23	20	18	20
ENSG00000204991	238	444	265	297	320	281	366	364	351	377	374	303
ENSG00000205002	24	27	14	32	38	32	22	19	15	16	19	17
ENSG00000205022	7	24	14	20	16	8	3	4	5	6	14	6
ENSG00000205038	3	11	8	7	11	8	5	3	18	13	11	13
ENSG00000205045	274	392	263	425	418	397	286	269	234	262	261	220
ENSG00000205060	2508	3599	2666	2617	2967	2490	2196	2023	1992	2225	2168	2079
ENSG00000205078	5	14	8	12	7	6	1	7	4	1	2	6
ENSG00000205084	130	216	149	287	300	246	178	153	146	162	136	123
ENSG00000205085	216	372	273	286	265	228	309	329	275	316	271	287
ENSG00000205086	36	52	36	44	34	42	51	64	54	82	43	54
ENSG00000205089	5	11	7	3	4	1	3	3	3	3	2	5
ENSG00000205090	4	4	11	6	8	2	5	1	1	10	4	3
ENSG00000205111	0	3	5	5	9	9	1	7	7	3	1	3
ENSG00000205129	1	6	5	4	4	6	13	8	7	6	6	4
ENSG00000205133	1573	3071	2121	1885	2040	1996	1887	2184	1621	2401	2014	1681
ENSG00000205138	575	989	783	615	652	591	562	649	477	653	620	512
ENSG00000205143	2	2	4	1	2	6	3	10	3	3	5	1
ENSG00000205155	665	1193	1037	802	872	694	696	638	540	709	649	624
ENSG00000205189	3613	6096	4043	3754	4143	3867	3262	3421	2983	3790	3496	3268
ENSG00000205208	2028	3087	1924	1982	2090	1771	1737	1562	1459	1757	1586	1737
ENSG00000205209	5	10	7	11	11	14	13	25	14	19	8	11
ENSG00000205212	0	3	1	2	1	0	0	3	0	0	0	0
ENSG00000205213	2683	3882	2638	1214	1258	1042	1482	1894	1347	2121	2063	1893
ENSG00000205220	2393	4115	3273	3046	3317	2985	2499	2306	2049	2504	2618	2269
ENSG00000205221	66	95	66	16	7	12	30	28	23	47	47	32
ENSG00000205236	31	93	90	58	90	50	42	66	48	63	85	106
ENSG00000205238	0	31	11	0	20	21	0	16	26	11	0	19
ENSG00000205250	2939	4586	3380	3330	3621	2912	2713	2370	2391	2900	2546	2474
ENSG00000205268	7025	11221	8061	9122	10134	8844	8334	8039	7685	8999	8422	7480
ENSG00000205269	5355	8915	6374	4045	4344	4027	4709	5644	4191	6012	5907	4569
ENSG00000205277	3	5	1	3	4	5	3	5	5	6	4	8
ENSG00000205302	4226	7087	5063	4325	4571	4115	3993	4256	3558	4271	4302	4112
ENSG00000205307	337	539	504	576	565	499	565	610	412	551	513	420
ENSG00000205309	287	418	363	237	315	217	293	255	237	304	259	252
ENSG00000205323	1435	2033	1752	1363	1409	1304	1368	1344	1164	1438	1528	1388
ENSG00000205336	0	6	7	47	49	36	1	7	7	5	2	1
ENSG00000205339	16448	24194	16299	16996	18319	15333	13526	12561	11736	13575	12516	12878
ENSG00000205352	3872	6693	4836	3899	4436	3738	4312	3932	3329	4356	4265	3749
ENSG00000205356	788	1281	968	1284	1294	1197	878	810	710	881	817	813
ENSG00000205358	13	11	13	20	20	13	36	27	26	39	23	7
ENSG00000205363	15	18	12	18	20	21	19	29	10	13	18	22
ENSG00000205364	13	22	14	17	14	10	13	17	10	26	24	11
ENSG00000205403	20	25	16	24	27	28	25	43	26	30	28	27
ENSG00000205413	2726	4926	3090	3123	3144	2862	2837	2802	2389	3162	2817	2636
ENSG00000205423	673	1112	793	801	947	807	772	870	724	856	856	723
ENSG00000205426	0	4	7	1	8	9	3	2	3	4	3	3
ENSG00000205436	3	13	12	15	19	27	10	8	15	10	5	8
ENSG00000205464	243	448	338	358	391	334	369	409	357	439	316	274
ENSG00000205476	768	1188	1050	943	964	967	814	698	655	779	764	676
ENSG00000205517	4	15	10	13	11	23	11	11	11	11	13	7
ENSG00000205531	5428	8577	6724	5252	5796	4954	5389	4941	4557	5648	5369	4823
ENSG00000205542	49241	91873	73394	74572	77878	73433	61658	59676	50770	63219	69148	51601
ENSG00000205544	376	823	653	589	606	531	430	389	367	490	382	412
ENSG00000205560	688	1014	664	721	763	673	853	871	769	898	851	739
ENSG00000205571	683	1204	801	768	1052	658	1012	283	447	461	402	474
ENSG00000205572	154	0	37	171	67	11	10	0	3	82	0	92
ENSG00000205581	12832	21043	15729	15265	16190	14236	13696	13216	11569	14376	13410	12515
ENSG00000205592	304	642	409	308	289	242	435	501	404	497	385	394
ENSG00000205593	249	438	370	480	574	591	415	393	381	467	355	324
ENSG00000205609	766	76	220	1947	147	1560	749	1193	1630	237	177	2869
ENSG00000205629	396	698	511	482	539	485	506	445	365	498	463	402
ENSG00000205639	8	10	6	12	27	8	11	14	19	26	7	11
ENSG00000205643	119	253	159	138	167	152	132	123	97	132	116	130
ENSG00000205649	0	2	0	3	0	3	8	1	2	7	3	0
ENSG00000205659	483	770	641	528	552	475	444	486	422	492	462	465
ENSG00000205670	305	479	334	285	292	277	321	55	231	272	81	298
ENSG00000205683	14	22	18	47	60	39	25	16	23	15	24	15
ENSG00000205704	11	10	9	4	15	8	2	6	5	13	9	10
ENSG00000205707	412	665	479	448	450	429	411	471	418	528	418	421
ENSG00000205710	11	48	19	28	23	36	25	29	22	22	15	11
ENSG00000205726	1017	1774	1236	1637	1786	1544	1163	1154	1042	1162	1084	988
ENSG00000205730	164	338	242	309	335	332	243	260	236	295	219	208
ENSG00000205744	1538	2616	1852	2263	2293	2120	1869	1820	1570	2170	1665	1618
ENSG00000205755	17	40	32	48	60	90	75	53	58	76	55	39
ENSG00000205758	1114	1944	1305	1363	1460	1362	1432	1543	1218	1479	1432	1253
ENSG00000205765	3815	6484	4244	3703	4013	3369	3522	3363	2943	3821	3281	3157
ENSG00000205784	1	12	1	17	15	8	16	13	6	8	5	10
ENSG00000205795	0	1	2	1	0	1	1	2	0	1	1	1
ENSG00000205808	422	711	509	548	573	522	456	478	468	560	427	500
ENSG00000205809	12	14	8	5	4	3	17	12	6	14	13	5
ENSG00000205810	7	10	10	11	15	5	13	7	14	20	3	14
ENSG00000205832	1	19	2	6	7	4	1	12	11	11	7	7
ENSG00000205846	0	0	2	0	1	0	0	0	1	1	1	1
ENSG00000205856	0	0	0	0	0	0	0	4	1	0	0	0
ENSG00000205903	2811	4619	4063	3011	3184	2948	2557	2541	2318	2800	2653	2369
ENSG00000205922	7	2	7	6	3	3	4	5	3	11	3	7
ENSG00000205923	10	34	29	31	24	22	15	23	18	18	12	11
ENSG00000205927	46	60	65	14	10	8	36	52	31	53	40	29
ENSG00000205929	573	1043	689	845	862	762	944	999	918	985	878	865
ENSG00000205937	8247	12699	9904	8828	9166	8248	8135	7315	6801	8412	7396	7253
ENSG00000205978	37	46	45	14	14	18	17	23	17	32	32	14
ENSG00000205981	531	931	655	579	716	596	612	529	510	615	575	501
ENSG00000206013	0	2	2	0	0	2	3	4	2	0	2	2
ENSG00000206053	4091	6131	4372	3511	3836	3264	3528	3171	3001	3678	3393	3401
ENSG00000206077	6	7	6	7	5	6	12	5	7	11	7	5
ENSG00000206113	0	3	2	10	8	5	8	1	3	7	1	3
ENSG00000206127	17919	29699	20784	22235	24008	21373	19738	19488	17632	20500	18759	18114
ENSG00000206140	47	110	86	69	79	92	70	95	76	75	55	52
ENSG00000206172	0	2	0	0	0	1	1	0	0	2	0	0
ENSG00000206181	3	10	5	1	0	0	0	0	0	2	0	0
ENSG00000206190	5279	9194	6642	9658	10132	9570	8015	7138	7117	8150	6690	6079
ENSG00000206199	1	1	0	0	1	0	0	0	0	0	0	4
ENSG00000206203	3	0	0	3	4	0	2	2	2	2	6	1
ENSG00000206206	1192	1763	1402	1009	1217	930	1082	1095	978	968	839	1010
ENSG00000206208	3867	6390	3965	4890	4312	4219	4066	3562	3213	4310	3202	3517
ENSG00000206235	49	95	31	51	173	41	44	48	28	32	36	16
ENSG00000206240	423	724	631	1802	1982	1824	994	737	791	778	729	636
ENSG00000206258	23	14	15	12	15	9	17	10	14	21	25	9
ENSG00000206260	1	0	0	2	2	0	2	1	0	1	0	1
ENSG00000206262	19	21	15	27	31	20	19	32	26	25	11	14
ENSG00000206279	113	374	192	213	147	92	144	164	142	206	239	7
ENSG00000206281	851	1235	1053	939	1325	975	959	932	885	826	873	1189
ENSG00000206282	144	452	222	310	307	238	224	464	271	469	267	238
ENSG00000206283	63	107	98	74	33	58	70	45	45	51	63	60
ENSG00000206289	480	805	694	436	478	495	606	405	426	549	400	545
ENSG00000206290	24	0	0	0	10	0	0	0	0	0	0	0
ENSG00000206291	0	0	0	18	0	0	0	0	0	0	9	0
ENSG00000206292	0	0	2	27	17	16	10	9	3	0	0	0
ENSG00000206299	0	1051	690	502	0	0	0	0	0	0	209	0
ENSG00000206312	3	5	0	7	7	6	7	15	5	8	15	4
ENSG00000206315	5	15	0	13	5	0	0	0	4	8	0	0
ENSG00000206324	7	11	14	13	8	18	6	28	9	18	12	17
ENSG00000206329	20	0	7	0	1	0	17	0	0	0	4	0
ENSG00000206338	0	0	0	3	0	2	0	0	0	0	0	0
ENSG00000206340	47	78	113	32	77	113	85	54	91	70	85	55
ENSG00000206342	133	198	113	175	218	157	94	154	156	162	115	96
ENSG00000206346	16	6	19	11	13	41	47	33	17	27	38	25
ENSG00000206355	0	0	0	0	0	8	7	0	0	0	0	0
ENSG00000206376	3784	6202	4724	4308	4489	3935	3879	3517	3296	4031	3622	3444
ENSG00000206380	1395	3070	2555	1647	2412	2437	2082	1978	1830	1860	1692	1450
ENSG00000206383	92	121	123	70	93	53	73	69	52	74	85	57
ENSG00000206384	2	9	17	3	5	4	3	5	4	10	1	5
ENSG00000206396	7	0	4	5	6	9	10	7	8	8	4	0
ENSG00000206398	0	2	0	0	0	0	0	0	2	0	0	1
ENSG00000206406	68	130	99	98	67	129	111	152	126	122	127	93
ENSG00000206412	0	0	6	0	2	0	0	0	0	0	0	0
ENSG00000206418	425	673	444	658	678	615	474	488	466	490	481	486
ENSG00000206430	5	5	6	4	2	5	0	0	2	1	2	2
ENSG00000206433	883	1300	930	837	1124	847	927	888	810	787	820	740
ENSG00000206435	265	712	682	274	266	480	255	337	90	215	140	103
ENSG00000206440	224	228	124	183	253	335	237	308	157	209	246	211
ENSG00000206449	0	0	0	0	0	3	0	5	0	0	0	6
ENSG00000206450	11118	20232	16829	15073	16038	14742	13054	11776	10689	13493	12573	10635
ENSG00000206452	4447	7073	5578	5298	5474	5047	4617	4353	4009	5045	4636	3895
ENSG00000206457	0	0	3	5	2	2	0	1	0	4	5	0
ENSG00000206472	3	4	0	5	1	1	2	5	4	4	1	5
ENSG00000206487	0	0	0	22	0	0	0	0	0	0	0	7
ENSG00000206489	0	0	2	0	1	0	0	0	0	1	0	2
ENSG00000206491	292	501	425	424	409	308	373	367	428	400	380	328
ENSG00000206492	0	0	0	0	66	0	0	0	19	325	329	243
ENSG00000206493	4241	7525	6289	5696	6042	6174	5286	4841	4099	5451	5370	4150
ENSG00000206503	1318	2282	1870	2085	2128	2188	1658	1476	1472	1735	1598	1398
ENSG00000206505	898	1443	1354	1152	1204	1229	1016	1000	770	1050	1025	835
ENSG00000206511	0	0	1	0	0	0	0	0	2	0	1	2
ENSG00000206517	3	4	0	5	1	1	2	5	4	4	1	5
ENSG00000206527	1644	2541	1811	2440	2552	2397	1545	1502	1517	1753	1566	1481
ENSG00000206530	528	1036	607	558	562	478	753	745	620	733	593	630
ENSG00000206535	47	57	44	108	73	70	37	45	26	51	45	19
ENSG00000206538	8	19	13	17	17	8	9	19	11	21	15	15
ENSG00000206557	24	30	30	32	17	13	21	47	29	36	27	21
ENSG00000206559	46	80	69	42	51	39	46	40	61	57	56	37
ENSG00000206560	13390	22508	15798	17595	18653	16795	11898	12179	9867	12849	11858	10947
ENSG00000206561	97	159	118	109	128	121	113	122	115	171	133	109
ENSG00000206562	403	716	502	415	490	415	508	469	374	532	482	404
ENSG00000206579	166	304	160	230	214	182	193	244	230	249	241	202
ENSG00000211445	6	5	3	8	5	3	0	7	5	7	10	4
ENSG00000211448	3	11	4	2	9	4	4	4	7	7	0	0
ENSG00000211450	1549	2595	2251	1720	1894	1824	1601	1682	1312	1659	1810	1405
ENSG00000211452	6	16	6	10	15	14	10	5	8	12	13	7
ENSG00000211455	1098	1905	1405	1614	1668	1586	1296	1326	1142	1441	1465	1229
ENSG00000211460	4464	7112	5328	4892	5278	4413	4101	3857	3584	4109	4223	3926
ENSG00000211584	550	820	620	503	526	475	535	594	548	700	623	468
ENSG00000212123	156	232	143	169	158	127	171	150	120	153	123	125
ENSG00000212124	17	45	17	38	38	11	41	47	23	46	49	23
ENSG00000212126	14	26	26	29	18	26	18	35	26	42	27	34
ENSG00000212127	0	128	45	0	102	84	0	99	95	88	107	96
ENSG00000212128	28	62	46	33	34	37	36	51	54	52	31	43
ENSG00000212864	16	19	16	16	19	23	27	11	17	27	14	7
ENSG00000212866	824	1088	864	782	801	877	629	584	490	537	476	618
ENSG00000212907	2464	3447	1768	2619	2485	2036	1992	1968	1684	1903	1621	1984
ENSG00000212916	681	1019	789	752	815	625	718	704	602	704	610	681
ENSG00000212993	88	162	147	169	115	127	128	150	144	148	188	147
ENSG00000213015	530	897	721	842	817	810	545	554	484	591	518	477
ENSG00000213020	1999	3640	2372	2440	2525	2443	2500	2437	2165	2681	2227	2291
ENSG00000213023	133	194	178	235	253	185	135	130	105	158	101	141
ENSG00000213024	10154	16581	11383	11561	12186	11145	10839	10133	9192	11818	9486	8679
ENSG00000213030	1	0	0	0	1	0	2	3	0	0	0	4
ENSG00000213047	6631	10775	7310	6813	7346	6350	6755	7161	5937	7663	7304	6635
ENSG00000213064	14393	23032	14452	26895	28592	24870	16389	15769	15105	17411	15187	15514
ENSG00000213066	1475	2422	1693	1931	2016	1712	1907	2052	1833	2175	1903	1773
ENSG00000213079	5015	8045	5725	5575	5927	5142	4857	4656	4196	4993	4479	4384
ENSG00000213085	6	18	16	10	10	11	11	9	11	12	5	9
ENSG00000213096	1761	3178	1894	2704	2820	2515	2247	2247	2029	2359	1911	2022
ENSG00000213123	60	84	59	56	58	44	44	52	52	69	82	38
ENSG00000213139	42	55	47	63	45	39	66	47	60	71	58	62
ENSG00000213145	425	799	760	530	530	515	577	514	499	588	664	398
ENSG00000213160	137	212	138	131	156	105	147	98	108	161	129	118
ENSG00000213185	19	43	33	34	28	35	48	33	32	38	36	27
ENSG00000213186	1886	3293	2075	1854	2106	1836	1935	1927	1700	2025	1761	1680
ENSG00000213190	41	87	77	26	63	21	60	45	43	56	41	34
ENSG00000213199	29	42	24	39	41	23	38	40	32	36	28	32
ENSG00000213203	119	189	145	167	184	198	154	178	122	155	139	157
ENSG00000213204	7	10	15	16	5	34	27	14	13	18	23	39
ENSG00000213213	29	31	23	20	27	14	32	21	20	32	20	19
ENSG00000213214	0	4	0	0	0	0	0	2	0	1	3	0
ENSG00000213215	6	14	6	9	9	7	16	15	6	17	4	12
ENSG00000213221	176	271	217	213	297	215	176	145	130	162	152	171
ENSG00000213246	1238	2042	1632	1428	1477	1391	1470	1237	1146	1464	1256	1211
ENSG00000213265	293	530	365	420	418	428	457	495	442	465	518	419
ENSG00000213281	6147	10218	7171	6011	6747	5940	5462	5478	4777	5886	5813	5255
ENSG00000213297	0	156	13	0	46	0	0	0	0	0	30	0
ENSG00000213316	282	617	572	310	340	365	382	473	363	518	517	335
ENSG00000213337	258	428	349	338	352	296	292	308	263	317	297	266
ENSG00000213339	1440	2162	1731	1451	1633	1354	1400	1364	1217	1511	1211	1224
ENSG00000213341	1938	2802	1923	2154	2381	1915	1582	1366	1321	1420	1488	1621
ENSG00000213347	676	1136	901	766	752	656	785	732	575	797	665	630
ENSG00000213366	168	307	178	267	262	269	182	306	234	281	219	209
ENSG00000213380	2029	3093	2386	2274	2281	1997	2251	2078	1703	2212	1946	1963
ENSG00000213390	5003	8372	6050	5108	5603	5070	5166	5126	4495	5616	5077	4825
ENSG00000213397	872	1213	1052	817	881	740	739	664	600	706	673	711
ENSG00000213398	124	188	136	151	168	132	163	221	133	176	160	139
ENSG00000213402	3	0	0	4	2	6	6	0	16	8	0	0
ENSG00000213413	62	87	85	100	77	82	56	87	86	77	69	62
ENSG00000213420	125	205	162	276	255	215	131	118	120	138	104	142
ENSG00000213445	4057	6758	5549	5768	6116	5560	4875	4591	4308	5200	4632	4289
ENSG00000213462	1092	2194	1388	2000	2045	1924	1865	1993	1530	1993	1497	1432
ENSG00000213463	471	773	483	836	895	795	468	522	431	564	533	541
ENSG00000213465	1015	1597	1093	975	1028	853	1021	923	856	1011	793	903
ENSG00000213471	3	3	7	3	11	6	1	1	1	3	1	2
ENSG00000213516	1279	2276	1599	1349	1525	1291	1152	1253	1025	1316	1347	1175
ENSG00000213523	721	1378	1047	1066	1048	892	901	761	721	816	705	832
ENSG00000213533	1455	2255	1818	1581	1684	1463	1289	1092	1133	1314	1231	1280
ENSG00000213551	2563	3957	3162	2382	2631	2288	2326	2167	1922	2347	2319	2219
ENSG00000213563	1928	3628	3201	2398	2434	2378	2114	2135	1812	2463	2175	1878
ENSG00000213578	2	2	0	0	1	0	1	2	3	1	1	1
ENSG00000213585	14481	22287	16502	13040	14219	12517	12506	11348	10697	12956	11763	11309
ENSG00000213588	1	0	0	0	0	3	0	2	3	0	8	2
ENSG00000213593	3064	4745	3347	3201	3320	2764	2677	2519	2370	2751	2544	2351
ENSG00000213614	2425	4360	3222	2957	3117	2853	3105	3351	2661	3736	3274	2785
ENSG00000213619	2471	4140	3246	2881	3109	2733	2641	2337	2275	2669	2611	2381
ENSG00000213625	2249	3650	2428	2292	2529	2336	2098	2159	1803	2398	2085	2074
ENSG00000213626	17	20	10	78	61	57	20	24	31	21	31	17
ENSG00000213638	433	729	664	460	502	455	410	374	341	436	380	312
ENSG00000213639	14376	24392	18304	15069	16895	15008	12857	13758	11421	14489	14889	12586
ENSG00000213648	189	191	249	43	203	218	128	134	182	293	22	120
ENSG00000213654	0	0	0	0	0	0	0	0	0	0	0	0
ENSG00000213658	852	1569	1393	1077	1003	1040	1252	1294	974	1438	1287	986
ENSG00000213672	1470	2734	1992	1432	1509	1433	1636	1839	1396	1984	1735	1413
ENSG00000213676	1158	4471	3429	3624	4250	3038	3541	3417	1416	3804	2807	1933
ENSG00000213689	375	474	480	397	388	370	326	350	256	355	276	251
ENSG00000213694	2561	4002	2567	1912	1973	1735	2270	2343	1943	2649	2295	2192
ENSG00000213699	987	1403	1035	2294	2451	2098	1017	856	889	992	899	940
ENSG00000213714	0	5	1	6	1	0	2	6	3	3	4	10
ENSG00000213722	195	382	319	340	440	358	199	320	197	386	211	268
ENSG00000213741	5180	9482	7652	6919	7736	7091	6400	5895	5137	6683	5843	4569
ENSG00000213760	3	4	22	4	3	12	7	6	2	1	5	27
ENSG00000213762	1253	2297	1647	1540	1601	1447	1517	1478	1269	1622	1348	1307
ENSG00000213780	18	312	233	16	74	102	33	143	98	141	30	103
ENSG00000213782	1805	3002	2057	2146	2281	2012	1919	1985	1707	2074	1797	1737
ENSG00000213793	2312	4172	2926	2628	2743	2439	2535	2570	2363	2624	2542	2540
ENSG00000213799	1118	2000	1344	1328	1357	1317	1371	1318	1222	1358	1384	1314
ENSG00000213809	19	45	20	106	68	59	48	46	62	48	22	8
ENSG00000213853	974	1898	1284	2296	2372	2123	2118	1997	2057	2284	1885	1349
ENSG00000213859	326	654	536	377	409	426	367	474	302	466	452	294
ENSG00000213889	123	208	145	131	166	129	153	163	135	169	124	130
ENSG00000213901	43	40	31	35	46	41	53	36	47	44	35	48
ENSG00000213903	1237	2063	1557	1351	1462	1277	1455	1457	1253	1672	1380	1413
ENSG00000213906	606	884	751	659	774	616	648	653	564	697	627	534
ENSG00000213918	849	1329	906	909	945	925	1040	1150	982	1236	1047	864
ENSG00000213920	198	365	330	268	298	297	227	201	184	224	233	171
ENSG00000213923	3083	4928	3430	3732	3914	3537	2982	2793	2685	3236	2749	2766
ENSG00000213927	2	5	10	11	7	3	4	2	5	1	3	4
ENSG00000213928	429	903	566	638	604	563	638	678	492	731	508	425
ENSG00000213930	729	1191	991	963	1009	880	939	938	838	1008	861	798
ENSG00000213937	7	7	8	5	6	1	9	15	7	14	9	8
ENSG00000213949	160	234	125	225	204	157	212	186	197	205	210	171
ENSG00000213965	2931	4904	3435	3047	3368	2820	3033	2874	2561	3200	2806	2724
ENSG00000213967	454	679	571	614	584	552	554	562	555	636	576	525
ENSG00000213973	17	28	18	23	7	14	27	18	9	20	33	19
ENSG00000213977	1111	1679	1424	1470	1503	1284	1141	952	855	1143	947	942
ENSG00000213983	818	1435	1115	1174	1130	1209	951	1086	794	1237	980	786
ENSG00000213988	338	654	459	559	531	566	557	612	567	649	596	554
ENSG00000213995	1114	1865	1358	1359	1477	1242	1151	1088	927	1209	1029	975
ENSG00000213999	33	197	78	71	84	64	46	92	40	113	94	100
ENSG00000214013	2156	3420	2268	2938	3123	2611	2706	2649	2468	3199	2607	2647
ENSG00000214021	1434	2592	1790	2064	2021	1811	1867	2026	1597	2200	1793	1577
ENSG00000214022	4413	7350	5790	6071	6442	5966	5027	4513	4221	5260	4765	4168
ENSG00000214026	1661	2857	2158	1911	2001	1775	1639	1559	1453	1889	1688	1518
ENSG00000214029	995	1702	1148	1213	1326	1210	1330	1449	1224	1467	1290	1324
ENSG00000214046	2861	5264	3989	3818	3930	3697	3690	3628	3068	3883	3706	3267
ENSG00000214050	29	72	52	21	39	50	40	55	32	52	44	37
ENSG00000214063	108	163	139	107	98	88	82	102	92	98	85	79
ENSG00000214078	4941	8104	6215	5484	5906	5183	5325	5022	4570	5861	5177	4954
ENSG00000214087	620	898	767	684	779	664	655	645	527	628	730	607
ENSG00000214113	1117	1790	1330	1218	1299	1117	1199	1106	1031	1200	1102	1062
ENSG00000214114	2650	4265	3037	2429	2740	2227	2397	2184	2096	2392	2385	2227
ENSG00000214128	109	266	179	197	175	163	160	199	219	207	221	226
ENSG00000214140	0	7	8	5	2	7	5	2	1	8	1	2
ENSG00000214160	1507	2370	1713	1464	1517	1366	1324	1130	1133	1339	1112	1107
ENSG00000214193	290	1041	821	536	633	667	820	1077	697	1113	935	518
ENSG00000214194	1631	2612	1714	1748	1905	1608	1474	1488	1255	1551	1490	1456
ENSG00000214212	129	194	211	307	316	359	192	188	175	256	179	165
ENSG00000214226	102	145	107	116	115	87	135	81	92	108	89	87
ENSG00000214253	1900	3235	2469	2033	2313	1974	1739	1575	1420	1730	1605	1531
ENSG00000214265	408	656	505	359	344	352	411	460	410	496	529	403
ENSG00000214274	5	12	13	11	11	7	9	12	0	13	8	5
ENSG00000214279	273	501	285	282	249	250	319	382	300	413	300	305
ENSG00000214300	36	63	43	63	58	58	33	40	53	54	23	33
ENSG00000214309	35	65	42	47	34	45	29	35	30	39	25	38
ENSG00000214336	38	72	41	57	54	41	60	63	46	54	47	49
ENSG00000214338	0	0	15	0	0	7	0	0	0	0	0	0
ENSG00000214357	28	38	43	57	43	53	50	46	26	41	34	35
ENSG00000214360	1	2	0	1	0	0	1	4	2	3	2	2
ENSG00000214367	1502	2407	1737	1598	1619	1546	1624	1631	1328	1662	1546	1406
ENSG00000214376	2	1	2	1	1	1	0	1	0	1	0	0
ENSG00000214402	1	2	3	1	2	0	0	3	1	3	6	0
ENSG00000214413	549	1037	687	722	700	675	595	611	542	675	596	490
ENSG00000214435	0	0	0	0	0	42	0	0	22	0	149	98
ENSG00000214447	34	53	69	36	49	39	17	44	31	37	20	19
ENSG00000214456	6	16	12	11	12	10	16	21	11	14	10	10
ENSG00000214491	1	9	0	2	3	1	6	5	0	5	3	5
ENSG00000214511	0	0	0	0	4	1	0	0	0	0	3	0
ENSG00000214513	2	2	2	2	1	2	0	4	2	1	1	3
ENSG00000214517	1502	2361	1684	1432	1544	1347	1550	1438	1304	1668	1436	1331
ENSG00000214530	101	156	111	99	106	81	116	130	114	126	136	101
ENSG00000214534	51	70	51	46	39	35	38	37	31	29	45	40
ENSG00000214562	93	218	173	207	237	193	124	124	97	116	126	128
ENSG00000214595	26	37	15	31	33	20	43	38	47	20	35	14
ENSG00000214652	1	6	1	6	2	6	11	6	6	6	2	4
ENSG00000214654	208	347	251	255	240	271	139	144	129	148	188	127
ENSG00000214655	2204	3821	2839	2940	3047	2851	2395	2502	1947	2809	2306	2136
ENSG00000214688	1	11	6	13	18	10	4	3	6	2	3	10
ENSG00000214694	8	18	4	12	3	8	7	7	3	5	5	4
ENSG00000214706	2963	4183	3534	2382	2608	2223	2356	2115	2008	2319	2320	2273
ENSG00000214711	2	2	3	1	1	0	2	0	2	2	3	1
ENSG00000214717	2918	4639	3675	3817	4214	3884	2740	2612	2488	3074	2600	2688
ENSG00000214736	2933	4421	3427	2859	2938	2608	2641	2315	1968	2730	2367	2231
ENSG00000214753	6816	10832	7963	7258	7760	6898	7286	6921	6350	7697	6872	6580
ENSG00000214756	134	267	197	185	210	156	173	162	139	171	174	164
ENSG00000214787	1021	1740	649	1514	1517	1412	1506	1722	1536	1629	1501	1352
ENSG00000214814	0	4	0	1	3	0	2	0	0	0	0	1
ENSG00000214819	41	51	39	26	25	17	50	50	36	73	49	61
ENSG00000214827	46	77	41	64	58	43	50	41	34	46	28	40
ENSG00000214842	12	14	9	6	15	6	11	7	3	13	11	6
ENSG00000214940	32	59	25	17	13	36	39	30	19	39	16	29
ENSG00000214941	234	389	276	286	325	292	284	258	234	279	234	195
ENSG00000214944	1	2	10	3	7	7	3	4	4	6	2	5
ENSG00000214946	19	20	8	9	16	10	5	18	4	16	13	2
ENSG00000214954	59	116	79	105	112	80	79	95	86	126	71	69
ENSG00000214960	74	133	101	51	49	83	85	70	62	81	68	91
ENSG00000214967	136	238	192	204	180	174	221	224	283	284	204	244
ENSG00000215009	12	11	11	7	8	6	7	20	11	25	14	10
ENSG00000215012	1965	2943	2199	1667	1808	1564	1749	1793	1597	2071	1830	1785
ENSG00000215018	37	65	11	62	52	40	56	75	58	83	50	34
ENSG00000215021	8850	15330	11838	10272	11428	9853	9191	8694	7529	9552	9106	8260
ENSG00000215041	2333	3286	2730	2352	2492	2148	2414	2219	2242	2537	2354	2261
ENSG00000215045	3	13	10	16	20	12	13	13	15	14	11	12
ENSG00000215077	1670	2704	1018	1506	1496	1545	1037	1105	1406	1247	881	1089
ENSG00000215114	2496	3949	2371	2202	2487	2099	2160	2288	1869	2436	1982	2173
ENSG00000215126	626	905	637	665	657	565	669	733	597	759	611	711
ENSG00000215182	2	0	0	0	1	4	1	3	0	4	0	2
ENSG00000215183	8	17	8	3	7	6	7	5	7	7	8	8
ENSG00000215186	0	0	0	3	0	1	0	1	1	1	2	0
ENSG00000215187	3	5	1	3	2	5	5	6	4	7	3	1
ENSG00000215193	5091	8193	6141	6083	6049	5535	5160	5443	4674	5879	5331	5172
ENSG00000215251	1786	2759	1940	1714	1927	1636	1613	1533	1439	1748	1470	1593
ENSG00000215252	583	1101	857	341	397	370	718	943	663	956	964	595
ENSG00000215271	625	1022	760	694	795	668	689	605	531	777	671	519
ENSG00000215301	15183	25131	18149	18868	20100	17196	14685	14071	12686	15036	14346	13748
ENSG00000215305	1469	2197	1739	1509	1714	1425	1469	1387	1231	1599	1415	1373
ENSG00000215372	2	2	0	0	0	1	2	2	3	2	0	0
ENSG00000215375	212	407	351	275	344	274	260	284	202	290	221	223
ENSG00000215421	2627	4212	2822	3052	3245	2798	2544	2465	2319	2533	2306	2226
ENSG00000215425	1106	2048	1509	1497	1148	942	1263	1355	1134	1265	816	1202
ENSG00000215440	801	1363	974	1162	1141	1024	873	780	699	867	730	708
ENSG00000215472	381	725	464	404	378	404	317	261	277	267	330	234
ENSG00000215475	0	0	0	1	1	0	2	0	0	0	0	0
ENSG00000215529	7	4	1	7	10	9	4	2	5	13	4	2
ENSG00000215595	2	4	3	6	3	1	1	2	0	0	2	0
ENSG00000215641	1500	4510	442	3041	1756	927	3537	2927	1638	938	49	2028
ENSG00000215644	1	0	1	1	1	1	0	4	1	1	6	1
ENSG00000215695	204	302	108	256	205	282	150	248	94	134	125	179
ENSG00000215712	395	658	518	439	460	458	419	364	353	404	394	362
ENSG00000215717	1568	2849	2112	1923	2153	1889	1680	1754	1558	1916	1718	1481
ENSG00000215784	695	967	781	597	656	502	614	559	480	611	525	584
ENSG00000215788	66	135	96	77	108	84	144	100	108	154	89	120
ENSG00000215790	4852	8133	6296	6567	7157	6495	6524	6315	5729	7007	6573	5560
ENSG00000215817	6	8	10	1	4	2	6	3	7	6	4	5
ENSG00000215845	4	7	5	8	6	3	1	9	5	4	6	1
ENSG00000215883	725	1164	820	865	798	721	797	900	758	936	754	775
ENSG00000215910	15	36	23	18	11	17	22	27	28	10	13	11
ENSG00000215912	40	85	79	52	46	47	56	57	34	47	42	36
ENSG00000215915	25	63	42	56	64	48	37	35	34	44	26	39
ENSG00000216490	346	759	562	2191	2254	2063	750	641	627	654	585	514
ENSG00000216937	169	343	209	202	214	202	264	287	229	305	247	226
ENSG00000217128	3950	7242	4765	4069	4646	4027	4411	5041	4031	5183	4854	3915
ENSG00000217236	0	1	1	0	1	0	0	2	0	0	0	0
ENSG00000217442	4	12	12	2	2	1	6	1	2	4	1	2
ENSG00000217555	597	951	821	663	766	761	755	746	618	863	737	669
ENSG00000217930	92	191	130	114	74	74	87	84	87	139	108	144
ENSG00000218305	79	105	95	107	86	77	96	141	103	99	85	92
ENSG00000218336	9	10	4	9	3	3	4	10	11	7	3	3
ENSG00000218739	3269	5240	3744	3417	3757	3442	3333	3176	2759	3483	3233	3012
ENSG00000218823	23	28	38	51	36	35	19	60	27	64	37	67
ENSG00000218891	608	1112	1040	790	875	823	771	728	590	897	752	650
ENSG00000219200	819	1416	926	804	939	800	929	729	685	892	647	721
ENSG00000219435	3	0	1	0	0	0	0	0	0	3	1	0
ENSG00000219481	464	798	503	595	656	545	575	657	531	649	478	569
ENSG00000219545	610	1050	717	631	718	661	650	618	616	667	695	578
ENSG00000219607	247	374	273	288	284	261	226	267	224	284	253	210
ENSG00000219626	809	1399	634	1209	1098	1010	1268	1439	1084	1391	1086	1101
ENSG00000220008	257	401	376	315	278	265	250	340	288	348	274	238
ENSG00000220201	74	124	131	85	89	144	86	83	68	109	116	77
ENSG00000220205	626	1163	755	798	925	910	862	796	699	894	784	687
ENSG00000221818	2	1	2	1	1	4	5	3	3	3	10	1
ENSG00000221821	55	74	57	57	99	76	62	60	51	63	60	55
ENSG00000221823	9482	15265	11473	8490	9433	8282	8095	8219	7076	9162	8863	7752
ENSG00000221829	1733	2739	2061	1718	1817	1649	1539	1499	1420	1607	1592	1522
ENSG00000221836	27	82	53	41	61	55	45	58	46	68	61	44
ENSG00000221838	579	931	720	734	715	621	558	515	512	580	539	456
ENSG00000221843	5	10	8	12	5	8	5	2	4	5	7	5
ENSG00000221855	16	28	17	14	26	17	23	32	16	25	25	17
ENSG00000221858	2	3	0	3	3	2	1	3	1	4	1	2
ENSG00000221866	35	26	43	10	5	10	19	44	21	50	42	25
ENSG00000221869	1486	2856	2461	1412	1429	1418	1589	1757	1333	2119	1887	1433
ENSG00000221874	46	63	43	92	55	86	30	83	49	76	6	47
ENSG00000221882	4	2	0	1	7	3	3	2	3	4	1	2
ENSG00000221883	67	146	84	108	104	75	92	118	84	119	79	103
ENSG00000221886	102	175	143	111	133	97	143	186	132	137	183	104
ENSG00000221887	2	0	0	0	1	0	1	0	2	1	1	4
ENSG00000221890	330	537	470	237	253	175	268	278	250	322	279	283
ENSG00000221909	257	472	352	306	337	215	270	283	219	275	262	294
ENSG00000221914	4593	7420	4982	4994	5247	4489	4662	4371	3951	4748	4453	4334
ENSG00000221916	23	34	26	30	30	29	32	34	16	32	36	17
ENSG00000221923	60	148	59	100	95	104	116	88	102	98	96	75
ENSG00000221926	4600	7243	5082	2403	2448	2262	2855	3194	2280	3641	3285	3283
ENSG00000221933	7	13	6	5	5	2	7	6	4	2	3	2
ENSG00000221944	1037	1708	1156	1271	1299	1187	1151	1301	1200	1308	1222	1098
ENSG00000221947	106	217	58	172	200	175	219	190	171	265	183	141
ENSG00000221955	82	151	134	220	221	221	117	128	106	146	97	90
ENSG00000221963	3262	5771	4360	5575	5974	5379	3436	3286	2779	3601	3166	3525
ENSG00000221968	487	898	681	617	696	614	417	512	409	665	472	439
ENSG00000221974	198	37	0	176	100	0	126	0	50	44	128	0
ENSG00000221978	4451	6958	5292	5153	5129	4830	5907	5993	5180	6640	5813	5418
ENSG00000221983	7408	12736	9658	9574	10027	8900	8709	7397	6875	8660	8383	6920
ENSG00000221986	4	2	0	0	1	1	0	0	2	0	0	1
ENSG00000221994	7	26	8	13	12	22	20	17	11	18	15	12
ENSG00000221995	151	271	175	207	150	166	192	193	193	200	171	178
ENSG00000222009	31	59	32	44	50	43	35	33	45	43	46	27
ENSG00000222011	248	338	311	242	271	232	236	221	186	274	223	189
ENSG00000222036	0	8	6	11	11	10	7	1	3	0	4	7
ENSG00000222046	3	2	3	5	1	1	4	2	1	5	4	2
ENSG00000222047	75	157	149	120	133	136	98	94	101	102	96	82
ENSG00000223355	0	0	0	0	0	0	0	7	0	0	8	0
ENSG00000223496	5613	8959	6583	6530	6841	6084	5947	5923	5308	6113	5501	5608
ENSG00000223501	1009	582	1252	506	1160	856	1130	264	579	1026	357	146
ENSG00000223510	0	2	0	0	1	1	1	3	3	0	1	0
ENSG00000223532	1784	3566	2761	2632	2787	2453	2554	2042	2112	2689	2333	2174
ENSG00000223533	294	502	399	247	248	244	288	341	253	289	342	247
ENSG00000223547	86	173	97	141	140	100	134	189	175	143	179	128
ENSG00000223569	3	1	0	0	0	0	0	6	0	5	3	0
ENSG00000223573	55	91	61	65	74	61	66	75	71	74	82	70
ENSG00000223618	0	0	11	0	33	0	20	0	18	0	0	0
ENSG00000223638	0	2	1	0	0	2	0	2	0	3	4	0
ENSG00000223654	59	85	62	70	112	87	54	36	54	110	37	35
ENSG00000223658	24	45	28	30	20	22	32	20	13	18	26	21
ENSG00000223687	0	122	62	27	36	73	53	58	0	41	32	0
ENSG00000223699	0	0	0	0	10	29	0	0	0	0	0	0
ENSG00000223752	99	101	74	64	99	112	124	83	34	76	91	86
ENSG00000223757	8	13	48	19	26	0	4	3	38	4	29	15
ENSG00000223766	842	701	897	1048	642	995	1174	1187	1057	1199	1188	1113
ENSG00000223802	6	45	35	22	25	6	2	32	7	10	11	26
ENSG00000223865	1	4	1	12	15	16	5	4	7	4	11	10
ENSG00000223898	3	4	0	5	1	1	2	5	4	4	1	5
ENSG00000223932	23	82	84	49	66	99	61	52	67	77	18	51
ENSG00000223952	707	1714	1238	1376	1372	0	1382	1391	1090	1493	1337	1128
ENSG00000223957	0	0	74	0	0	0	0	0	0	0	0	0
ENSG00000223980	4	2	2	1	1	2	7	2	3	0	7	3
ENSG00000224051	398	702	578	438	465	519	461	424	406	487	462	408
ENSG00000224103	40	137	39	318	314	254	196	134	128	166	152	65
ENSG00000224143	467	565	366	458	443	357	467	535	534	547	378	474
ENSG00000224264	1811	3172	1879	1949	2268	1992	1236	1191	1297	1599	1491	1552
ENSG00000224313	21	61	100	55	65	32	30	60	22	52	28	43
ENSG00000224320	51	80	53	44	57	57	52	56	34	44	53	32
ENSG00000224379	1536	2304	1864	1802	1906	1461	1041	1642	1241	1762	1198	1481
ENSG00000224383	13	14	24	19	11	19	13	14	22	22	19	12
ENSG00000224389	16	42	17	34	36	20	15	41	14	34	45	21
ENSG00000224393	7	8	4	5	6	9	10	7	8	8	4	0
ENSG00000224399	32	144	12	0	0	11	791	4	0	64	25	753
ENSG00000224420	254	404	333	293	295	225	267	244	195	292	267	220
ENSG00000224455	570	1859	484	767	798	1263	742	1198	864	1217	621	1108
ENSG00000224470	1637	2963	1933	2086	2147	2036	1766	1790	1497	1944	1665	1597
ENSG00000224501	173	498	259	232	195	152	194	224	142	229	248	147
ENSG00000224531	1014	1669	1210	1085	1229	1053	995	992	827	1010	939	903
ENSG00000224552	115	282	81	401	245	89	132	148	59	310	274	207
ENSG00000224578	16	17	8	8	12	6	10	9	7	7	1	7
ENSG00000224608	268	234	411	151	466	410	73	98	317	107	91	0
ENSG00000224712	12	7	13	0	3	10	0	14	0	0	5	0
ENSG00000224740	110	202	97	160	202	177	96	79	75	86	53	63
ENSG00000224774	586	976	512	715	697	627	734	804	436	1054	865	849
ENSG00000224877	644	922	737	570	610	523	551	466	384	534	555	505
ENSG00000224916	9	23	19	22	8	19	23	33	23	24	16	11
ENSG00000224940	71	121	94	31	39	37	58	67	28	70	40	54
ENSG00000224941	142	0	40	542	0	401	0	443	0	0	0	0
ENSG00000224952	337	536	380	386	512	307	296	397	277	485	462	378
ENSG00000224982	1107	1671	1188	1527	1699	1437	1273	1225	1169	1216	1152	1139
ENSG00000225060	259	317	248	0	99	457	145	0	375	229	143	0
ENSG00000225073	1558	2449	1827	1809	1745	1745	1392	1374	1387	1536	1455	1468
ENSG00000225164	1361	789	0	0	863	0	1008	219	1600	954	0	710
ENSG00000225190	0	0	0	0	0	0	0	0	0	0	0	0
ENSG00000225211	1	7	6	4	4	0	0	0	3	3	2	2
ENSG00000225351	103	96	0	91	0	70	65	0	0	0	59	107
ENSG00000225526	1	9	1	8	6	6	2	4	0	4	1	0
ENSG00000225528	0	1	0	2	3	8	0	3	2	2	6	0
ENSG00000225553	950	1636	1328	1142	1083	1078	1033	1188	910	1347	1137	874
ENSG00000225614	1497	2779	2067	2287	2426	2360	2073	1898	1817	2242	2084	1779
ENSG00000225663	502	810	745	669	759	625	477	553	515	600	579	425
ENSG00000225691	195	359	287	271	274	233	202	226	185	209	244	216
ENSG00000225697	2849	4972	3661	3031	3365	3011	3067	2927	2690	3350	2908	2661
ENSG00000225748	432	600	447	438	458	421	483	482	428	503	478	447
ENSG00000225824	55	102	71	79	110	100	83	90	98	98	61	90
ENSG00000225828	220	368	273	308	346	307	302	358	235	398	299	231
ENSG00000225830	1389	2495	1789	2074	2019	1850	1640	1778	1479	1998	1745	1609
ENSG00000225890	234	583	143	427	307	296	662	190	211	311	0	186
ENSG00000225921	1072	1769	1288	976	1068	964	1069	841	798	1053	1004	933
ENSG00000225968	10	10	7	17	11	14	2	9	8	6	5	7
ENSG00000225973	459	775	659	444	479	419	517	478	387	515	503	448
ENSG00000225989	71	174	182	218	140	185	131	55	66	88	163	144
ENSG00000225998	76	244	21	44	59	23	222	76	140	39	168	59
ENSG00000226033	81	136	161	47	34	99	138	102	92	82	107	59
ENSG00000226103	0	0	0	0	0	0	0	0	0	0	0	0
ENSG00000226124	194	261	185	247	230	212	236	203	236	269	185	229
ENSG00000226171	83	216	154	1029	132	113	602	152	89	458	112	182
ENSG00000226173	958	1508	1234	981	1149	912	783	778	779	914	890	646
ENSG00000226174	97	109	150	114	103	104	120	96	69	88	81	67
ENSG00000226182	0	0	0	0	0	0	25	0	30	0	0	0
ENSG00000226225	4	0	30	4	4	13	4	4	0	4	4	10
ENSG00000226248	18339	31223	24580	20007	21814	19546	18628	17607	15290	19389	18902	17425
ENSG00000226257	0	0	0	64	0	19	0	0	0	0	0	0
ENSG00000226260	137	200	135	656	693	745	405	294	348	349	220	248
ENSG00000226264	0	0	0	0	26	0	0	0	0	0	0	0
ENSG00000226275	4	14	5	16	19	6	7	5	2	2	1	3
ENSG00000226384	302	418	361	283	368	321	253	269	242	272	281	286
ENSG00000226404	16	46	27	40	41	22	21	0	19	25	27	29
ENSG00000226437	71	113	60	82	75	63	53	36	47	53	77	44
ENSG00000226479	3812	5503	3927	3798	4210	3595	3344	3178	2841	3642	3134	3209
ENSG00000226492	155	313	199	185	194	155	174	147	165	217	202	97
ENSG00000226589	0	0	13	0	0	0	11	13	10	9	5	7
ENSG00000226618	17697	28864	19541	19918	20075	18674	19235	16753	15189	20841	15631	17100
ENSG00000226634	119	244	200	182	150	153	166	137	146	170	229	128
ENSG00000226650	1	2	0	0	0	1	1	5	0	7	3	2
ENSG00000226651	25	89	43	0	7	0	16	35	7	6	13	25
ENSG00000226690	10	14	10	1	14	16	16	12	9	16	12	11
ENSG00000226710	0	0	0	0	0	0	0	97	0	0	0	0
ENSG00000226742	67	162	121	67	64	48	90	129	85	125	116	89
ENSG00000226761	15	21	25	19	17	23	21	36	32	27	35	23
ENSG00000226763	23	56	38	34	33	31	23	26	41	55	24	23
ENSG00000226784	2	2	2	1	0	3	0	3	2	6	0	1
ENSG00000226792	18	22	16	27	15	11	20	35	24	29	18	40
ENSG00000226882	0	0	0	0	0	0	0	95	0	0	0	0
ENSG00000226887	1	3	0	2	1	3	0	2	0	0	2	0
ENSG00000226916	979	1028	913	1080	1099	902	684	861	589	857	531	460
ENSG00000226923	0	0	0	0	0	0	0	0	2	0	0	0
ENSG00000227051	0	3	2	7	2	3	1	6	3	7	5	3
ENSG00000227057	170	257	381	227	214	240	174	179	222	175	195	233
ENSG00000227074	138	148	93	112	96	94	167	145	212	212	71	80
ENSG00000227124	477	925	605	698	638	658	804	800	623	796	659	635
ENSG00000227129	1458	2984	2404	1630	1650	1574	1500	1662	1105	1695	1550	1378
ENSG00000227144	1	0	0	6	0	0	1	1	0	0	0	12
ENSG00000227171	0	0	0	1	0	3	0	0	1	1	3	0
ENSG00000227222	9	19	126	100	16	29	160	13	24	19	15	30
ENSG00000227268	263	398	286	552	620	508	373	307	326	355	330	287
ENSG00000227277	0	0	0	0	0	0	10	1	0	0	0	0
ENSG00000227314	0	0	142	0	32	8	0	0	0	15	0	0
ENSG00000227315	48	27	46	10	53	38	30	5	49	28	55	27
ENSG00000227317	125	309	228	189	215	130	241	176	96	162	248	113
ENSG00000227322	35	107	54	25	28	25	25	31	30	32	59	28
ENSG00000227345	1479	2229	1623	2069	2139	1834	1602	1430	1425	1667	1502	1487
ENSG00000227357	16	29	16	52	56	48	27	23	15	18	26	12
ENSG00000227460	395	435	460	385	454	421	372	429	303	351	178	216
ENSG00000227471	138	210	135	214	167	182	167	232	149	230	182	151
ENSG00000227500	1835	3025	2154	2234	2228	2093	2070	1907	1703	2128	1781	1823
ENSG00000227507	5	10	8	20	1	3	6	14	16	10	12	6
ENSG00000227600	6	97	84	50	95	75	47	11	44	53	70	41
ENSG00000227642	509	869	624	699	722	695	508	536	370	682	586	345
ENSG00000227686	23	21	20	39	38	21	27	9	4	13	13	13
ENSG00000227715	8018	13953	11896	10697	11697	10785	8737	8597	7768	9533	9959	8039
ENSG00000227739	14705	21782	13728	14895	15761	12937	14821	11866	11200	14559	11190	12724
ENSG00000227746	21	0	0	53	25	7	53	64	0	54	0	35
ENSG00000227761	187	204	0	0	0	0	0	176	123	0	101	90
ENSG00000227772	7	2	0	6	11	0	6	0	0	9	21	7
ENSG00000227780	402	797	616	562	506	414	417	365	321	490	399	327
ENSG00000227794	145	216	234	90	169	197	136	159	133	201	159	117
ENSG00000227804	4504	7248	5261	4793	5510	4826	4761	4459	3806	4944	4374	3997
ENSG00000227816	40	46	41	18	44	26	28	53	49	37	40	37
ENSG00000227877	9	6	2	6	2	8	4	2	4	5	5	1
ENSG00000227993	64	0	112	333	197	185	191	48	131	168	106	127
ENSG00000228049	663	1113	751	971	885	815	942	975	785	1071	818	800
ENSG00000228075	3	13	4	9	7	3	6	8	1	3	6	10
ENSG00000228080	111	231	188	593	649	574	296	229	231	252	240	182
ENSG00000228090	0	8	0	0	0	0	0	0	0	0	0	15
ENSG00000228116	6	7	3	5	0	2	7	5	11	0	13	1
ENSG00000228144	0	0	3	0	0	0	0	0	0	0	3	2
ENSG00000228163	40	38	57	240	230	247	84	83	137	107	34	59
ENSG00000228177	127	505	511	374	355	302	0	163	154	312	215	254
ENSG00000228198	152	205	136	166	143	135	159	207	168	209	168	171
ENSG00000228253	908	1378	698	1200	1141	872	912	795	734	859	603	918
ENSG00000228278	1	11	6	1	0	1	0	2	0	10	0	0
ENSG00000228284	5321	8585	425	7538	7017	6428	7036	8927	6991	8827	7297	6281
ENSG00000228299	2765	4741	3808	3545	3761	3329	3006	2826	2335	3075	2826	2270
ENSG00000228300	1276	1955	1650	1391	1483	1311	1164	1028	1036	1160	1246	983
ENSG00000228333	1018	1594	1295	1181	1330	1097	1016	1085	895	1231	1026	846
ENSG00000228425	0	729	0	778	0	114	0	740	517	198	693	767
ENSG00000228435	0	0	0	0	0	0	0	0	0	0	16	0
ENSG00000228474	1610	2809	2095	1978	2199	1896	1692	1544	1289	1752	1553	1351
ENSG00000228486	131	224	214	175	168	154	188	227	146	236	183	159
ENSG00000228570	103	168	97	109	95	112	107	89	125	100	109	117
ENSG00000228575	515	816	761	639	663	556	581	720	521	745	775	646
ENSG00000228582	759	393	483	427	666	875	487	638	802	490	482	911
ENSG00000228594	715	1219	985	707	768	652	782	663	750	885	775	624
ENSG00000228605	161	364	236	189	198	183	238	168	134	240	177	172
ENSG00000228628	334	589	520	445	449	524	375	416	324	468	418	453
ENSG00000228662	0	0	3	0	0	1	0	0	0	0	0	0
ENSG00000228672	178	320	217	179	204	200	177	176	175	206	165	154
ENSG00000228696	227	279	208	338	255	222	317	385	277	369	324	302
ENSG00000228716	6829	10482	7656	6538	7084	6210	6709	6301	5687	6699	6852	6631
ENSG00000228736	14	50	26	5	13	46	96	21	31	67	60	60
ENSG00000228760	5212	7942	5274	6592	5164	4978	5437	3323	2462	6235	3791	4391
ENSG00000228813	0	0	0	3	5	0	3	3	1	4	3	3
ENSG00000228836	0	0	0	5	0	4	2	0	0	0	0	0
ENSG00000228854	897	1441	1077	1047	1116	1006	1000	898	818	1010	891	869
ENSG00000228859	0	2	0	0	6	0	0	0	2	0	0	1
ENSG00000228875	0	76	41	0	34	0	18	3	48	0	41	9
ENSG00000228964	1	309	0	277	4	8	248	194	0	259	316	398
ENSG00000228978	20	0	4	0	0	0	0	0	0	0	0	4
ENSG00000228987	240	486	326	1293	1439	1348	762	662	588	680	573	396
ENSG00000229006	52	89	57	35	43	39	30	52	39	68	38	70
ENSG00000229074	0	0	0	0	0	0	0	0	0	0	0	0
ENSG00000229077	9	21	9	0	0	8	0	6	11	0	0	0
ENSG00000229117	11989	21395	18497	15766	16436	14582	14900	13361	11124	15354	15361	12141
ENSG00000229176	0	0	41	47	37	0	0	0	0	0	56	0
ENSG00000229295	12	28	21	112	114	124	41	56	41	62	34	35
ENSG00000229300	410	0	0	534	0	0	0	0	0	480	410	401
ENSG00000229314	3	21	27	4	1	5	3	6	4	14	7	4
ENSG00000229341	0	0	0	0	6	0	0	0	3	0	0	0
ENSG00000229363	209	348	311	411	172	253	194	163	93	326	318	142
ENSG00000229474	64	139	82	83	98	107	100	100	68	93	85	67
ENSG00000229496	249	198	105	98	61	232	88	38	83	146	276	153
ENSG00000229524	86	0	18	9	0	0	47	40	118	39	10	57
ENSG00000229637	34	59	52	58	66	63	67	56	45	46	44	61
ENSG00000229676	122	215	160	171	171	148	191	204	215	215	183	198
ENSG00000229698	85	175	172	129	116	126	95	79	72	131	91	104
ENSG00000229809	158	323	270	215	252	241	211	171	190	277	192	177
ENSG00000229833	257	384	280	232	226	236	260	233	196	187	214	214
ENSG00000229859	0	1	1	0	0	0	0	3	0	3	0	0
ENSG00000229894	1	4	2	5	1	1	6	2	0	1	5	0
ENSG00000230034	752	1275	1074	950	1034	877	801	629	599	647	780	675
ENSG00000230124	993	1541	1102	1091	1147	884	1013	1032	931	1080	910	853
ENSG00000230128	33	158	117	167	213	203	80	82	66	85	81	83
ENSG00000230143	12	38	0	29	0	0	0	45	0	0	0	30
ENSG00000230257	40	119	65	53	44	44	77	57	47	75	73	49
ENSG00000230279	4	0	5	0	0	6	7	5	2	2	1	3
ENSG00000230293	970	1611	912	1000	1061	1067	891	1008	917	1212	856	939
ENSG00000230358	2	5	7	2	1	5	4	1	2	1	3	0
ENSG00000230453	456	674	437	314	364	304	383	433	362	461	393	410
ENSG00000230456	0	6	3	0	3	0	1	4	0	2	3	0
ENSG00000230463	73	126	119	266	317	285	177	103	164	127	142	150
ENSG00000230475	7	20	10	5	8	8	7	6	8	9	13	4
ENSG00000230510	57	82	94	79	98	71	77	110	77	113	86	80
ENSG00000230624	6290	10301	7152	7098	7414	6335	6782	6414	5461	6917	6160	5489
ENSG00000230626	0	0	0	2	0	0	2	0	1	0	0	0
ENSG00000230678	25	0	29	42	0	19	0	7	13	10	0	0
ENSG00000230685	0	0	0	0	0	0	0	0	14	0	0	0
ENSG00000230700	1820	2894	2490	2195	2283	1873	1844	1545	1788	1626	1745	1425
ENSG00000230763	0	0	0	0	0	0	0	0	0	0	0	0
ENSG00000230778	20	43	32	25	7	17	28	28	28	47	30	29
ENSG00000230791	0	0	0	0	0	0	0	0	0	0	0	0
ENSG00000230797	77	151	76	97	131	129	81	98	85	117	75	81
ENSG00000230873	7	15	13	11	6	14	20	11	11	12	19	13
ENSG00000230885	0	0	0	8	11	3	0	0	0	0	3	11
ENSG00000230907	128	247	0	108	98	0	0	0	0	132	139	0
ENSG00000230930	0	0	17	0	0	0	17	35	25	27	28	15
ENSG00000230961	0	2	1	19	0	17	1	35	0	53	27	0
ENSG00000230985	752	1101	864	646	831	558	553	559	639	691	512	586
ENSG00000230989	2244	3664	2476	3092	3236	2926	2373	2106	1942	2355	2092	2104
ENSG00000231002	21	39	26	68	51	63	0	0	0	19	27	23
ENSG00000231048	0	0	0	0	0	0	51	0	0	0	0	0
ENSG00000231129	0	0	0	46	72	60	92	81	46	46	60	68
ENSG00000231135	0	0	0	0	0	0	0	0	0	0	0	0
ENSG00000231192	9	2	6	5	5	5	6	11	2	4	1	10
ENSG00000231247	2653	4779	3430	3332	3687	3344	3517	2837	2376	3128	3065	2993
ENSG00000231256	233	428	323	356	329	320	378	428	362	471	381	354
ENSG00000231274	2	3	2	1	3	2	0	0	0	2	1	3
ENSG00000231321	198	333	204	229	220	212	195	265	165	234	316	161
ENSG00000231370	873	1310	830	0	986	669	554	1090	743	316	1038	589
ENSG00000231372	124	243	94	205	154	214	86	89	133	184	65	88
ENSG00000231389	0	11	1	45	11	47	12	9	7	21	12	9
ENSG00000231479	9	21	9	0	0	8	0	6	13	0	0	0
ENSG00000231488	248	485	495	65	322	441	520	419	178	47	64	163
ENSG00000231500	17133	33443	24833	23327	25192	22812	22861	21143	18044	24450	20588	17962
ENSG00000231555	772	1452	888	828	885	915	919	699	636	857	727	730
ENSG00000231617	95	319	41	312	256	619	253	334	172	377	72	385
ENSG00000231618	0	21	0	0	0	0	0	0	0	0	0	0
ENSG00000231631	0	0	34	24	23	21	36	0	0	0	0	28
ENSG00000231641	34	136	7	12	7	1	44	51	32	37	91	8
ENSG00000231679	361	615	415	1162	1205	1033	624	445	518	530	440	448
ENSG00000231737	1	9	0	1	4	1	6	0	0	1	0	1
ENSG00000231825	293	1971	2171	2219	951	1590	826	1385	120	958	1836	819
ENSG00000231834	82	215	130	168	180	144	133	111	136	108	125	159
ENSG00000231852	0	3	0	3	2	3	0	4	0	0	1	2
ENSG00000231887	109	144	107	115	125	100	121	142	101	167	130	92
ENSG00000231925	134	190	165	214	161	114	127	156	93	191	102	116
ENSG00000231945	3415	4036	3490	2781	3455	2980	2869	1882	2203	2511	2422	2524
ENSG00000231975	0	0	0	0	0	0	0	0	2	0	0	0
ENSG00000232005	1516	3023	1669	1803	1740	1607	2217	1484	1522	1990	1454	1528
ENSG00000232040	0	0	2	1	0	0	0	2	2	1	7	2
ENSG00000232070	3	4	0	5	0	1	4	5	6	3	4	1
ENSG00000232112	1401	2182	1703	1507	1732	1417	1691	1456	1438	1650	1483	1508
ENSG00000232119	1263	2102	1378	1711	1830	1549	1537	1586	1397	1628	1301	1374
ENSG00000232126	187	346	243	211	318	312	209	178	156	179	213	170
ENSG00000232143	672	1646	1301	1068	1075	716	1047	950	798	811	750	683
ENSG00000232169	1189	1591	1543	906	1055	699	977	952	784	1057	855	772
ENSG00000232196	6	20	11	9	10	18	5	8	25	17	13	14
ENSG00000232237	2	4	0	0	0	0	1	4	0	1	0	0
ENSG00000232268	40	54	34	65	53	56	46	77	65	85	46	56
ENSG00000232280	36	96	81	87	63	59	80	96	83	119	94	78
ENSG00000232326	104	0	0	86	82	0	0	0	0	0	0	0
ENSG00000232339	3	9	6	3	3	8	0	12	5	3	9	6
ENSG00000232357	0	0	214	41	39	144	112	0	0	0	0	43
ENSG00000232388	456	796	571	611	627	598	572	460	449	554	571	435
ENSG00000232434	409	656	483	379	348	331	338	359	281	385	335	334
ENSG00000232541	0	34	0	29	0	0	0	1	4	0	0	0
ENSG00000232575	0	0	0	0	0	0	0	0	0	0	0	0
ENSG00000232593	452	763	518	569	560	488	607	676	542	686	555	579
ENSG00000232616	3034	4540	3735	3356	3589	3169	2787	2778	2505	3164	2825	2606
ENSG00000232641	0	0	2	0	3	0	6	0	3	0	0	3
ENSG00000232653	5585	9373	6155	7969	8400	7181	6574	6202	5979	6982	5550	5599
ENSG00000232804	72	126	179	150	163	17	83	150	142	119	28	56
ENSG00000232810	0	0	0	0	0	1424	0	0	0	0	0	0
ENSG00000232838	467	760	637	530	487	378	509	422	373	525	510	432
ENSG00000232859	39	74	42	60	51	59	72	70	56	80	54	59
ENSG00000232957	0	1	0	0	0	3	0	0	0	2	0	0
ENSG00000232960	0	2	0	0	2	0	0	1	4	1	0	1
ENSG00000233024	852	1540	1050	778	1067	895	1172	1122	1091	1175	1209	994
ENSG00000233041	2	0	2	0	0	1	0	0	0	1	0	1
ENSG00000233049	23	41	35	17	29	0	31	33	10	27	7	12
ENSG00000233051	13	43	43	50	24	23	49	39	48	47	42	33
ENSG00000233076	103	121	173	77	70	120	109	116	79	55	37	89
ENSG00000233198	8	17	19	12	11	12	5	12	9	11	5	3
ENSG00000233210	102	156	31	80	58	6	34	71	55	63	47	40
ENSG00000233232	30	65	70	78	69	55	94	90	88	110	55	76
ENSG00000233323	0	0	0	0	0	0	0	0	2	0	7	0
ENSG00000233345	0	0	0	0	4	0	0	8	5	5	0	2
ENSG00000233348	1194	3614	2186	2544	1508	2388	2233	1231	1197	2366	2373	2081
ENSG00000233436	3	8	6	3	1	5	7	8	4	9	4	10
ENSG00000233450	74	216	85	90	188	154	168	144	139	164	159	96
ENSG00000233493	72	99	97	88	87	100	49	49	59	58	62	39
ENSG00000233608	6	1	3	23	39	24	5	2	1	1	0	5
ENSG00000233701	6	9	3	10	7	4	12	10	8	8	5	5
ENSG00000233757	179	276	170	187	194	172	165	184	145	165	164	137
ENSG00000233813	34	84	40	60	88	51	52	43	76	21	25	45
ENSG00000233822	2692	4943	4194	3648	3642	3345	3152	2842	2573	3313	3167	2791
ENSG00000233831	0	11	0	0	0	0	0	0	0	0	0	0
ENSG00000233841	0	0	0	1	1	0	0	1	0	1	2	2
ENSG00000233890	949	1622	946	106	807	554	1123	124	715	638	905	758
ENSG00000233911	1	0	1	0	1	2	2	1	1	1	0	0
ENSG00000233927	7024	11751	9790	9243	9730	9248	8143	7402	6758	8731	8575	6841
ENSG00000233932	4	9	2	6	2	4	2	2	0	2	1	4
ENSG00000233948	73	170	52	18	13	10	55	72	0	94	28	0
ENSG00000233954	70	152	99	97	114	111	134	131	106	144	124	109
ENSG00000234012	46	300	55	45	46	37	45	27	18	26	21	25
ENSG00000234046	206	257	257	317	382	429	175	202	151	221	54	225
ENSG00000234096	0	0	0	0	0	0	0	0	0	0	8	0
ENSG00000234114	434	650	574	380	405	397	401	436	406	498	450	406
ENSG00000234127	367	966	760	1078	1222	847	677	566	499	670	547	558
ENSG00000234154	0	0	6	39	0	0	9	5	0	0	0	3
ENSG00000234284	228	330	247	260	293	301	200	217	195	206	239	224
ENSG00000234289	17	0	47	73	131	13	243	0	15	44	18	100
ENSG00000234370	6	19	4	0	0	0	12	25	0	57	1	0
ENSG00000234409	24	82	58	42	40	38	26	34	34	29	32	27
ENSG00000234438	1	0	2	2	2	0	0	0	0	3	0	0
ENSG00000234444	2541	4538	3170	3388	3442	3075	3112	3187	2914	3410	3192	3041
ENSG00000234465	11	28	9	6	7	8	3	5	7	11	5	8
ENSG00000234487	9	69	34	40	44	19	29	40	18	29	13	28
ENSG00000234495	435	225	6	422	70	204	221	359	206	409	519	0
ENSG00000234507	2726	5191	4420	4318	4404	4069	3375	3300	3127	4140	3192	3303
ENSG00000234511	4	3	2	1	0	2	4	1	5	6	0	2
ENSG00000234514	1139	2530	1779	1510	1490	1500	1412	1334	1017	1479	1427	1284
ENSG00000234539	2284	1214	547	0	0	534	0	0	1390	0	471	1077
ENSG00000234545	1377	2049	1391	1281	1341	1121	1190	1204	1108	1255	1170	1145
ENSG00000234549	63	129	103	141	106	125	134	119	53	90	132	73
ENSG00000234616	3185	5113	4017	4391	4551	4149	3923	4105	3382	4398	3877	3419
ENSG00000234651	0	56	0	0	348	370	371	1525	0	216	403	0
ENSG00000234704	0	0	9	0	0	0	0	0	0	10	0	0
ENSG00000234719	124	163	127	129	132	126	133	183	106	135	120	119
ENSG00000234745	5661	9818	8332	6856	7455	6634	5996	5564	5180	6656	5903	5188
ENSG00000234776	17	47	42	28	47	39	52	30	33	30	36	27
ENSG00000234828	1	3	0	0	2	0	0	0	0	3	0	0
ENSG00000234846	0	0	0	0	119	0	0	0	0	108	37	0
ENSG00000234857	2099	2896	2585	1963	2014	1985	1815	1394	1385	1668	1966	1837
ENSG00000234876	9	21	11	11	16	20	10	0	22	6	2	4
ENSG00000234906	1107	1980	1503	1669	1741	1654	1623	1547	1254	1724	1355	1077
ENSG00000234920	23	39	29	58	72	37	58	62	58	64	64	23
ENSG00000234965	44	74	68	14	15	19	27	29	25	25	40	24
ENSG00000235017	0	0	6	0	0	0	0	11	0	0	0	0
ENSG00000235022	0	0	0	1	0	3	0	0	1	1	3	0
ENSG00000235034	104	186	151	119	112	108	98	125	113	121	126	118
ENSG00000235098	0	5	10	1	2	3	0	3	0	3	0	1
ENSG00000235106	673	1223	841	865	960	843	810	860	712	898	731	684
ENSG00000235107	508	966	617	603	667	478	616	397	228	668	377	302
ENSG00000235109	207	321	273	261	249	214	207	223	207	223	227	186
ENSG00000235125	150	391	346	249	232	156	201	134	166	299	226	124
ENSG00000235162	185	365	293	899	1061	946	285	194	230	222	182	185
ENSG00000235169	13	32	21	21	27	21	26	30	7	42	39	21
ENSG00000235173	2291	3335	2687	2573	2858	2331	1778	1545	1578	1774	1600	1681
ENSG00000235176	16	32	26	19	18	7	34	17	16	15	12	32
ENSG00000235194	370	591	431	448	485	405	365	416	310	448	456	329
ENSG00000235222	260	607	298	329	403	240	320	285	328	342	345	288
ENSG00000235233	59	106	55	25	45	49	25	69	22	56	45	28
ENSG00000235272	19	36	21	16	37	33	28	24	14	38	25	39
ENSG00000235307	812	781	544	461	579	377	719	607	0	322	442	341
ENSG00000235360	471	709	445	502	520	520	481	484	440	398	528	369
ENSG00000235376	0	1	1	0	0	1	2	3	2	0	1	3
ENSG00000235396	40	53	45	43	36	53	38	35	37	32	25	47
ENSG00000235453	79	148	133	109	93	101	98	114	95	120	107	93
ENSG00000235568	384	709	532	601	536	572	515	561	430	634	489	471
ENSG00000235569	198	86	114	179	41	87	175	186	107	97	39	107
ENSG00000235588	831	1509	1309	731	671	587	863	723	712	837	841	733
ENSG00000235657	6	0	2	0	0	0	0	0	0	0	7	0
ENSG00000235658	76	204	61	143	94	72	83	68	145	107	34	96
ENSG00000235680	1	1	2	1	1	1	1	1	1	1	3	1
ENSG00000235692	19	46	0	0	0	0	14	6	6	22	17	0
ENSG00000235708	0	0	10	0	0	0	2	0	7	0	0	0
ENSG00000235712	23	55	14	21	17	27	12	32	19	33	27	19
ENSG00000235715	0	0	0	0	0	0	0	0	0	0	0	0
ENSG00000235744	0	1	0	37	40	11	0	0	7	5	0	0
ENSG00000235750	48	95	58	102	115	99	49	40	35	44	26	44
ENSG00000235754	3	4	2	0	32	0	15	0	4	9	8	9
ENSG00000235863	8	4	5	232	3	12	4	153	3	151	132	130
ENSG00000235941	1244	1782	1526	1193	1260	1088	853	779	739	1000	1045	894
ENSG00000235961	114	187	148	48	78	61	104	94	66	111	114	92
ENSG00000235985	167	251	251	122	212	182	129	165	218	252	185	182
ENSG00000235986	1019	1167	988	735	902	1029	789	666	737	885	678	729
ENSG00000236014	306	0	370	296	294	0	334	0	0	0	368	0
ENSG00000236032	18	33	6	18	26	20	31	31	16	17	18	24
ENSG00000236104	310	608	429	340	182	445	416	462	360	480	407	270
ENSG00000236177	0	0	0	0	22	0	0	0	7	0	0	0
ENSG00000236178	384	519	388	449	351	362	386	386	229	349	396	303
ENSG00000236221	0	0	3	2	1	0	0	0	5	13	0	0
ENSG00000236222	884	1795	1160	901	1269	919	954	532	673	733	934	941
ENSG00000236237	43	69	55	67	44	57	45	34	43	61	55	40
ENSG00000236271	22	18	25	42	49	26	27	27	31	44	27	27
ENSG00000236287	1750	2873	1901	2006	2218	2037	2009	2149	1784	2228	2072	1796
ENSG00000236320	1	0	0	0	1	1	0	1	2	0	0	2
ENSG00000236334	334	504	226	369	399	330	402	473	450	541	404	427
ENSG00000236353	781	892	987	644	749	728	103	729	297	381	424	466
ENSG00000236383	41	77	37	51	60	53	48	59	43	84	49	46
ENSG00000236418	2443	3938	746	3483	3306	3109	2800	4033	3312	3680	3433	2984
ENSG00000236428	30	97	0	0	48	0	100	99	58	181	0	16
ENSG00000236443	1107	1829	1402	996	1022	949	998	993	787	1111	1013	900
ENSG00000236444	0	0	0	3	0	0	1	4	5	2	2	4
ENSG00000236490	2632	4905	2869	3067	3629	3288	3133	2681	2545	3398	2941	2275
ENSG00000236515	630	894	638	679	651	499	583	583	488	596	547	582
ENSG00000236560	584	1184	877	726	919	634	667	656	538	613	592	547
ENSG00000236609	12	10	7	8	4	9	2	8	3	9	13	7
ENSG00000236632	137	66	94	60	91	97	59	56	125	113	33	19
ENSG00000236697	1054	1972	1634	1379	1396	1383	1417	1475	1126	1569	1343	1148
ENSG00000236759	39	116	36	61	37	39	73	63	66	70	71	67
ENSG00000236765	0	0	0	0	0	5	0	0	1	0	0	0
ENSG00000236782	28	30	33	27	37	26	12	33	20	12	28	26
ENSG00000236802	123	210	184	0	243	215	152	0	138	0	0	0
ENSG00000236808	0	84	241	0	0	0	0	312	0	35	29	0
ENSG00000236826	15	13	30	20	19	25	7	22	9	7	17	0
ENSG00000236884	14	46	27	108	80	122	47	44	40	54	53	20
ENSG00000236895	39	73	11	34	39	27	35	52	23	12	41	20
ENSG00000237022	578	893	769	657	668	636	574	628	462	656	523	501
ENSG00000237056	0	0	0	10	293	0	19	0	0	0	0	17
ENSG00000237071	0	0	0	0	0	0	0	0	0	0	0	0
ENSG00000237100	184	227	164	68	175	184	146	148	113	140	97	128
ENSG00000237172	82	149	95	104	87	92	79	51	61	94	64	53
ENSG00000237190	772	1263	824	841	887	773	867	692	614	716	715	716
ENSG00000237216	1	1	2	1	1	1	1	1	1	1	3	1
ENSG00000237330	0	1	2	0	0	1	0	0	2	1	0	5
ENSG00000237333	42	173	89	79	65	37	36	52	58	83	77	73
ENSG00000237344	263	302	417	279	286	280	376	329	312	325	305	367
ENSG00000237353	1	6	3	4	2	7	2	8	5	14	2	5
ENSG00000237403	19	24	14	19	7	20	19	41	23	115	52	13
ENSG00000237405	105	253	174	151	156	149	176	175	158	198	165	134
ENSG00000237440	503	972	672	971	999	924	953	902	829	1003	849	804
ENSG00000237441	1320	2298	1811	1894	2065	1885	1651	1631	1462	1734	1639	1417
ENSG00000237452	4	2	5	9	6	12	7	4	2	10	7	4
ENSG00000237489	73	111	88	131	105	109	64	78	54	57	82	64
ENSG00000237515	2891	4538	275	3880	3688	3536	3657	4759	3544	4515	4009	3356
ENSG00000237582	1	0	1	0	1	0	0	0	0	0	0	0
ENSG00000237599	183	581	431	497	506	321	218	132	293	418	330	240
ENSG00000237649	3057	4759	3852	3159	3318	2967	2706	2764	2283	3008	2682	2630
ENSG00000237651	99	174	102	78	102	73	97	93	93	94	92	99
ENSG00000237693	61	163	110	155	148	134	156	117	110	145	121	96
ENSG00000237710	14	9	9	84	107	77	59	25	17	29	41	0
ENSG00000237724	1155	1747	1271	1076	1188	1001	924	848	652	925	669	865
ENSG00000237733	2	11	6	1	0	0	7	0	1	1	3	2
ENSG00000237763	1	1	1	4	0	1	0	2	2	0	1	1
ENSG00000237765	254	463	364	293	328	264	318	320	293	337	316	330
ENSG00000237829	0	0	0	9	0	0	0	0	0	0	13	7
ENSG00000237834	11	40	30	26	3	24	25	0	14	25	0	4
ENSG00000237889	3241	4848	4104	3646	4020	3373	3222	3032	2936	3552	3020	3099
ENSG00000237900	242	420	337	0	233	227	255	142	246	329	267	194
ENSG00000237988	0	0	0	2	1	1	1	2	1	0	0	0
ENSG00000238083	347	468	324	432	365	278	440	516	416	521	435	439
ENSG00000238134	51	34	30	54	34	34	22	37	51	58	40	41
ENSG00000238196	9	0	9	0	16	0	0	0	0	6	0	4
ENSG00000238227	2370	3628	2680	2325	2607	2253	2196	1990	1710	2267	2079	1984
ENSG00000238289	317	570	401	338	434	314	379	368	263	286	344	252
ENSG00000239264	8637	12298	9980	7752	8502	7185	6443	5781	5795	6736	6898	6493
ENSG00000239282	86	202	141	174	131	160	130	103	110	152	158	95
ENSG00000239305	835	1419	1035	898	908	806	851	884	745	964	903	781
ENSG00000239306	4676	7517	5713	5203	5534	4703	4513	4366	3715	4969	4067	3871
ENSG00000239329	0	0	0	0	0	0	0	7	0	6	0	0
ENSG00000239382	697	1310	992	782	781	767	993	1041	766	1062	1042	871
ENSG00000239388	6	1	1	0	4	5	2	2	2	3	4	3
ENSG00000239457	41	60	49	44	24	39	67	32	33	55	17	27
ENSG00000239474	0	5	4	0	2	3	3	0	0	4	0	2
ENSG00000239497	0	0	0	0	0	0	0	0	0	0	0	0
ENSG00000239521	84	161	119	181	195	166	120	145	111	151	78	100
ENSG00000239605	16	22	11	19	16	18	14	17	13	9	8	7
ENSG00000239642	0	0	0	8	9	6	0	0	0	0	2	0
ENSG00000239672	2816	4158	3605	2920	3159	2598	2710	2200	2149	2294	2283	2391
ENSG00000239697	2	5	12	16	16	13	13	11	8	7	7	6
ENSG00000239704	162	493	386	330	308	295	277	401	256	389	348	271
ENSG00000239713	751	1354	999	1132	1185	1137	895	959	742	1036	883	800
ENSG00000239732	149	202	152	117	179	143	182	160	145	114	131	162
ENSG00000239779	610	1208	870	961	978	889	850	758	579	928	777	632
ENSG00000239789	789	1209	867	834	846	805	758	737	714	816	800	725
ENSG00000239836	316	475	400	453	523	392	328	319	339	322	338	366
ENSG00000239857	1013	1758	1358	1141	1169	1112	977	1111	865	1160	945	957
ENSG00000239865	6	0	1	7	0	0	0	0	5	3	0	0
ENSG00000239887	19	28	31	31	39	16	39	29	21	24	22	24
ENSG00000239900	3500	5402	4191	3694	4241	3638	3706	3405	3124	3633	3501	3438
ENSG00000239920	336	511	401	403	441	417	427	491	391	538	395	402
ENSG00000239927	12	25	27	31	25	21	11	17	9	21	24	14
ENSG00000239961	0	1	0	9	2	3	1	1	7	9	0	4
ENSG00000239998	221	568	296	721	764	815	624	511	507	496	451	405
ENSG00000240021	0	1	2	3	0	0	0	1	0	6	0	1
ENSG00000240038	444	947	629	619	757	575	558	524	488	603	539	401
ENSG00000240053	384	724	536	482	407	471	596	554	501	520	473	490
ENSG00000240065	26	72	27	53	60	43	38	30	27	78	31	18
ENSG00000240118	7	0	0	0	0	12	8	18	9	0	5	0
ENSG00000240184	1217	1873	1300	1067	1161	925	1115	1077	915	1155	986	1040
ENSG00000240204	91	139	130	39	38	34	51	40	39	73	57	51
ENSG00000240230	1027	1738	1344	1166	1229	1141	1064	1146	940	1147	1031	868
ENSG00000240303	667	1269	1045	882	1012	911	703	863	691	936	855	692
ENSG00000240344	773	1662	977	1015	1107	945	915	938	819	1039	907	788
ENSG00000240389	0	21	10	53	0	62	0	63	28	42	0	0
ENSG00000240445	447	646	559	290	275	315	303	352	276	429	337	301
ENSG00000240563	293	560	390	488	454	386	485	475	459	489	459	438
ENSG00000240583	37	47	51	46	52	35	50	32	35	52	39	39
ENSG00000240592	0	0	0	0	0	0	35	0	7	0	0	33
ENSG00000240654	0	1	0	0	2	2	3	2	1	0	0	0
ENSG00000240682	937	1672	1240	1046	1084	1004	919	959	815	1080	961	944
ENSG00000240694	385	646	403	546	511	442	578	639	625	608	550	497
ENSG00000240720	46	56	39	48	40	51	51	67	68	60	54	76
ENSG00000240764	43	82	41	45	46	60	57	49	41	72	71	38
ENSG00000240771	18	36	17	16	23	15	11	17	14	11	19	18
ENSG00000240849	1289	2139	1686	1654	1820	1668	1424	1424	1274	1594	1433	1304
ENSG00000240857	383	628	453	402	393	351	354	328	313	329	347	345
ENSG00000240891	28	59	60	89	73	74	39	34	17	34	39	26
ENSG00000240972	2659	4830	3270	3076	2936	2633	3043	2735	2469	3310	3101	2983
ENSG00000241058	603	1026	678	602	630	579	658	743	610	768	640	609
ENSG00000241106	4	16	4	21	31	9	0	32	10	22	3	4
ENSG00000241127	166	272	181	163	187	157	192	175	143	174	152	164
ENSG00000241186	1	2	0	1	1	1	0	0	0	0	1	0
ENSG00000241233	7	13	12	15	13	11	4	6	7	11	7	6
ENSG00000241258	1712	2983	2128	2070	2296	1918	1860	1738	1588	1861	1711	1554
ENSG00000241296	3	0	0	0	4	29	0	0	0	0	0	0
ENSG00000241322	194	254	155	85	61	58	76	110	46	77	99	92
ENSG00000241343	2254	3814	2799	2773	2849	2347	2626	2288	2109	2463	2508	2380
ENSG00000241360	1812	2985	2630	1909	2128	1903	1710	1692	1655	1895	1727	1523
ENSG00000241370	7	53	30	12	25	28	18	20	5	23	19	21
ENSG00000241386	23	0	0	14	8	16	7	15	14	2	8	29
ENSG00000241394	0	2	0	3	0	0	0	0	0	0	1	0
ENSG00000241399	5091	7851	5426	4402	4770	4327	5476	5450	4646	6102	5667	5173
ENSG00000241404	46	0	0	0	0	0	35	0	0	0	97	33
ENSG00000241468	1997	3328	2043	2036	2124	1861	2085	1729	1641	1967	1476	1713
ENSG00000241484	3	13	9	9	7	7	7	3	9	9	10	4
ENSG00000241489	1413	2417	1866	2126	2005	1981	1641	2118	1477	2046	1623	1477
ENSG00000241553	9592	17154	13932	11785	13140	11738	10922	10086	9419	11789	11032	9833
ENSG00000241563	0	2	1	2	11	1	2	7	4	5	0	1
ENSG00000241644	183	240	169	192	187	216	184	229	228	240	224	178
ENSG00000241674	0	4	7	0	1	5	22	1	0	4	0	3
ENSG00000241685	1679	2776	2210	1640	1959	1722	1655	1554	1436	1762	1611	1563
ENSG00000241713	265	479	334	411	524	312	356	390	364	456	369	364
ENSG00000241837	3905	6985	5272	4328	4898	3855	4015	3791	3363	4162	4200	3577
ENSG00000241839	1429	2726	2002	1933	2035	1941	1538	1679	1394	1851	1658	1533
ENSG00000241852	418	712	516	486	555	504	415	463	360	514	434	376
ENSG00000241878	1669	2714	2033	1977	2058	1706	1524	1519	1392	1665	1417	1407
ENSG00000241910	0	0	3	0	4	0	0	0	0	0	5	0
ENSG00000241935	201	416	243	295	308	293	304	317	357	332	318	305
ENSG00000241945	303	367	264	259	236	153	234	241	159	270	190	262
ENSG00000241962	22	25	16	15	27	20	14	21	11	15	14	11
ENSG00000241973	8067	12225	8894	9082	9745	8775	8340	7965	7407	9195	7792	7567
ENSG00000242028	399	776	542	601	496	518	482	547	473	551	468	458
ENSG00000242038	1	15	4	4	12	2	13	9	5	13	8	3
ENSG00000242092	8	4	0	71	92	63	0	10	34	21	13	3
ENSG00000242110	361	544	348	358	340	330	314	298	246	288	323	279
ENSG00000242114	778	1332	1114	748	894	743	685	714	618	770	817	574
ENSG00000242173	3	1	1	1	1	0	3	3	3	2	0	3
ENSG00000242220	89	155	89	120	150	114	133	137	110	154	129	133
ENSG00000242247	1944	3251	2503	2355	2517	2199	1644	1653	1381	1832	1722	1589
ENSG00000242252	20	35	26	258	246	242	53	69	51	44	43	31
ENSG00000242259	970	1620	1134	1079	1274	1073	1043	1002	974	1126	951	938
ENSG00000242265	0	1	2	0	1	1	1	6	2	0	4	3
ENSG00000242372	2346	3944	3055	2768	3037	2684	2191	2015	1829	2181	2011	1977
ENSG00000242386	0	10	0	0	0	8	7	12	20	0	6	6
ENSG00000242419	37	60	37	63	32	45	54	69	57	71	79	39
ENSG00000242485	737	972	844	775	788	727	802	691	598	831	713	655
ENSG00000242498	40	90	46	58	76	42	61	73	70	78	55	64
ENSG00000242550	27	44	32	64	57	58	59	55	34	43	33	43
ENSG00000242574	2	4	0	64	79	56	0	0	2	7	16	5
ENSG00000242612	612	781	764	503	715	550	381	120	317	431	421	523
ENSG00000242616	884	1369	1269	981	1106	1031	905	830	718	871	947	787
ENSG00000242685	152	299	228	696	733	733	298	250	290	333	270	218
ENSG00000242689	197	327	208	226	197	208	214	203	161	148	137	153
ENSG00000242715	81	138	80	51	65	58	69	77	57	105	68	52
ENSG00000242726	0	7	0	1	0	0	0	0	0	0	4	0
ENSG00000242732	142	262	199	179	169	201	167	201	202	208	177	176
ENSG00000242802	2296	3836	3049	2785	2736	2553	2279	2420	2083	2787	2391	2068
ENSG00000242852	7	4	9	47	12	7	33	13	21	8	33	13
ENSG00000242866	17	46	27	21	26	25	15	24	25	45	39	28
ENSG00000242950	278	470	291	347	333	318	373	476	384	463	333	335
ENSG00000243056	113	216	151	140	113	140	138	124	73	148	103	106
ENSG00000243147	1403	2258	1691	1567	1626	1324	1455	1267	1100	1535	1574	1436
ENSG00000243156	1283	2059	1468	1618	1713	1507	1469	1347	1331	1499	1249	1275
ENSG00000243207	769	898	916	686	901	811	732	758	672	728	646	725
ENSG00000243244	578	915	666	373	381	357	381	463	321	519	455	474
ENSG00000243279	97	144	144	107	105	137	77	125	79	105	89	85
ENSG00000243317	2447	3876	2849	2488	2803	2411	2280	2291	1862	2394	2533	1965
ENSG00000243335	51	179	112	48	51	65	116	123	81	166	118	88
ENSG00000243364	62	159	105	190	153	132	100	91	80	138	101	94
ENSG00000243414	30	79	41	661	868	700	72	66	65	50	10	27
ENSG00000243449	163	321	296	287	316	238	183	163	164	178	175	129
ENSG00000243477	393	657	542	319	393	311	447	376	303	476	416	352
ENSG00000243480	1	6	0	0	0	2	0	2	3	2	0	0
ENSG00000243496	0	0	0	0	0	0	0	0	0	0	14	0
ENSG00000243501	0	0	0	0	2	2	1	0	2	0	0	1
ENSG00000243566	20	19	28	20	24	17	24	18	16	14	21	18
ENSG00000243627	0	1	1	0	0	0	2	1	1	3	2	0
ENSG00000243646	2327	4252	3222	2904	3421	3221	2744	2921	2402	3413	3123	2520
ENSG00000243649	0	4	1	2	0	0	6	0	1	4	1	2
ENSG00000243660	63	154	102	109	130	138	105	119	94	104	88	77
ENSG00000243667	680	999	835	689	761	646	678	568	585	692	570	577
ENSG00000243678	6405	11483	8025	8003	8391	7416	7117	6488	5583	7237	6165	6471
ENSG00000243696	158	209	148	193	165	181	179	157	117	188	134	145
ENSG00000243708	112	151	100	120	140	130	119	180	161	170	142	196
ENSG00000243710	2	5	2	0	3	3	4	2	1	3	0	5
ENSG00000243716	2407	4228	2659	3314	3048	2960	3727	4296	3871	4214	3161	3199
ENSG00000243725	984	1583	1162	1136	1218	1016	978	865	760	973	926	915
ENSG00000243749	176	311	233	159	179	159	129	129	138	123	148	147
ENSG00000243789	200	297	250	206	176	243	179	196	178	195	177	192
ENSG00000243811	174	311	226	280	288	215	244	280	294	296	258	229
ENSG00000243897	0	83	63	22	69	18	0	1	53	33	0	0
ENSG00000243910	4	0	1	0	1	0	0	1	0	0	2	0
ENSG00000243927	1365	2327	1663	1432	1576	1290	1357	1287	1062	1417	1271	1203
ENSG00000243943	2055	3325	2394	2430	2619	2300	2278	2064	1984	2416	2267	2092
ENSG00000243958	0	4	8	0	2	5	0	0	0	4	3	0
ENSG00000243978	2	2	1	1	0	0	0	0	0	0	0	0
ENSG00000243989	1798	2883	2259	1715	1965	1771	1464	1382	1236	1530	1554	1291
ENSG00000244005	1131	1779	1210	1190	1196	989	1178	1166	1043	1390	1137	1129
ENSG00000244038	12496	20750	14498	13973	14897	12946	12578	11677	10619	13498	11380	11782
ENSG00000244045	771	1166	786	950	939	806	717	655	583	735	598	598
ENSG00000244115	175	295	188	162	192	162	144	125	124	201	144	97
ENSG00000244165	696	1097	804	755	691	595	786	743	636	916	736	678
ENSG00000244187	474	868	739	532	627	571	445	393	359	491	458	391
ENSG00000244207	5	7	1	0	12	8	6	2	8	6	30	3
ENSG00000244219	13	22	7	10	33	10	11	19	8	12	10	10
ENSG00000244242	19	91	62	37	37	39	60	39	44	35	19	29
ENSG00000244274	130	248	176	257	291	226	133	188	123	170	166	135
ENSG00000244405	2349	4123	3011	4077	4197	3980	2829	2514	2350	2804	2605	2412
ENSG00000244411	10	15	2	9	11	9	10	12	7	8	6	13
ENSG00000244414	7	8	11	5	7	24	3	20	16	8	11	10
ENSG00000244444	0	0	1	1	1	0	2	0	1	0	2	2
ENSG00000244462	7263	11664	7917	8146	8565	7350	7117	6636	6217	7601	6858	6775
ENSG00000244476	5	4	1	5	2	2	0	5	9	4	1	1
ENSG00000244482	0	1	0	0	2	0	0	0	1	0	0	2
ENSG00000244486	51	88	58	43	76	51	64	61	42	72	65	56
ENSG00000244509	4124	6725	4711	4870	5135	4485	4538	4208	3757	4837	4316	3980
ENSG00000244607	21	16	18	19	12	20	10	9	15	12	14	2
ENSG00000244617	21	27	17	21	41	31	9	25	8	12	12	19
ENSG00000244672	6	7	4	5	2	7	6	11	2	8	4	0
ENSG00000244687	3318	5660	3648	4112	4324	3819	3341	3094	2750	3582	2900	3045
ENSG00000244694	75	145	106	112	102	101	114	101	102	151	136	70
ENSG00000244731	12	67	19	21	20	10	28	11	46	23	17	26
ENSG00000244734	0	0	1	0	0	2	0	0	0	0	3	0
ENSG00000244752	0	0	2	0	0	0	0	0	0	1	0	0
ENSG00000244754	4970	8371	5458	5437	5613	5208	6291	7146	6021	7270	6246	5852
ENSG00000245680	1930	3503	2416	2403	2626	2362	2557	2709	2386	2793	2373	2273
ENSG00000245848	10003	16661	13485	7327	8016	7594	10151	9924	8215	11906	10535	9428
ENSG00000246705	413	714	484	339	414	338	387	354	329	440	350	333
ENSG00000246922	243	327	223	335	304	317	274	244	251	291	253	184
ENSG00000247077	3827	5615	4151	3972	4243	3483	3106	2639	2691	2979	2633	2991
ENSG00000247315	1781	2993	2204	1919	1953	1971	1840	1780	1492	1984	1668	1664
ENSG00000247595	7	9	5	19	24	20	26	12	10	14	8	21
ENSG00000247596	2006	3489	2862	2622	2851	2726	2065	1883	1700	2114	2071	1728
ENSG00000247626	1282	1884	1455	1183	1312	1138	1137	864	927	1108	949	1057
ENSG00000247746	72	124	81	62	76	75	51	73	71	78	68	53
ENSG00000248098	4748	8367	6373	5240	5622	5246	5418	5058	4552	5821	4904	4409
ENSG00000248099	1	0	5	5	5	0	1	0	1	1	2	1
ENSG00000248235	10	12	4	0	15	4	7	2	6	2	10	0
ENSG00000248329	0	0	0	1	1	1	0	0	0	0	0	0
ENSG00000248333	628	968	829	728	774	650	633	508	537	586	498	506
ENSG00000248405	0	0	0	0	5	0	9	0	0	7	1	0
ENSG00000248483	183	437	212	301	287	273	282	330	294	303	254	303
ENSG00000248485	0	0	1	1	0	0	1	0	1	5	0	1
ENSG00000248487	250	472	364	280	365	292	304	298	256	326	264	302
ENSG00000248592	352	476	390	350	440	351	327	335	311	351	273	314
ENSG00000248643	595	867	727	782	753	713	718	652	568	770	700	615
ENSG00000248672	222	485	490	264	481	318	227	99	203	221	394	120
ENSG00000248710	31	54	58	74	36	29	21	48	19	45	24	23
ENSG00000248712	20	33	19	25	28	26	26	30	11	28	23	30
ENSG00000248746	0	0	0	1	1	1	0	1	0	2	1	0
ENSG00000248751	0	16	2	5	27	16	17	24	14	8	8	34
ENSG00000248771	13	26	18	18	26	23	22	27	27	19	27	22
ENSG00000248871	5	17	0	0	0	7	0	0	0	0	0	20
ENSG00000248905	208	339	203	395	419	366	293	279	295	257	284	301
ENSG00000248919	417	574	437	353	378	342	334	344	292	354	317	349
ENSG00000249115	1473	2213	1747	1233	1368	1158	1413	1457	1214	1652	1433	1357
ENSG00000249141	8	4	5	23	21	4	1	5	3	14	8	10
ENSG00000249209	1	12	3	5	5	10	0	5	8	7	2	4
ENSG00000249222	9	30	15	28	23	17	6	18	7	18	22	16
ENSG00000249240	0	7	6	7	16	8	5	5	7	0	7	5
ENSG00000249242	0	2	3	0	0	1	1	0	1	0	1	0
ENSG00000249319	4	11	9	9	11	20	10	10	0	7	8	10
ENSG00000249437	1590	2578	1702	2864	3268	2935	2430	2698	2540	2635	2253	2139
ENSG00000249471	701	1345	989	822	832	761	723	685	622	817	721	721
ENSG00000249481	6	9	5	2	10	3	3	6	8	4	3	3
ENSG00000249590	0	2	0	0	2	2	0	4	0	0	0	0
ENSG00000249624	288	644	338	976	377	425	765	538	258	391	280	395
ENSG00000249709	672	1013	906	966	1090	887	822	801	749	868	779	719
ENSG00000249715	0	3	6	6	9	5	12	6	5	4	8	0
ENSG00000249751	13	17	10	13	9	16	7	8	6	6	4	7
ENSG00000249773	16	13	12	27	14	23	11	13	4	20	24	12
ENSG00000249860	9	11	13	17	2	11	8	13	13	7	11	8
ENSG00000249884	5	19	18	42	10	19	31	6	31	5	15	10
ENSG00000249915	3345	5365	3899	3896	4167	3570	3279	3165	2733	3316	2967	2808
ENSG00000249931	671	1262	889	1185	1187	1000	1055	1119	895	1221	947	873
ENSG00000249961	101	167	125	168	119	108	136	143	140	151	117	129
ENSG00000249992	75	188	149	104	112	136	92	109	60	100	85	45
ENSG00000250021	208	191	177	176	224	119	166	123	128	126	174	105
ENSG00000250067	390	556	371	384	367	351	402	449	385	446	373	357
ENSG00000250120	48	68	38	76	60	69	80	79	58	69	59	65
ENSG00000250151	249	429	350	317	308	333	288	386	242	365	283	237
ENSG00000250254	0	4	1	2	9	3	2	4	3	4	8	1
ENSG00000250264	27	0	137	18	63	31	25	52	28	11	45	27
ENSG00000250305	111	244	143	141	150	140	218	189	234	216	185	177
ENSG00000250312	1167	1841	1219	1351	1324	1230	1288	1365	1236	1474	1260	1209
ENSG00000250317	332	604	467	436	532	483	403	391	286	386	384	343
ENSG00000250366	0	3	3	3	3	3	2	1	5	1	0	3
ENSG00000250423	5	10	11	12	8	13	15	12	8	9	13	13
ENSG00000250424	2	0	0	0	1	0	0	0	0	0	0	0
ENSG00000250486	11	14	11	30	20	20	17	12	11	7	10	7
ENSG00000250506	204	388	241	217	299	188	198	264	155	219	149	190
ENSG00000250510	99	168	122	192	220	221	122	85	78	112	92	69
ENSG00000250565	104	186	134	136	136	119	130	110	87	94	106	100
ENSG00000250571	940	1556	1190	1013	994	983	879	976	789	975	848	783
ENSG00000250644	140	221	161	114	200	136	160	156	142	163	156	113
ENSG00000250673	5	10	6	5	17	8	6	2	5	5	3	3
ENSG00000250709	4	15	7	9	12	0	5	8	10	7	5	7
ENSG00000250722	2	1	1	4	4	4	8	2	3	6	6	5
ENSG00000250821	1	0	0	4	4	2	0	1	1	1	0	0
ENSG00000251192	162	300	258	271	248	224	255	237	227	296	272	231
ENSG00000251201	100	178	150	224	143	182	37	57	28	88	135	83
ENSG00000251246	12	0	0	18	11	5	0	16	6	10	11	6
ENSG00000251247	269	514	333	371	369	340	347	425	341	384	356	354
ENSG00000251287	58	75	36	67	74	59	67	88	47	69	91	48
ENSG00000251322	252	371	283	258	236	230	280	267	221	251	257	200
ENSG00000251349	23	15	17	8	13	10	14	10	9	17	8	0
ENSG00000251369	675	1119	849	689	792	716	889	979	774	919	803	687
ENSG00000251380	111	330	216	127	90	261	316	105	214	360	129	179
ENSG00000251503	53	82	68	64	58	38	61	51	41	16	54	68
ENSG00000251537	47	98	59	25	52	23	28	39	37	45	33	54
ENSG00000251569	1	1	0	0	0	0	0	1	1	0	5	1
ENSG00000251692	3	12	5	3	3	5	1	3	0	5	0	0
ENSG00000253159	31	80	48	55	84	59	51	95	71	82	73	70
ENSG00000253250	159	266	194	141	135	119	166	134	130	150	113	142
ENSG00000253251	95	145	88	98	165	113	93	92	95	107	81	93
ENSG00000253276	301	522	401	641	614	614	340	277	248	310	238	245
ENSG00000253293	2905	4586	3621	3004	3351	3100	3053	2790	2456	3310	2998	2694
ENSG00000253304	18	57	30	26	25	21	19	27	14	17	22	15
ENSG00000253305	122	256	149	200	168	175	176	257	186	245	172	190
ENSG00000253309	2	4	5	2	8	5	3	2	2	8	0	6
ENSG00000253313	93	191	122	169	159	148	135	195	144	167	172	133
ENSG00000253368	59	106	81	52	47	41	56	49	39	59	56	47
ENSG00000253485	174	327	213	304	270	225	246	276	289	297	220	227
ENSG00000253537	123	203	155	230	198	179	196	233	194	213	156	155
ENSG00000253598	25	37	36	40	41	22	44	32	27	34	25	27
ENSG00000253626	112	155	91	134	126	115	109	94	100	97	74	105
ENSG00000253649	1	8	6	2	1	2	8	1	0	6	2	0
ENSG00000253710	2291	3691	2441	2660	2907	2445	2032	1827	1956	2219	2075	2112
ENSG00000253719	4644	7592	5648	5230	5511	5115	4793	4532	4056	5156	4872	4210
ENSG00000253729	95242	136927	97191	94171	101751	84182	84579	77100	74181	88204	79853	81197
ENSG00000253731	453	731	496	661	756	671	627	671	528	733	677	549
ENSG00000253767	268	550	319	385	403	312	394	440	388	399	369	375
ENSG00000253797	0	0	0	0	0	0	214	336	0	131	69	0
ENSG00000253846	105	206	115	208	150	191	151	187	144	181	153	146
ENSG00000253873	178	303	254	216	232	205	244	211	251	227	147	191
ENSG00000253910	553	962	592	826	789	653	609	658	539	653	534	524
ENSG00000253953	113	265	169	265	213	208	238	292	203	338	190	178
ENSG00000253958	94	150	140	132	131	111	95	84	91	128	103	88
ENSG00000254004	1350	2430	1615	1794	2085	1959	1597	1524	1453	1725	1550	1459
ENSG00000254087	3473	5469	4027	6040	6357	5550	3719	3566	3269	3968	3458	3295
ENSG00000254093	500	720	534	522	543	430	401	361	308	377	354	380
ENSG00000254122	59	125	93	108	85	109	129	96	101	119	102	90
ENSG00000254206	110	173	112	112	125	167	122	128	122	163	142	109
ENSG00000254221	7	31	17	23	41	31	17	20	28	27	29	20
ENSG00000254245	10	26	11	20	26	12	13	15	13	26	9	5
ENSG00000254402	314	534	445	356	397	411	396	478	342	438	395	319
ENSG00000254405	248	298	189	161	128	177	158	214	141	251	122	142
ENSG00000254413	207	340	362	295	277	234	332	317	324	402	347	343
ENSG00000254415	192	307	201	172	172	166	183	217	145	244	186	196
ENSG00000254440	2	1	0	0	0	0	1	2	5	3	1	1
ENSG00000254469	154	246	171	163	157	156	184	215	149	240	217	173
ENSG00000254470	4205	6784	5346	4814	5113	4796	4370	4329	3705	5000	4377	4133
ENSG00000254505	839	1482	1174	1016	1049	917	892	851	707	898	922	846
ENSG00000254521	1220	2099	1403	1198	1140	1006	1369	1324	1100	1455	1281	1229
ENSG00000254536	251	381	244	325	295	229	350	291	281	374	292	248
ENSG00000254550	3	3	1	3	0	8	4	1	0	1	4	4
ENSG00000254598	8	2	8	0	2	0	0	2	0	0	3	2
ENSG00000254673	12	0	5	0	0	7	0	0	0	0	16	0
ENSG00000254685	945	1476	1053	794	929	807	902	957	817	1122	994	957
ENSG00000254692	77	44	78	20	14	33	5	62	0	30	27	35
ENSG00000254706	5	0	2	0	1	3	1	3	1	4	1	0
ENSG00000254709	8	23	22	8	6	10	13	1	7	12	2	10
ENSG00000254726	995	1579	1054	1133	1131	983	897	805	768	921	805	716
ENSG00000254732	0	28	48	45	37	39	8	12	18	22	61	16
ENSG00000254737	58	85	19	95	67	90	67	91	77	92	82	76
ENSG00000254772	48667	82339	60410	59041	63333	57244	53311	48778	42648	54933	49066	44482
ENSG00000254788	27	53	57	63	54	69	46	44	43	43	54	54
ENSG00000254806	14	2	20	12	0	20	6	6	21	16	1	1
ENSG00000254827	25	96	79	88	88	106	60	73	66	67	57	44
ENSG00000254852	0	0	0	0	0	0	23	0	0	20	0	0
ENSG00000254858	406	639	445	557	578	443	262	228	255	278	216	272
ENSG00000254870	1	0	1	0	1	0	0	0	0	1	0	0
ENSG00000254901	687	1159	947	1022	1053	923	888	846	808	909	792	828
ENSG00000254959	18	0	0	0	10	0	0	0	2	0	3	0
ENSG00000254979	815	1206	353	395	521	363	754	731	677	829	397	547
ENSG00000254986	3759	6037	4955	4072	4523	3898	3683	3462	3036	3850	3588	3303
ENSG00000254995	32	91	43	66	83	76	55	41	51	49	29	32
ENSG00000254996	2538	5194	3353	3125	2933	2228	1637	1790	1281	2096	1315	1795
ENSG00000254997	4	14	15	15	15	19	10	8	8	5	6	6
ENSG00000254999	2217	3599	2447	2665	2832	2457	2447	2126	1935	2426	1965	1993
ENSG00000255054	6	1	4	6	5	5	2	8	3	7	2	4
ENSG00000255072	2	0	5	0	3	0	0	9	5	5	3	0
ENSG00000255073	3	17	0	5	3	3	0	14	0	3	4	7
ENSG00000255104	30	27	29	16	5	20	65	34	13	43	39	63
ENSG00000255112	2519	4489	3306	3186	3265	3045	2634	2656	2388	2951	2756	2287
ENSG00000255150	84	115	95	140	107	117	128	149	108	133	111	90
ENSG00000255152	8	0	30	0	0	5	23	16	11	6	16	27
ENSG00000255154	202	326	230	210	264	282	156	229	134	229	188	171
ENSG00000255181	0	0	0	0	0	1	0	1	3	0	0	0
ENSG00000255192	2	3	3	2	5	3	2	4	0	2	5	1
ENSG00000255274	2	13	7	2	6	4	6	4	3	17	8	3
ENSG00000255292	3	2	3	2	12	6	5	4	5	4	10	8
ENSG00000255302	5170	8497	6160	5863	6445	5535	5083	4864	4722	5428	5432	4785
ENSG00000255307	0	0	0	3	0	0	1	0	0	0	0	1
ENSG00000255330	36	44	0	9	10	7	2	9	6	20	6	12
ENSG00000255339	77	174	129	164	124	141	106	142	93	108	118	76
ENSG00000255346	20	61	57	44	51	47	47	53	26	47	39	42
ENSG00000255374	0	0	0	0	4	0	4	9	6	0	0	1
ENSG00000255398	5	18	5	5	11	11	4	7	7	6	5	0
ENSG00000255408	0	2	2	1	3	2	0	6	2	8	4	1
ENSG00000255423	138	210	156	198	196	173	186	202	170	228	171	160
ENSG00000255432	0	2	0	0	0	2	0	0	0	0	0	0
ENSG00000255439	38	72	145	79	83	96	57	91	84	129	106	79
ENSG00000255508	236	379	284	229	171	243	207	141	116	129	101	209
ENSG00000255524	1	13	7	11	5	5	8	5	8	12	6	7
ENSG00000255526	3	11	18	7	10	7	10	7	10	12	3	8
ENSG00000255529	3101	5171	3344	3023	3249	2936	2754	2800	2470	3124	2671	2553
ENSG00000255561	496	739	570	468	534	469	440	384	378	405	392	437
ENSG00000255587	2014	3304	2459	1648	1729	1570	2037	2473	1831	2326	2166	1994
ENSG00000255639	30	43	201	44	47	27	20	26	16	18	32	29
ENSG00000255641	11	12	6	17	6	14	19	22	10	11	21	13
ENSG00000255663	3	2	2	2	6	6	4	4	4	0	0	0
ENSG00000255690	0	3	2	0	2	4	0	3	2	1	3	0
ENSG00000255730	13	33	4	1	1	6	30	20	15	44	9	1
ENSG00000255804	120	234	114	206	199	196	180	237	188	249	229	215
ENSG00000255819	15	34	25	21	91	67	42	32	52	38	48	50
ENSG00000255823	18	3	0	1	1	0	1	5	0	0	2	0
ENSG00000255833	11936	18503	12950	12952	13843	12419	12762	12245	11006	13783	11794	11862
ENSG00000255837	34	64	25	39	59	51	72	79	59	66	55	46
ENSG00000255872	24	35	0	27	29	5	53	6	0	21	16	12
ENSG00000255974	0	6	1	3	3	2	0	4	1	1	3	0
ENSG00000256029	6	14	2	5	2	8	2	9	5	8	3	3
ENSG00000256043	0	412	180	0	419	346	338	178	338	334	384	182
ENSG00000256053	479	921	645	562	601	579	610	553	459	645	586	492
ENSG00000256060	182	300	255	201	206	226	238	209	174	209	218	193
ENSG00000256061	4	26	10	17	12	8	8	18	19	16	8	15
ENSG00000256087	542	925	651	564	664	602	581	575	517	649	640	570
ENSG00000256188	122	217	127	230	209	184	199	221	233	227	162	180
ENSG00000256206	40	108	89	63	63	59	78	36	33	68	64	37
ENSG00000256222	0	0	0	0	0	1	0	2	0	3	0	0
ENSG00000256223	179	332	235	199	231	231	255	233	210	261	190	236
ENSG00000256229	330	516	450	463	487	405	522	450	442	459	445	371
ENSG00000256235	3375	6135	4686	4041	4380	4113	3338	3468	2923	3716	3626	2943
ENSG00000256269	1217	1731	1491	1358	1464	1212	1076	997	881	1114	1011	1010
ENSG00000256294	568	941	703	680	700	640	860	928	788	1067	897	822
ENSG00000256349	28	109	22	80	74	24	45	31	70	37	40	54
ENSG00000256407	3	8	13	7	16	3	5	2	5	6	11	6
ENSG00000256436	45	61	30	50	51	38	68	87	46	55	55	59
ENSG00000256453	83	151	117	78	73	97	84	83	61	104	87	74
ENSG00000256500	0	13	54	0	0	0	8	0	19	0	29	0
ENSG00000256514	170	371	231	156	289	177	206	201	108	207	217	222
ENSG00000256525	1013	1665	1239	1229	1274	1082	1201	1317	1194	1392	1285	1068
ENSG00000256537	863	1441	1045	1090	1122	977	903	870	777	888	884	755
ENSG00000256566	12	5	8	0	8	3	3	6	0	4	7	0
ENSG00000256574	0	1	0	1	0	0	0	1	0	2	1	0
ENSG00000256591	373	687	490	474	475	387	518	468	431	463	480	399
ENSG00000256618	18	8	0	1	2	2	1	2	0	0	0	0
ENSG00000256646	224	467	151	250	265	195	228	87	67	181	133	152
ENSG00000256660	15	33	16	21	32	16	12	30	10	36	16	31
ENSG00000256683	566	1105	747	734	695	727	741	766	617	769	762	706
ENSG00000256771	1088	1928	1234	1391	1445	1397	1523	1513	1401	1531	1404	1423
ENSG00000256806	22	55	50	22	16	21	34	27	13	32	19	28
ENSG00000256812	5	18	5	5	4	3	8	11	13	6	8	16
ENSG00000256861	42	0	0	7	4	0	3	0	0	8	0	0
ENSG00000256950	8	14	15	22	16	21	20	24	14	16	49	18
ENSG00000256966	38	74	47	61	122	62	40	25	27	17	7	28
ENSG00000256977	4	12	2	13	7	8	3	5	5	9	4	6
ENSG00000256980	0	2	0	0	0	0	0	1	0	2	0	0
ENSG00000257008	7	10	7	3	3	13	5	7	3	10	6	3
ENSG00000257017	9	23	23	30	19	18	16	25	24	34	24	29
ENSG00000257057	1	1	1	1	1	0	1	1	3	4	1	5
ENSG00000257065	2	1	0	1	2	2	4	2	0	3	0	1
ENSG00000257093	2743	3678	4975	9833	6437	6636	2722	4145	3267	5087	4166	1028
ENSG00000257103	2830	4420	3040	2924	3701	2639	2829	2805	2487	2828	2894	3050
ENSG00000257108	157	310	260	158	201	200	181	240	208	233	256	186
ENSG00000257218	1842	2903	2066	1970	1960	1900	1796	1712	1543	1902	1766	1644
ENSG00000257315	2895	6535	5102	4705	4668	3956	5501	6284	4931	5792	5421	4968
ENSG00000257335	11	14	27	45	39	62	20	33	18	32	23	19
ENSG00000257341	13	31	29	20	22	23	24	10	10	18	19	6
ENSG00000257365	1036	1886	1381	964	926	876	1095	1194	932	1308	1167	1019
ENSG00000257390	54	121	71	39	106	40	41	32	62	52	9	56
ENSG00000257411	301	396	314	248	270	111	164	255	126	236	253	144
ENSG00000257524	102	197	90	31	114	67	76	114	94	106	130	44
ENSG00000257529	10	0	0	9	0	5	0	2	8	2	2	0
ENSG00000257594	576	972	713	628	757	606	645	630	497	623	647	591
ENSG00000257704	398	653	561	404	471	397	416	428	363	514	507	447
ENSG00000257727	1012	1688	1202	1155	1144	1088	1200	1073	983	1213	1025	1100
ENSG00000257743	1	3	3	5	7	7	6	13	3	16	7	5
ENSG00000257767	3	12	8	4	0	1	0	2	0	8	4	0
ENSG00000257921	44	6	86	19	30	39	14	22	38	10	23	19
ENSG00000257923	3841	6435	4581	5649	5833	5464	5416	4924	4635	5595	4535	4412
ENSG00000257949	370	752	573	563	596	590	522	509	433	526	510	467
ENSG00000257950	502	855	593	582	674	566	692	766	628	794	670	622
ENSG00000257987	0	0	2	1	0	0	0	0	0	0	0	0
ENSG00000258064	5	0	0	0	0	0	0	0	0	0	0	0
ENSG00000258083	0	0	0	1	0	2	3	1	0	0	2	0
ENSG00000258102	1	3	1	0	0	0	0	0	0	2	1	4
ENSG00000258227	21	40	25	75	92	100	74	72	46	72	49	49
ENSG00000258289	3185	5795	4107	3961	4323	3971	3633	3460	3032	3823	3545	3335
ENSG00000258311	121	209	147	177	204	139	178	152	128	150	161	133
ENSG00000258315	751	1203	1021	755	863	795	694	608	558	768	702	600
ENSG00000258366	1608	2437	1884	1639	1783	1517	1668	1433	1382	1608	1456	1438
ENSG00000258388	0	0	0	2	1	2	1	0	2	0	6	2
ENSG00000258405	337	521	364	410	468	381	430	438	408	491	423	374
ENSG00000258417	2	1	0	2	0	0	3	1	0	0	1	1
ENSG00000258429	1093	1824	1404	1145	1263	1131	1256	1040	1020	1211	1036	1062
ENSG00000258461	263	411	232	373	353	352	369	422	290	345	321	343
ENSG00000258465	88	154	57	60	150	53	157	45	53	88	105	160
ENSG00000258466	4	8	2	8	3	4	7	12	7	5	12	8
ENSG00000258472	385	697	652	521	577	572	482	542	388	528	400	328
ENSG00000258529	15	0	6	44	0	3	0	7	0	32	0	0
ENSG00000258539	107	136	78	122	114	112	84	97	80	97	95	95
ENSG00000258555	5	259	58	5	31	6	25	14	14	14	56	25
ENSG00000258588	0	15	0	0	0	0	0	0	0	0	2	0
ENSG00000258643	229	342	337	356	163	97	174	117	190	92	125	97
ENSG00000258644	2	2	4	0	13	0	2	19	0	3	11	0
ENSG00000258653	10	46	64	22	21	38	10	34	22	54	41	13
ENSG00000258659	344	677	518	1008	1054	962	568	585	507	649	559	544
ENSG00000258674	106	149	115	111	134	86	117	107	117	132	104	119
ENSG00000258677	37	155	41	41	78	35	0	72	16	57	70	59
ENSG00000258724	0	0	0	0	6	0	7	0	0	0	0	4
ENSG00000258728	0	0	0	0	8	8	3	2	4	0	0	4
ENSG00000258790	801	1268	718	651	732	606	698	613	602	702	455	688
ENSG00000258818	24	41	30	32	33	36	26	21	7	20	33	23
ENSG00000258830	15	16	2	13	29	13	0	2	7	22	4	0
ENSG00000258839	344	518	410	374	356	338	253	339	248	348	247	214
ENSG00000258864	0	15	0	0	0	0	0	0	0	11	0	0
ENSG00000258881	0	1	3	7	15	16	10	10	6	6	5	6
ENSG00000258890	1406	2366	1594	1774	1877	1581	1544	1579	1467	1604	1394	1435
ENSG00000258947	194	407	278	420	402	370	193	209	170	225	242	203
ENSG00000258984	11	32	14	6	17	0	5	0	4	3	5	10
ENSG00000258989	154	283	28	238	192	177	221	244	223	241	208	190
ENSG00000259024	77	38	27	30	36	16	49	3	24	29	27	14
ENSG00000259030	38	69	40	57	57	73	51	29	25	35	51	36
ENSG00000259040	40	417	214	0	0	0	0	194	0	0	0	0
ENSG00000259075	114	317	123	220	205	238	117	136	139	208	158	111
ENSG00000259112	70	152	86	111	129	72	92	38	75	45	54	71
ENSG00000259120	30	46	30	30	29	16	19	21	22	22	23	25
ENSG00000259132	240	675	513	555	414	379	421	317	309	362	442	330
ENSG00000259171	0	0	0	0	0	0	2	0	2	0	0	0
ENSG00000259207	95	184	109	80	104	97	109	127	107	109	134	110
ENSG00000259224	4	9	4	4	3	3	6	10	7	9	1	1
ENSG00000259305	86	131	109	90	110	70	94	101	119	89	119	94
ENSG00000259316	155	200	162	250	266	146	127	124	165	156	178	184
ENSG00000259330	2680	4147	3145	2527	2760	2460	2587	2281	2398	2536	2568	2463
ENSG00000259332	73	139	116	95	99	98	94	125	92	115	100	94
ENSG00000259371	1	3	2	3	4	0	1	2	0	4	4	5
ENSG00000259399	93	108	78	89	156	132	100	31	95	92	91	101
ENSG00000259417	4	1	1	0	0	2	3	0	2	0	1	2
ENSG00000259431	851	1488	1149	967	935	1008	680	783	594	796	744	654
ENSG00000259494	417	531	386	357	398	336	320	343	314	384	339	321
ENSG00000259511	2	10	3	5	1	3	2	10	2	6	4	3
ENSG00000259522	143	173	207	93	147	198	216	143	144	157	84	149
ENSG00000259529	407	672	616	708	602	665	531	502	527	599	468	574
ENSG00000259784	6	0	7	1	3	1	6	1	0	0	5	0
ENSG00000259803	19	27	35	22	12	25	13	8	24	17	22	10
ENSG00000259823	2	0	1	0	0	0	2	0	0	3	4	1
ENSG00000259900	0	0	0	2	0	1	0	0	0	1	0	0
ENSG00000259956	5019	7942	5711	5950	6586	5792	4626	3881	3962	4781	3940	4202
ENSG00000260001	53	117	94	50	56	70	76	48	50	68	59	44
ENSG00000260007	418	542	453	365	427	285	446	407	325	500	471	396
ENSG00000260027	13	26	15	29	36	21	15	18	11	13	14	19
ENSG00000260097	25	24	35	41	20	38	12	24	16	33	23	16
ENSG00000260170	0	0	0	0	0	0	0	0	0	4	4	0
ENSG00000260220	0	1	4	1	0	5	1	0	0	2	2	1
ENSG00000260230	340	512	283	526	429	397	445	501	453	523	440	396
ENSG00000260238	53	104	42	56	61	61	48	35	59	62	59	72
ENSG00000260272	8	51	19	17	21	14	0	3	16	19	0	0
ENSG00000260314	0	1	1	1	0	1	1	0	0	0	0	3
ENSG00000260325	1	0	0	2	1	1	1	1	0	1	0	1
ENSG00000260342	41	68	63	43	44	37	35	16	11	11	11	23
ENSG00000260371	0	0	35	0	0	34	0	0	0	0	0	0
ENSG00000260428	89	161	129	81	110	66	88	99	85	128	80	74
ENSG00000260456	60	158	105	77	85	83	81	68	54	92	92	77
ENSG00000260537	0	0	0	0	0	0	0	0	0	0	0	0
ENSG00000260596	0	0	0	3	0	3	0	1	6	3	6	0
ENSG00000260643	88	181	141	103	102	131	85	117	78	98	106	96
ENSG00000260691	18	27	29	9	15	18	16	43	20	17	19	31
ENSG00000260729	29	53	28	33	25	32	29	30	28	33	45	33
ENSG00000260802	3	3	4	31	31	25	7	7	3	6	1	2
ENSG00000260851	66	73	46	43	36	37	54	63	33	52	31	33
ENSG00000260861	16	76	30	29	22	17	32	18	16	39	16	24
ENSG00000260903	19	24	22	21	23	20	23	10	12	11	13	18
ENSG00000260914	458	772	572	523	629	472	450	433	309	497	366	455
ENSG00000260916	6090	10491	7216	4307	4515	4016	5292	5832	4523	6083	5626	5308
ENSG00000261052	452	953	673	958	812	609	847	791	691	730	823	608
ENSG00000261115	1	3	0	1	1	1	1	1	0	1	4	0
ENSG00000261130	9	14	11	15	9	19	17	16	4	14	16	8
ENSG00000261147	4	0	0	0	0	1	0	6	10	1	2	1
ENSG00000261150	6	23	22	12	16	19	22	14	20	24	14	7
ENSG00000261210	2	1	2	0	1	0	1	0	0	0	2	0
ENSG00000261221	1525	2770	2170	1743	1996	1932	1679	1677	1474	1928	1647	1437
ENSG00000261236	6371	8826	7733	6183	6613	5483	5109	4456	4435	5145	4784	4911
ENSG00000261308	2	5	2	0	3	0	6	4	1	0	5	2
ENSG00000261341	0	3	3	3	0	1	0	1	2	1	1	2
ENSG00000261371	5396	10202	6881	6537	6994	6596	6656	6671	5552	7535	6541	5985
ENSG00000261408	146	237	250	246	271	261	247	161	235	311	290	159
ENSG00000261456	5	16	2	20	20	15	9	17	7	8	7	8
ENSG00000261459	12	0	0	0	0	9	0	0	0	39	88	0
ENSG00000261582	13	21	21	13	21	13	19	21	23	17	20	21
ENSG00000261587	25	55	24	25	33	30	26	18	23	26	20	23
ENSG00000261609	786	1262	968	829	907	736	715	732	660	831	730	708
ENSG00000261611	29	7	3	13	9	10	19	20	0	15	11	21
ENSG00000261649	12	5	7	18	9	16	11	13	8	5	12	9
ENSG00000261652	9	27	9	5	12	15	12	14	8	20	6	15
ENSG00000261678	2	1	1	1	0	0	0	1	0	1	0	1
ENSG00000261717	2	5	14	3	11	8	18	13	5	4	8	7
ENSG00000261732	314	547	329	520	451	378	396	422	399	478	449	407
ENSG00000261739	788	1429	776	1194	1244	1090	922	1104	834	1108	811	840
ENSG00000261740	1625	2629	1725	1518	1648	1427	1644	1680	1457	1828	1551	1612
ENSG00000261787	4	1	2	1	7	4	0	1	6	1	4	3
ENSG00000261794	40	64	48	24	34	13	36	52	30	57	24	30
ENSG00000261796	659	660	522	354	297	360	593	504	450	407	477	584
ENSG00000261832	40	48	35	55	54	43	45	56	54	75	56	35
ENSG00000261857	0	6	11	6	1	6	5	8	0	18	13	7
ENSG00000261873	7	3	1	7	3	6	6	3	10	5	7	6
ENSG00000261884	462	726	504	521	516	498	471	432	386	443	403	361
ENSG00000261893	1217	2026	1357	1511	1334	1267	1487	1466	1289	1577	1280	1387
ENSG00000261915	15	20	11	30	6	12	23	20	22	32	3	15
ENSG00000261934	32	114	78	93	90	92	94	141	87	126	92	96
ENSG00000262102	0	0	0	0	0	0	30	0	0	0	0	0
ENSG00000262145	585	969	667	444	484	483	563	612	497	615	601	556
ENSG00000262152	28	67	37	58	40	57	57	55	44	60	60	34
ENSG00000262165	0	1	0	1	0	1	1	0	1	1	0	0
ENSG00000262180	0	3	3	5	4	3	3	1	1	10	3	2
ENSG00000262209	209	462	256	370	378	316	299	332	291	368	295	257
ENSG00000262243	0	5	0	1	0	2	3	3	3	0	0	0
ENSG00000262246	2080	3681	2607	3312	3039	2993	2222	1666	2301	2274	2126	1484
ENSG00000262302	2	2	1	0	0	1	0	2	0	2	0	0
ENSG00000262304	46	84	50	44	77	59	73	35	95	137	65	41
ENSG00000262334	44	41	46	54	26	44	30	53	27	32	46	8
ENSG00000262418	0	118	0	0	0	0	146	0	0	0	0	1
ENSG00000262446	155	233	235	114	228	125	74	154	92	211	148	108
ENSG00000262461	0	0	49	0	16	7	6	0	0	18	18	0
ENSG00000262473	129	48	32	48	37	138	39	15	44	32	36	31
ENSG00000262481	9	35	4	28	32	41	25	42	25	54	101	46
ENSG00000262484	23	49	44	28	25	31	24	26	28	32	36	40
ENSG00000262526	0	0	28	148	89	142	40	10	15	23	25	9
ENSG00000262560	0	0	0	5	0	0	0	0	0	2	0	0
ENSG00000262576	18	29	12	24	28	29	53	40	22	26	29	27
ENSG00000262599	1357	2855	0	1623	5861	4173	2400	430	1422	0	580	3246
ENSG00000262612	19	49	25	35	36	45	38	36	37	67	32	26
ENSG00000262633	1	4	14	9	4	9	1	2	4	3	11	3
ENSG00000262634	397	2287	690	881	797	721	868	618	387	505	386	529
ENSG00000262660	0	0	11	13	0	0	0	0	0	0	0	0
ENSG00000262664	565	1062	870	837	889	735	633	537	513	641	595	576
ENSG00000262666	692	1917	1236	1214	1122	1415	1209	1229	1082	1206	909	1283
ENSG00000262771	611	844	692	452	654	423	494	474	427	410	560	471
ENSG00000262788	0	3	0	1	0	1	0	2	0	3	1	4
ENSG00000262795	2220	4078	2670	3167	3638	3190	2490	2616	2284	2924	2463	2067
ENSG00000262814	2220	3420	3027	1959	2281	1922	1886	1599	1568	1904	1881	1801
ENSG00000262826	4200	3931	2524	4645	5034	4292	4533	3386	3015	4991	2993	4254
ENSG00000262860	6764	10793	7410	6875	6960	6372	6503	5818	5446	6553	5362	5407
ENSG00000262874	0	1	0	0	0	0	3	0	0	1	2	0
ENSG00000262919	240	377	301	262	287	212	197	183	163	196	160	210
ENSG00000262993	1	1	2	2	9	1	0	0	0	0	0	0
ENSG00000263001	13013	21648	15863	17038	18634	16048	15317	14209	13439	16039	14827	13582
ENSG00000263002	878	1431	985	924	1052	959	973	1048	919	1148	988	914
ENSG00000263020	6	9	0	6	0	9	0	0	0	0	0	0
ENSG00000263141	12	9	17	4	6	0	9	0	0	5	0	0
ENSG00000263160	380	790	514	715	935	786	683	763	501	887	451	567
ENSG00000263163	327	654	350	148	303	166	240	320	587	427	231	229
ENSG00000263238	290	29	97	739	319	259	87	217	30	89	0	215
ENSG00000263247	11	24	17	15	12	20	20	18	18	7	20	18
ENSG00000263264	902	1494	1174	899	873	872	1081	1261	1038	1291	1281	1046
ENSG00000263290	911	1474	1206	820	919	749	751	810	771	843	688	701
ENSG00000263324	123	153	133	81	59	58	84	72	49	126	87	73
ENSG00000263464	18	11	13	31	21	18	16	39	19	20	15	23
ENSG00000263465	892	1519	1073	1146	1381	1126	1173	1140	1041	1230	1115	1114
ENSG00000263513	387	678	504	431	419	348	357	358	263	299	380	303
ENSG00000263528	1803	2953	2249	1611	1795	1613	1845	1813	1658	2154	1654	1694
ENSG00000263620	16	34	33	32	25	25	19	38	27	37	17	21
ENSG00000263809	0	0	0	6	0	0	0	0	0	0	0	0
ENSG00000263874	185	318	236	284	256	271	271	326	276	306	317	229
ENSG00000263956	866	1560	1031	1183	1158	1110	1292	1232	1082	1351	1130	1066
ENSG00000263961	146	258	194	95	111	114	136	177	88	160	141	121
ENSG00000264006	14	22	14	14	16	8	3	28	4	18	9	11
ENSG00000264058	3	48	36	8	36	20	26	10	19	21	11	18
ENSG00000264187	0	8	2	8	12	8	0	2	2	17	0	17
ENSG00000264230	6	0	6	10	3	6	6	5	0	5	7	0
ENSG00000264324	4	16	4	8	16	11	15	9	7	18	19	14
ENSG00000264343	608	1093	708	600	634	610	749	837	697	902	857	744
ENSG00000264364	2177	3272	2291	2058	2204	2001	2004	1765	1642	2063	1736	1742
ENSG00000264522	339	538	424	938	974	858	452	431	297	457	389	392
ENSG00000264545	24	36	30	32	18	21	36	12	8	16	16	13
ENSG00000264619	305	832	320	399	454	407	458	501	286	474	410	435
ENSG00000264668	66	70	86	18	59	57	5	0	24	24	0	51
ENSG00000265118	25	56	43	52	53	21	66	45	48	11	19	25
ENSG00000265190	10	57	29	30	46	48	41	74	48	62	47	27
ENSG00000265241	3892	6651	4763	4713	5063	4433	4596	4247	3843	4589	4272	3940
ENSG00000265303	0	0	2	0	2	0	0	5	0	0	2	0
ENSG00000265354	1376	2026	1520	1312	1523	1278	1247	1024	940	1162	1082	1108
ENSG00000265491	2553	4215	2917	3273	3173	2832	2861	3032	2716	3166	2768	2619
ENSG00000265590	67	74	72	76	56	57	67	73	65	58	61	69
ENSG00000265681	16028	27831	21855	19146	21483	19315	16284	15726	14189	17231	17114	14320
ENSG00000265690	31	89	73	85	53	65	73	106	65	70	65	57
ENSG00000265763	8	10	3	2	2	5	5	3	3	10	3	5
ENSG00000265808	3736	6605	4499	4509	4607	4250	3782	3622	3254	4122	3494	3392
ENSG00000265817	597	852	521	467	533	365	525	554	444	604	631	546
ENSG00000265818	1	0	0	0	0	3	3	0	0	0	0	0
ENSG00000265972	7900	18666	14040	14285	15384	15493	15210	16096	12854	17946	15555	11828
ENSG00000266027	53	54	133	120	67	87	0	0	59	0	55	38
ENSG00000266028	7731	13260	9473	8413	8455	7728	8826	8992	7662	10053	8516	7690
ENSG00000266074	34094	54691	41656	45388	47208	43351	42309	39354	36414	44142	37026	36741
ENSG00000266076	0	0	6	0	0	0	0	0	0	0	0	0
ENSG00000266086	387	649	334	373	384	339	546	646	467	735	535	458
ENSG00000266094	2313	3973	3168	2868	3037	2773	2698	2625	2260	2928	2615	2495
ENSG00000266173	1823	2889	2147	2189	2288	2042	1960	1983	1691	2196	1918	1723
ENSG00000266302	13	25	23	0	9	19	5	13	4	11	3	9
ENSG00000266338	527	707	588	803	886	838	542	556	488	645	527	489
ENSG00000266412	8987	14083	10392	10159	11394	9991	8790	8367	7295	9235	8749	8002
ENSG00000266472	973	1588	1134	979	987	850	902	872	749	896	813	758
ENSG00000266714	5395	9952	7778	8437	8529	8403	7246	7825	6365	8311	6912	6005
ENSG00000266953	6	19	14	5	7	13	5	5	5	14	6	0
ENSG00000266964	1	1	1	1	0	1	0	4	0	0	3	1
ENSG00000266967	499	812	673	650	624	517	545	525	442	556	515	563
ENSG00000267001	40	40	52	52	41	48	42	39	56	26	42	45
ENSG00000267022	0	25	0	0	25	41	27	36	0	44	0	57
ENSG00000267041	2810	4926	3146	3203	3187	3070	3490	3444	3137	3729	3415	3628
ENSG00000267059	656	965	882	555	580	658	484	432	427	431	494	520
ENSG00000267060	227	461	384	256	270	243	347	392	308	421	436	302
ENSG00000267110	0	0	3	7	3	0	4	0	0	0	0	0
ENSG00000267120	96	121	84	130	164	108	85	110	68	97	91	84
ENSG00000267127	12	22	14	9	14	15	14	16	19	20	18	13
ENSG00000267157	11	1	6	2	0	1	1	0	5	3	1	5
ENSG00000267179	40	82	96	78	43	60	89	93	79	93	77	57
ENSG00000267221	1216	2278	1686	1905	1796	1715	1879	2199	1900	2117	1898	1662
ENSG00000267228	8	0	4	0	1	10	0	0	0	2	0	0
ENSG00000267261	19	13	10	9	15	3	21	7	21	9	35	3
ENSG00000267281	86	171	74	112	98	112	70	76	83	95	98	89
ENSG00000267303	33	0	29	0	18	0	42	0	0	0	0	0
ENSG00000267314	0	3	1	0	0	1	1	1	0	0	2	1
ENSG00000267318	4	7	0	0	0	2	0	0	2	0	1	0
ENSG00000267335	0	0	0	0	0	0	3	3	0	0	2	0
ENSG00000267360	12	13	6	11	8	11	5	22	13	16	26	17
ENSG00000267368	1560	2741	2068	2108	2108	2037	1993	1879	1701	2110	1857	1681
ENSG00000267385	13	24	22	25	11	7	20	27	10	19	20	28
ENSG00000267426	77	36	78	56	69	64	34	52	58	33	78	65
ENSG00000267508	362	641	417	341	497	384	496	502	412	511	493	398
ENSG00000267534	424	757	516	2097	2108	1992	573	464	448	486	428	386
ENSG00000267561	20	14	32	3	3	1	6	10	7	30	11	16
ENSG00000267618	12	5	15	4	4	9	0	2	0	3	9	4
ENSG00000267645	186	240	102	200	221	197	227	171	144	291	150	139
ENSG00000267673	140	188	203	175	164	159	137	95	109	140	105	99
ENSG00000267680	1577	2802	1939	2019	2012	1901	2489	2476	2089	2531	2381	2114
ENSG00000267697	2	2	0	3	4	2	3	2	0	4	0	2
ENSG00000267699	36	68	46	54	47	34	27	34	32	16	22	18
ENSG00000267706	1	2	0	3	3	1	5	8	3	2	6	0
ENSG00000267710	8	6	9	4	7	12	15	14	10	15	9	10
ENSG00000267740	15	106	83	79	76	62	54	55	72	68	55	70
ENSG00000267748	1	0	1	7	1	3	1	2	0	1	2	0
ENSG00000267795	1	2	0	1	0	1	0	1	0	2	1	0
ENSG00000267796	237	365	329	280	285	258	289	256	235	371	227	235
ENSG00000267855	261	456	348	397	353	327	373	328	332	354	355	362
ENSG00000267952	0	7	3	0	2	2	0	6	0	11	4	0
ENSG00000267954	1	0	1	0	5	0	0	0	0	0	1	1
ENSG00000268041	39	45	42	39	34	16	36	47	32	45	26	24
ENSG00000268043	1014	1800	1316	1351	1465	1289	1580	1595	1408	1656	1524	1439
ENSG00000268083	5	13	12	0	2	7	0	0	0	0	5	2
ENSG00000268104	0	3	1	3	3	6	5	5	6	8	10	6
ENSG00000268107	28	54	62	14	55	49	74	76	58	48	71	42
ENSG00000268163	4	4	1	10	3	5	7	5	13	8	16	6
ENSG00000268173	143	51	181	79	106	143	37	134	59	86	75	31
ENSG00000268182	173	368	262	281	296	266	327	340	302	336	279	277
ENSG00000268193	0	0	4	0	5	2	0	3	1	1	4	2
ENSG00000268279	8	12	15	12	6	14	6	7	3	14	5	6
ENSG00000268350	924	1688	1143	1182	1376	1419	1378	1296	1263	1349	1488	1047
ENSG00000268400	50	103	27	84	23	68	53	28	28	41	27	11
ENSG00000268434	1	1	2	1	1	3	2	0	0	1	1	0
ENSG00000268480	0	2	2	4	2	1	0	0	5	1	2	0
ENSG00000268500	0	0	0	0	0	0	0	0	0	0	99	0
ENSG00000268533	0	17	6	0	0	8	10	40	0	4	27	25
ENSG00000268614	0	0	2	0	0	0	4	0	0	0	0	0
ENSG00000268643	6	13	15	2	11	6	14	18	6	10	3	18
ENSG00000268655	6	4	7	2	14	8	6	4	2	2	1	1
ENSG00000268738	11	0	0	0	5	15	12	24	0	12	13	13
ENSG00000268750	150	313	187	195	207	161	165	194	138	193	182	169
ENSG00000268790	57	16	26	16	31	4	0	13	22	2	30	10
ENSG00000268861	1357	2560	2052	1543	1418	1656	1658	1741	1615	2061	2021	1726
ENSG00000268870	28	33	9	24	27	18	24	32	23	24	23	13
ENSG00000268940	0	0	1	1	8	3	0	0	1	0	5	0
ENSG00000268964	2	0	1	1	1	2	3	3	0	0	0	0
ENSG00000268975	11	17	13	34	13	9	28	24	51	24	37	22
ENSG00000269026	0	4	7	4	6	9	6	3	3	1	7	1
ENSG00000269028	79	13	0	11	3	9	6	11	5	8	6	8
ENSG00000269058	2	2	0	2	0	1	4	0	1	1	1	1
ENSG00000269095	0	0	0	0	0	0	0	0	0	0	0	0
ENSG00000269096	5	2	1	0	0	0	0	9	1	8	0	1
ENSG00000269179	0	2	2	3	0	4	0	4	2	9	0	0
ENSG00000269190	12	17	10	21	16	10	12	16	14	23	9	8
ENSG00000269226	3	5	4	6	8	11	5	2	15	4	2	4
ENSG00000269242	33	40	48	50	51	31	36	39	26	58	41	61
ENSG00000269307	0	33	19	0	21	0	4	0	33	2	3	0
ENSG00000269313	71	94	71	63	93	70	73	70	59	63	90	62
ENSG00000269335	1038	1714	1396	1222	1263	1168	1097	1004	886	1149	1065	990
ENSG00000269343	2739	4237	3072	2929	3086	2694	2985	3099	2763	3305	3108	2997
ENSG00000269403	12	16	17	17	18	12	6	10	14	13	5	17
ENSG00000269404	197	355	213	298	299	302	248	280	253	261	270	242
ENSG00000269469	4	3	0	6	1	1	2	5	1	5	1	6
ENSG00000269476	9	11	7	18	9	15	2	9	4	7	6	6
ENSG00000269533	8	11	9	6	10	11	15	11	16	13	15	11
ENSG00000269556	417	874	645	487	606	513	482	498	433	582	531	463
ENSG00000269590	0	0	0	0	0	0	3	0	0	0	0	0
ENSG00000269693	433	755	345	440	404	431	628	519	411	716	658	555
ENSG00000269699	0	5	12	0	0	0	2	2	0	3	1	3
ENSG00000269711	0	0	0	0	37	36	63	0	0	0	0	0
ENSG00000269713	2114	3504	2011	2618	2790	2262	2381	2506	2236	2728	1998	1999
ENSG00000269720	25	50	34	62	36	33	40	72	56	83	59	40
ENSG00000269743	70	147	99	138	105	94	91	88	86	92	76	86
ENSG00000269823	55	109	91	65	50	57	63	59	34	57	45	47
ENSG00000269855	7	2	14	5	2	10	12	17	15	13	19	18
ENSG00000269858	3955	6336	5018	4050	4253	3780	3818	3819	3115	4138	3839	3293
ENSG00000269891	10	71	16	21	18	13	9	15	26	11	13	28
ENSG00000269897	32	18	56	25	0	59	38	51	47	16	66	31
ENSG00000269955	121	103	126	86	41	116	140	106	111	49	74	72
ENSG00000270011	99	118	78	111	103	124	108	114	114	147	87	79
ENSG00000270106	31	212	25	19	117	40	14	29	16	116	28	27
ENSG00000270136	16	8	3	6	0	0	5	7	0	4	0	16
ENSG00000270149	0	66	28	0	0	0	0	50	0	67	0	32
ENSG00000270170	939	1430	1167	943	973	875	899	834	814	952	979	946
ENSG00000270181	0	0	2	0	25	0	0	6	0	0	0	0
ENSG00000270249	36	56	40	47	30	62	42	31	37	54	48	30
ENSG00000270276	219	488	169	572	676	499	240	176	257	275	217	219
ENSG00000270299	0	0	0	0	0	0	0	0	4	0	0	0
ENSG00000270316	92	194	120	165	143	89	178	173	137	157	0	0
ENSG00000270339	3	3	2	3	9	1	4	1	5	6	5	4
ENSG00000270379	5	0	0	2	0	2	0	0	0	0	0	0
ENSG00000270617	0	9	0	6	0	9	0	0	0	0	0	0
ENSG00000270629	2556	4260	3470	2717	2828	2591	3369	3756	3006	4077	3772	3058
ENSG00000270647	1303	1692	846	788	875	978	590	1061	562	815	919	1094
ENSG00000270672	5	1	0	0	0	0	0	0	1	0	0	0
ENSG00000270757	178	270	358	241	230	225	189	237	184	233	246	200
ENSG00000270765	0	0	1	0	0	0	2	0	0	0	6	2
ENSG00000270800	1620	2416	1950	1392	1640	1319	1294	1337	996	1317	1202	1128
ENSG00000270882	11817	24467	20382	16918	18215	16767	14120	11480	11634	15847	14167	12997
ENSG00000270885	230	391	264	329	278	263	321	384	330	346	311	308
ENSG00000270946	0	0	0	0	1	0	0	0	0	2	0	0
ENSG00000271092	7	24	14	17	21	12	17	29	31	28	17	18
ENSG00000271254	80	177	170	137	137	130	139	125	101	149	165	134
ENSG00000271303	1007	1812	1413	996	1057	914	906	1037	839	1072	930	953
ENSG00000271321	9	27	20	28	20	6	25	36	26	31	37	3
ENSG00000271383	2875	5093	3664	2727	2820	2644	3373	3639	2934	3881	3744	3183
ENSG00000271425	773	1449	1059	969	877	826	1080	1263	940	1236	1132	1028
ENSG00000271503	1636	3557	2544	2216	2154	1922	2807	3247	2642	3273	3090	2488
ENSG00000271567	2	9	5	6	8	7	9	2	9	8	1	2
ENSG00000271601	2451	4014	2597	2611	2910	2699	2654	2618	2343	2743	2376	2236
ENSG00000271605	932	1750	1244	1744	1729	1599	1389	1443	1226	1514	1213	1245
ENSG00000271698	35	49	44	19	42	35	36	31	31	33	29	36
ENSG00000271723	0	30	19	3	8	4	3	10	0	0	27	23
ENSG00000271741	359	764	430	505	437	501	557	489	493	728	495	492
ENSG00000271793	16	25	25	16	12	12	6	10	14	12	16	21
ENSG00000271824	1	5	5	3	0	1	3	2	0	0	4	3
ENSG00000271949	4	6	5	0	0	5	2	0	0	0	2	0
ENSG00000272031	13	50	24	7	15	17	13	9	12	14	5	9
ENSG00000272047	352	652	425	408	491	410	471	416	384	501	437	392
ENSG00000272104	7	3	0	5	4	9	4	7	4	5	4	4
ENSG00000272162	0	0	3	0	0	0	0	0	15	16	0	0
ENSG00000272196	9388	24500	21875	16810	13554	13127	13258	11321	12166	16752	21903	16415
ENSG00000272295	10	18	19	16	6	10	0	9	5	27	12	0
ENSG00000272305	14	16	10	4	14	15	17	24	7	13	15	12
ENSG00000272325	11103	17670	11833	12409	13385	11788	11782	11639	10540	13398	11419	11239
ENSG00000272333	5188	8127	6214	6002	6431	5566	5525	5338	4775	5892	5011	5019
ENSG00000272391	4446	7554	5011	5327	5561	4930	4889	4596	3999	5071	4325	4038
ENSG00000272398	119	231	111	145	114	122	171	234	157	175	188	148
ENSG00000272410	883	1264	686	781	1047	763	893	830	601	901	517	850
ENSG00000272414	112	170	118	73	79	58	90	83	114	138	96	68
ENSG00000272442	0	2	0	1	4	0	0	1	0	0	1	1
ENSG00000272514	2	4	0	4	4	0	5	1	3	0	9	1
ENSG00000272573	6	10	9	1	1	1	5	1	0	5	1	0
ENSG00000272602	4	2	3	7	0	3	5	5	1	4	3	2
ENSG00000272617	45	42	29	0	16	23	30	16	0	4	11	5
ENSG00000272647	4	4	3	2	2	0	4	2	3	11	4	3
ENSG00000272670	8	6	11	8	5	13	7	11	10	7	7	8
ENSG00000272772	0	2	3	0	1	0	1	0	2	0	4	0
ENSG00000272822	18	11	16	17	17	22	16	12	12	3	17	9
ENSG00000272835	0	809	0	0	0	0	567	0	0	0	0	187
ENSG00000272886	1682	2858	2188	2101	2116	1946	1743	1768	1490	1889	1764	1592
ENSG00000272896	1	10	5	0	3	4	2	4	0	4	3	1
ENSG00000272897	2	9	0	1	2	0	5	0	6	1	0	1
ENSG00000272899	38	82	48	45	56	63	57	41	45	48	55	37
ENSG00000272901	0	8	1	0	0	2	1	4	0	0	0	0
ENSG00000272916	424	642	519	511	521	544	420	451	390	481	407	284
ENSG00000272921	119	227	377	141	207	161	157	120	125	0	0	0
ENSG00000272968	13	13	32	22	23	19	15	16	11	19	9	12
ENSG00000273003	0	0	0	10	0	4	4	15	0	0	0	4
ENSG00000273045	11	15	13	8	19	6	9	10	8	15	15	8
ENSG00000273047	39	0	26	29	0	0	0	25	18	7	49	13
ENSG00000273086	4	1	3	0	0	6	2	3	2	5	1	4
ENSG00000273088	34	64	60	38	46	36	47	41	35	18	25	32
ENSG00000273136	480	698	591	523	489	489	513	550	428	611	485	495
ENSG00000273154	219	438	316	312	400	300	344	288	278	374	315	385
ENSG00000273155	7	6	5	8	7	8	6	7	6	1	0	6
ENSG00000273167	6	15	0	20	5	0	0	0	0	0	17	0
ENSG00000273173	102	166	124	73	70	61	80	106	86	109	67	78
ENSG00000273213	1023	2683	1912	2335	2411	2088	1626	1341	1355	1619	1439	1497
ENSG00000273217	118	26	134	0	0	0	213	47	166	31	234	70
ENSG00000273238	1	3	0	1	2	2	5	8	0	2	0	2
ENSG00000273269	0	0	0	0	0	0	0	0	0	3	0	3
ENSG00000273274	629	1015	733	876	833	752	854	974	859	1047	955	872
ENSG00000273294	0	24	67	13	6	37	0	5	0	10	0	0
ENSG00000273331	0	5	0	3	4	0	1	2	1	0	9	6
ENSG00000273397	0	0	8	0	3	0	7	2	0	0	8	0
ENSG00000273398	32	110	67	26	46	27	18	60	26	22	29	51
ENSG00000273494	845	1104	720	720	868	742	780	590	522	913	678	696
ENSG00000273514	0	1	1	0	1	3	0	5	1	0	0	0
ENSG00000273520	0	0	0	8	0	6	4	10	6	0	0	1
ENSG00000273535	0	2	0	5	0	1	0	0	0	0	0	1
ENSG00000273542	0	7	7	0	4	0	7	1	0	0	1	4
ENSG00000273559	1071	1827	1124	1240	1418	1211	1271	1146	1019	1161	1142	1124
ENSG00000273562	143	228	166	143	129	132	169	164	164	150	146	123
ENSG00000273564	0	1	1	12	6	9	3	0	3	2	0	0
ENSG00000273572	20	36	25	20	16	26	17	16	10	29	12	18
ENSG00000273574	491	794	746	621	647	633	391	440	371	468	420	405
ENSG00000273575	0	3	0	1	0	1	1	0	0	0	0	1
ENSG00000273579	0	5	0	3	2	2	0	5	2	3	1	1
ENSG00000273590	1	37	32	14	8	6	11	263	23	35	220	4
ENSG00000273592	2695	4182	3255	3696	3668	3394	2748	2446	2329	3145	2805	2222
ENSG00000273594	0	0	0	0	0	0	0	0	14	0	0	0
ENSG00000273604	527	721	632	528	643	544	497	437	391	471	425	353
ENSG00000273607	189	312	259	230	265	216	180	181	125	160	160	130
ENSG00000273608	38	48	35	32	44	27	48	58	46	44	46	45
ENSG00000273611	197	433	400	400	314	281	252	242	175	238	279	193
ENSG00000273633	0	4	1	1	2	1	0	0	0	2	1	1
ENSG00000273645	6149	9355	7009	5033	5563	4956	6127	6384	5251	7225	6570	6008
ENSG00000273686	11108	18351	13784	13973	15593	13929	11887	11714	10408	12516	11980	10495
ENSG00000273696	0	0	0	0	0	0	0	0	0	0	0	0
ENSG00000273703	1189	1833	1326	1207	1173	1086	1037	869	788	1072	905	995
ENSG00000273706	1	0	0	18	3	7	0	0	3	2	1	0
ENSG00000273707	8	5	3	26	8	0	18	23	22	24	39	0
ENSG00000273722	41	97	51	71	73	72	74	71	56	83	59	62
ENSG00000273734	0	0	2	0	0	0	0	0	0	5	6	0
ENSG00000273738	9	0	15	10	6	14	10	5	15	23	5	13
ENSG00000273748	71	94	58	63	81	71	59	48	45	62	65	70
ENSG00000273749	1594	2770	2070	1667	1964	1823	1638	2142	1636	2211	2015	1575
ENSG00000273761	5867	8535	6219	5842	6426	5564	5069	4643	4318	5045	4650	4762
ENSG00000273772	367	736	731	440	364	523	207	768	478	626	632	657
ENSG00000273780	301	414	362	185	330	234	311	342	228	421	405	255
ENSG00000273793	53	120	121	85	45	81	51	80	53	92	75	80
ENSG00000273802	4011	7725	6037	4928	5330	5050	4123	3695	3155	4120	3857	3768
ENSG00000273807	470	795	512	380	442	421	462	391	429	530	383	335
ENSG00000273814	286	446	347	417	389	340	350	413	415	394	366	363
ENSG00000273820	37	61	70	38	46	38	37	38	34	37	40	26
ENSG00000273831	92	202	148	108	138	93	102	121	96	156	112	88
ENSG00000273841	2399	3817	2505	2241	2270	1851	2579	2302	2317	2772	2298	2340
ENSG00000273850	505	755	669	515	513	465	426	461	398	514	526	450
ENSG00000273859	2	8	6	2	11	3	1	1	6	7	2	0
ENSG00000273873	182	17	13	16	12	7	25	21	5	9	10	17
ENSG00000273889	1225	3503	4325	2952	2057	1491	3874	1628	2944	2031	0	1295
ENSG00000273896	14	26	24	18	7	5	29	10	9	11	16	6
ENSG00000273899	809	1240	1031	890	982	764	871	742	699	836	795	763
ENSG00000273914	0	0	1	0	0	0	0	3	2	1	5	1
ENSG00000273936	918	1763	1492	1269	1364	1189	1342	1281	1083	1325	1195	1004
ENSG00000273983	6967	18082	15375	12163	12752	11536	10833	9967	9129	10895	11514	10709
ENSG00000273991	18	23	15	29	20	23	39	23	21	36	20	16
ENSG00000273992	112	124	65	191	165	176	126	165	117	38	163	201
ENSG00000274000	0	0	0	0	0	0	33	0	0	21	0	0
ENSG00000274047	335	609	701	709	1099	424	244	610	236	48	48	332
ENSG00000274049	33	9	9	0	17	0	0	0	46	0	0	19
ENSG00000274070	673	1068	850	1172	1188	1071	776	691	707	734	623	755
ENSG00000274081	5973	8862	7300	6278	6691	5735	5221	4848	4559	5382	4669	5230
ENSG00000274102	1	1	0	0	0	0	0	1	0	0	2	0
ENSG00000274110	1022	1674	1002	1370	1283	1370	1097	880	831	1217	864	936
ENSG00000274113	27	21	17	175	198	173	54	58	30	48	46	38
ENSG00000274129	964	1585	1271	1086	1283	1077	1178	1054	950	1142	1175	838
ENSG00000274137	8	25	20	16	13	17	25	30	16	2	14	14
ENSG00000274145	0	0	0	0	4	0	0	4	4	4	4	0
ENSG00000274148	1	1	2	32	31	33	1	4	2	2	5	4
ENSG00000274166	2	10	0	1	0	0	0	0	0	0	0	0
ENSG00000274180	304	555	385	481	425	434	457	526	443	594	435	376
ENSG00000274183	0	0	2	2	1	0	4	0	0	2	0	0
ENSG00000274185	34	62	32	44	45	42	45	54	49	63	47	39
ENSG00000274205	0	0	0	0	4	0	0	15	0	0	0	3
ENSG00000274211	1925	3054	2247	2099	2107	1988	2194	2142	1921	2397	2103	1890
ENSG00000274229	0	0	0	0	0	0	0	0	0	11	0	0
ENSG00000274233	0	93	2	0	0	0	99	1	0	0	0	0
ENSG00000274276	2	53	23	13	20	15	37	3	5	5	0	3
ENSG00000274286	2	4	8	0	3	0	2	1	0	2	0	1
ENSG00000274290	4146	7288	5307	5173	5016	4498	4523	3760	3554	4373	3823	4282
ENSG00000274296	297	646	348	565	353	414	381	626	466	435	307	277
ENSG00000274305	4933	8073	6297	6544	6280	6358	5471	6170	5363	6545	5158	4607
ENSG00000274311	3	2	3	6	3	6	3	1	1	4	2	1
ENSG00000274320	35	68	30	76	96	57	66	62	76	76	62	18
ENSG00000274322	12	12	14	17	14	11	13	6	22	15	9	10
ENSG00000274332	369	587	380	297	380	425	305	521	344	446	213	420
ENSG00000274334	36	43	39	34	32	43	27	38	18	28	26	26
ENSG00000274336	1063	1256	1324	899	1142	1084	1190	950	1007	1280	1263	1077
ENSG00000274349	322	495	317	352	401	329	344	318	265	371	330	339
ENSG00000274352	0	0	89	0	0	90	0	68	0	148	68	177
ENSG00000274384	13	52	15	62	59	55	52	32	35	55	32	22
ENSG00000274386	23	74	29	70	54	56	50	63	57	71	73	56
ENSG00000274391	1	0	1	3	3	1	1	2	3	6	4	2
ENSG00000274404	72	165	89	115	132	89	120	130	83	106	87	108
ENSG00000274429	207	313	0	0	277	105	128	368	128	0	0	287
ENSG00000274437	680	1244	876	451	446	425	509	646	418	596	625	535
ENSG00000274442	1735	4782	0	4472	1553	3936	4866	2607	1000	2635	1594	3790
ENSG00000274443	0	2	0	1	0	0	0	0	0	0	0	0
ENSG00000274474	7767	12376	8755	8090	8813	8321	5323	5779	5375	6271	6310	7149
ENSG00000274512	551	1067	788	856	828	823	993	1077	874	1204	861	653
ENSG00000274513	57	15	29	81	55	68	46	51	49	36	53	12
ENSG00000274523	2155	3509	2920	2371	2583	2399	1994	1858	1676	2138	1935	1748
ENSG00000274529	1	1	1	0	6	1	1	2	0	1	0	1
ENSG00000274538	104	0	12	0	12	115	0	13	0	12	79	12
ENSG00000274540	0	0	0	1	2	0	0	0	0	1	0	0
ENSG00000274542	0	0	0	0	0	0	0	0	0	0	0	0
ENSG00000274559	4015	7226	6134	4240	4277	4322	3984	3727	3120	4063	4013	3432
ENSG00000274577	0	0	0	0	0	0	0	0	0	0	0	0
ENSG00000274580	101	177	146	177	128	121	159	163	148	150	162	149
ENSG00000274587	0	1	7	7	7	6	0	1	2	2	0	0
ENSG00000274600	231	350	294	243	321	263	260	219	178	310	205	229
ENSG00000274616	265	432	272	330	318	264	392	434	322	316	348	338
ENSG00000274618	2731	5512	4686	3947	3852	3828	3649	3320	3138	3761	3900	3464
ENSG00000274619	177	584	45	65	43	0	476	199	0	47	131	0
ENSG00000274636	39	82	22	33	46	10	0	28	12	47	43	0
ENSG00000274638	0	110	102	0	0	0	0	0	0	136	0	0
ENSG00000274641	7434	12950	10674	7994	8442	7678	6544	6091	5220	6865	6465	6286
ENSG00000274646	296	489	396	354	373	342	300	342	271	304	345	244
ENSG00000274669	24	103	47	30	33	34	106	72	14	36	23	25
ENSG00000274671	92	170	125	114	126	112	135	164	177	148	105	106
ENSG00000274675	1264	1833	1332	1147	1216	1073	1213	1057	999	1187	1007	1047
ENSG00000274679	127	209	197	0	101	97	99	156	89	126	114	132
ENSG00000274726	885	1430	1114	668	750	627	786	743	679	943	750	763
ENSG00000274734	81	103	105	53	60	57	43	86	65	64	3	52
ENSG00000274736	84	190	113	67	77	81	105	119	90	100	111	104
ENSG00000274744	7	26	9	16	3	5	7	9	11	3	6	0
ENSG00000274746	27	68	0	285	197	0	116	114	130	29	126	43
ENSG00000274750	183	359	183	337	407	305	227	230	187	206	220	180
ENSG00000274768	355	628	505	445	449	361	323	291	275	331	312	240
ENSG00000274779	6573	10169	7342	7067	7403	6102	5818	5430	4932	6067	5207	5365
ENSG00000274780	3184	5176	4077	4051	4101	3719	3590	3288	3087	3674	3207	3272
ENSG00000274791	31	25	78	23	6	17	0	0	0	0	18	0
ENSG00000274803	1980	2504	1985	2043	1877	2105	1763	2010	1436	1841	1604	1893
ENSG00000274808	98	113	102	114	57	105	103	115	83	152	107	49
ENSG00000274810	53	34	11	55	48	25	35	55	24	26	21	4
ENSG00000274811	667	1336	1355	948	1155	1022	882	795	908	1045	730	1058
ENSG00000274829	107	67	52	263	711	68	126	50	175	58	263	126
ENSG00000274843	12	17	19	3	17	24	16	19	5	30	23	26
ENSG00000274847	18	29	23	19	29	14	22	49	9	18	19	31
ENSG00000274853	328	500	421	312	338	332	226	247	198	295	281	247
ENSG00000274891	43	176	78	118	124	108	97	103	138	96	121	155
ENSG00000274897	44	122	66	81	84	76	39	45	33	63	59	44
ENSG00000274914	69	139	61	105	88	89	109	103	92	98	72	89
ENSG00000274933	0	6	0	2	6	0	7	0	13	7	4	7
ENSG00000274935	276	430	339	518	483	449	327	309	292	430	226	260
ENSG00000274939	16	21	18	11	63	16	34	34	28	40	39	54
ENSG00000274944	0	0	2	0	0	0	6	1	4	0	2	0
ENSG00000274950	13923	23459	20899	18735	19316	18061	15801	14987	13257	16162	16944	14252
ENSG00000274958	2589	3901	2968	3244	3332	3093	2826	2638	2361	2798	2628	2355
ENSG00000274965	0	3	3	0	0	0	2	1	0	0	0	0
ENSG00000274997	2513	6032	4413	3568	4012	3547	3520	2992	2790	3564	3340	3306
ENSG00000275003	1152	1844	1763	1304	1529	1285	1284	1171	1006	1509	1346	1265
ENSG00000275004	175	279	173	122	184	202	237	113	97	241	149	194
ENSG00000275013	11	5	10	12	20	11	18	11	12	32	16	0
ENSG00000275018	2	3	3	2	4	4	0	8	1	13	0	3
ENSG00000275019	1	0	3	10	4	1	5	0	0	5	0	0
ENSG00000275023	767	1790	1125	714	853	769	439	950	780	771	681	372
ENSG00000275031	536	1060	804	885	887	827	592	528	529	655	663	515
ENSG00000275035	73	142	121	18	42	85	65	44	41	53	62	57
ENSG00000275045	302	605	643	267	440	409	403	302	264	527	466	132
ENSG00000275050	3	0	0	1	2	0	0	1	2	6	3	1
ENSG00000275052	7751	12998	9188	8149	8667	7684	7613	7393	6603	7906	7739	6955
ENSG00000275063	1	4	1	6	1	1	3	4	2	2	3	1
ENSG00000275066	2257	4052	2699	3437	3268	3699	3151	2757	2805	3652	3159	2785
ENSG00000275074	712	1256	1046	779	901	749	535	624	523	682	624	516
ENSG00000275079	3675	5308	3134	3599	3860	2759	3733	3212	3251	3120	3297	3364
ENSG00000275095	10	0	12	0	12	0	40	17	46	38	11	17
ENSG00000275111	407	700	411	424	488	414	451	467	427	496	489	433
ENSG00000275118	316	450	164	323	298	359	189	260	251	210	258	151
ENSG00000275125	749	1182	909	643	759	680	663	658	612	707	640	615
ENSG00000275126	1020	2095	1445	1335	1350	1260	1236	1048	877	1251	1032	1124
ENSG00000275145	500	677	253	412	416	464	397	408	461	407	410	314
ENSG00000275152	10	39	12	29	12	35	0	17	0	0	11	17
ENSG00000275153	0	26	0	7	0	0	0	8	0	0	0	0
ENSG00000275176	136	245	72	147	173	116	103	17	68	52	60	287
ENSG00000275183	265	439	365	341	301	294	264	228	197	246	234	201
ENSG00000275199	422	604	545	376	491	417	485	236	428	259	434	0
ENSG00000275211	0	0	0	0	0	0	0	0	0	0	6	0
ENSG00000275214	17	11	10	6	9	10	8	15	13	12	9	16
ENSG00000275221	555	1353	1128	765	827	786	805	733	677	818	875	773
ENSG00000275246	0	36	0	0	0	0	0	0	0	0	0	0
ENSG00000275262	8	0	14	4	0	0	0	0	0	0	1	0
ENSG00000275272	2955	4966	3735	3216	3557	3020	3100	3066	2704	3259	3012	2785
ENSG00000275290	559	1051	900	1292	1509	1388	1086	1040	851	1112	878	703
ENSG00000275300	17	0	13	0	0	14	0	68	5	13	2	0
ENSG00000275302	0	0	2	0	1	0	0	1	1	5	4	3
ENSG00000275326	0	0	0	4	3	0	0	0	0	10	0	1
ENSG00000275331	1	5	11	6	4	7	12	0	11	13	8	2
ENSG00000275333	2598	4220	2745	3336	3290	3028	2783	2707	2544	3129	2627	2508
ENSG00000275338	880	1274	1073	961	1008	875	821	805	738	871	765	667
ENSG00000275342	1683	3000	2236	3195	3263	2874	2092	1955	1926	2434	1998	2013
ENSG00000275349	855	943	980	739	20	747	489	700	798	960	845	795
ENSG00000275356	2	0	2	6	7	4	3	3	3	0	1	2
ENSG00000275365	0	0	8	4	1	9	4	6	3	4	1	3
ENSG00000275368	59	98	79	53	69	67	65	72	52	59	60	60
ENSG00000275379	2495	4645	3967	3001	3213	2900	2655	2360	2236	2815	2796	2538
ENSG00000275395	8	0	20	31	10	0	9	37	10	5	4	4
ENSG00000275397	47	26	9	0	0	0	35	0	29	0	0	10
ENSG00000275404	0	3	27	4	11	10	6	7	26	5	1	22
ENSG00000275428	37	36	16	37	36	33	22	29	18	6	23	23
ENSG00000275430	16	21	9	31	49	21	25	35	12	33	17	9
ENSG00000275463	0	2	0	0	5	0	0	0	1	0	0	0
ENSG00000275464	1740	2584	2042	1604	1758	1502	1552	1246	1352	1532	1473	1453
ENSG00000275482	412	604	513	383	516	474	477	487	401	402	451	408
ENSG00000275493	5	13	6	5	2	6	0	6	4	5	3	1
ENSG00000275498	2974	4603	2932	2915	3329	2656	2751	2722	2404	2906	2529	2826
ENSG00000275499	0	0	0	0	2	1	3	1	0	2	1	0
ENSG00000275501	7	0	3	2	7	2	4	4	1	4	6	13
ENSG00000275525	60	99	0	29	121	79	109	86	57	69	255	93
ENSG00000275539	0	0	0	5	1	0	0	1	0	0	0	0
ENSG00000275543	969	1509	1208	1135	1119	995	955	923	814	869	997	840
ENSG00000275544	243	353	213	202	175	174	125	112	162	165	198	171
ENSG00000275555	55	95	140	79	0	117	0	99	68	0	70	63
ENSG00000275565	0	4	13	38	15	0	34	12	0	32	0	0
ENSG00000275568	263	619	168	393	326	204	294	362	205	195	471	333
ENSG00000275571	46	85	48	29	37	39	42	46	39	54	27	46
ENSG00000275575	943	1923	1420	1122	1100	1102	1117	1238	1083	1236	1105	1104
ENSG00000275581	0	0	0	0	0	6	0	15	0	0	0	0
ENSG00000275584	0	0	0	0	3	2	0	1	0	1	5	0
ENSG00000275591	3	6	1	0	0	6	0	3	1	0	3	1
ENSG00000275594	625	969	468	794	878	691	880	878	831	901	753	755
ENSG00000275600	210	364	191	188	186	193	0	76	0	58	117	64
ENSG00000275618	763	1073	977	870	913	960	859	628	847	942	753	821
ENSG00000275619	82	19	200	175	80	79	175	87	85	146	155	50
ENSG00000275621	138	266	206	305	253	199	221	172	153	224	219	170
ENSG00000275633	7	4	10	0	0	19	0	0	5	21	0	5
ENSG00000275650	16	29	21	15	12	0	3	23	0	23	9	9
ENSG00000275674	0	0	1	1	0	0	0	0	0	0	0	1
ENSG00000275699	0	0	0	5	0	0	0	0	0	9	1	0
ENSG00000275700	2393	3481	2614	2341	2430	2061	2154	1899	1617	2141	2140	1907
ENSG00000275713	2703	5244	3360	3759	3954	3498	3437	2908	2695	3652	3023	3375
ENSG00000275714	1599	3094	2231	2144	2235	1991	1790	1545	1411	1796	1413	1552
ENSG00000275723	0	0	0	0	0	0	0	0	0	0	0	0
ENSG00000275724	217	341	257	277	283	228	234	150	164	223	177	198
ENSG00000275730	1243	2301	1555	2506	2502	2237	1408	1265	1170	1531	1331	1245
ENSG00000275732	0	0	0	0	3	0	0	0	0	0	0	0
ENSG00000275736	110	297	176	158	165	165	188	306	133	349	79	178
ENSG00000275740	323	695	517	378	392	288	373	245	267	320	323	309
ENSG00000275744	203	281	198	230	237	230	186	188	173	226	191	167
ENSG00000275746	9181	17172	13132	16191	17479	16555	12587	11643	11066	13257	11457	10230
ENSG00000275748	74	127	86	111	153	81	112	137	84	164	98	105
ENSG00000275758	24	55	78	0	0	9	0	0	62	0	0	0
ENSG00000275778	0	0	0	0	3	0	0	1	3	0	1	0
ENSG00000275779	458	862	648	259	464	285	445	494	371	563	430	389
ENSG00000275793	469	708	592	487	593	502	451	445	369	509	441	364
ENSG00000275819	2	4	1	1	1	1	2	0	1	0	5	0
ENSG00000275821	0	0	1	2	0	0	2	2	0	1	1	0
ENSG00000275832	827	1390	1005	765	780	715	841	794	738	832	738	894
ENSG00000275835	1354	1946	1386	1944	1834	1649	1381	1149	1211	1318	1135	1319
ENSG00000275837	2538	4484	3415	3273	3663	2774	2897	2509	2374	2665	2550	2586
ENSG00000275841	0	0	0	2	5	1	0	0	0	0	1	1
ENSG00000275851	5756	8739	6817	5989	6343	5949	6623	5941	5125	7094	6016	5864
ENSG00000275861	2	0	9	13	0	3	4	20	9	6	15	11
ENSG00000275867	1726	2955	1929	2337	2096	1938	1797	1666	1657	2064	1538	1591
ENSG00000275873	62	185	121	112	83	107	104	132	86	166	118	104
ENSG00000275885	0	0	93	100	0	0	40	0	0	0	55	0
ENSG00000275895	1237	1826	1491	1256	1464	1125	1253	1022	1038	1133	1016	1044
ENSG00000275903	1383	2552	2222	1758	1510	1279	1544	961	887	1253	1194	1301
ENSG00000275911	656	1366	1098	508	710	1164	963	933	759	929	96	62
ENSG00000275917	28	24	11	9	3	8	20	7	3	26	9	14
ENSG00000275918	444	749	456	630	558	498	508	313	370	292	284	391
ENSG00000275932	38	223	378	52	183	327	53	101	223	139	231	52
ENSG00000275947	461	737	567	629	745	586	525	483	436	525	499	547
ENSG00000275949	585	891	552	683	748	647	661	726	542	805	603	618
ENSG00000275990	491	1307	1530	1204	1192	1117	1169	1060	929	1135	1579	1023
ENSG00000275993	581	983	795	705	801	748	778	750	618	820	646	624
ENSG00000276016	6280	10781	8232	8127	8883	8237	7134	7452	6621	8394	7055	6808
ENSG00000276017	5	10	4	16	12	8	0	0	0	5	0	6
ENSG00000276021	1761	2882	2319	2534	2576	2291	1930	1769	1779	2014	2008	2033
ENSG00000276023	315	351	28	314	223	8	264	136	12	193	29	263
ENSG00000276042	116	119	85	85	106	112	52	48	34	49	68	40
ENSG00000276043	24305	36165	11037	22763	24445	20387	19914	18529	17026	21039	18814	19967
ENSG00000276045	1273	2049	1555	1081	1175	1118	1148	1167	893	1328	1179	1113
ENSG00000276053	2844	5521	3905	5165	4852	4531	3817	3927	3510	4102	3493	3684
ENSG00000276061	28	39	25	14	5	13	34	11	11	15	30	15
ENSG00000276068	812	3356	1024	3678	2258	3736	2042	2478	2072	1884	1529	1316
ENSG00000276072	0	37	13	13	13	13	13	0	38	0	0	0
ENSG00000276087	4	5	5	5	7	6	6	6	5	7	7	6
ENSG00000276111	90	293	89	140	99	65	102	98	93	107	355	309
ENSG00000276130	203	375	301	352	307	343	338	281	243	251	374	227
ENSG00000276146	9	186	74	102	127	139	118	90	71	120	76	80
ENSG00000276155	4	9	10	5	9	7	2	15	4	20	12	4
ENSG00000276163	982	2616	2012	1959	3020	2653	1182	1138	925	1198	892	995
ENSG00000276180	3216	8544	7080	5293	5564	5267	5397	4574	4192	5192	5281	4867
ENSG00000276184	56	93	56	89	112	89	69	76	60	103	99	91
ENSG00000276187	632	934	927	610	913	722	771	949	869	1012	887	599
ENSG00000276203	12	36	16	25	13	15	14	16	13	17	16	19
ENSG00000276219	2	2	3	0	2	1	0	5	2	0	0	2
ENSG00000276230	9453	14587	11585	10155	10153	9358	8952	8569	7846	9296	8870	8598
ENSG00000276231	190	447	304	578	637	627	439	425	368	493	414	305
ENSG00000276234	1402	2176	1639	1541	1519	1410	1310	1197	1161	1337	1302	1273
ENSG00000276256	811	1212	788	784	777	666	733	797	689	863	800	762
ENSG00000276263	130	179	106	138	115	82	118	68	57	80	79	72
ENSG00000276276	31	132	88	93	85	100	82	54	70	87	52	84
ENSG00000276289	11	34	21	3	3	0	30	36	27	29	43	15
ENSG00000276302	4	4	3	3	7	8	7	6	7	6	7	10
ENSG00000276336	77	94	0	70	64	0	0	0	0	110	0	0
ENSG00000276340	3042	4656	3434	3437	3628	3218	3040	3206	2765	3227	3061	3105
ENSG00000276345	0	3	2	0	2	0	0	0	0	0	0	0
ENSG00000276358	884	1525	1188	1245	1262	1191	1162	1116	983	1270	1081	1017
ENSG00000276368	6260	12540	9261	8737	8628	7919	6900	6092	6264	7232	6536	6188
ENSG00000276371	1885	3469	2085	2192	2027	1951	1882	1836	1656	1831	1773	1550
ENSG00000276410	556	2417	1374	1332	1592	1464	1246	1117	966	1258	1018	1137
ENSG00000276416	28	82	41	93	91	92	74	71	80	104	72	51
ENSG00000276418	4	9	9	5	4	14	12	5	5	16	7	2
ENSG00000276424	0	0	0	0	5	4	0	10	12	20	13	0
ENSG00000276429	2	16	4	21	4	10	15	11	6	10	9	9
ENSG00000276432	0	0	0	0	0	22	0	25	0	0	34	0
ENSG00000276438	3	4	1	1	9	24	8	3	16	18	1	4
ENSG00000276452	53	0	76	115	155	122	102	56	85	109	28	80
ENSG00000276458	946	2141	1293	876	1486	1134	1372	1623	15	1175	1944	549
ENSG00000276461	4914	7483	5172	4830	5334	4453	4221	4121	3711	4746	3732	4116
ENSG00000276463	392	781	452	339	377	442	482	546	282	457	353	461
ENSG00000276469	5	6	4	5	3	9	6	6	5	2	4	2
ENSG00000276480	51	0	0	79	0	0	3	0	0	0	0	0
ENSG00000276482	596	1065	890	1233	1255	1184	851	809	753	1063	776	700
ENSG00000276495	240	374	191	310	394	237	257	221	224	243	194	264
ENSG00000276536	299	467	402	333	267	213	202	201	193	303	237	180
ENSG00000276537	2	0	6	6	2	0	0	0	0	0	0	0
ENSG00000276541	91	54	54	149	33	57	149	45	31	73	41	29
ENSG00000276547	52	106	86	148	125	106	103	141	109	125	84	111
ENSG00000276559	0	2	1	1	0	0	0	0	0	0	0	0
ENSG00000276561	564	1121	908	873	873	888	598	600	460	651	614	501
ENSG00000276565	14	31	19	33	28	31	27	29	25	53	29	28
ENSG00000276600	541	975	666	181	200	181	490	606	360	585	584	422
ENSG00000276612	13	0	0	0	0	3	3	0	8	9	3	3
ENSG00000276615	0	0	7	4	0	0	0	0	0	0	3	0
ENSG00000276618	1303	1008	689	473	636	675	1143	599	583	757	1312	741
ENSG00000276644	1	0	0	0	1	0	0	0	1	1	0	0
ENSG00000276657	790	1223	1054	809	743	609	442	474	362	415	428	547
ENSG00000276681	1869	3019	2129	2278	2199	1875	1933	1863	1374	2157	1937	1648
ENSG00000276684	714	1266	850	917	851	792	1046	838	748	937	892	812
ENSG00000276701	2278	4035	3016	2371	2512	2566	2675	2499	1853	2793	1871	1672
ENSG00000276709	448	786	544	654	529	483	589	595	548	712	495	559
ENSG00000276725	59	3444	873	2065	3074	1524	2249	1470	1337	2833	525	751
ENSG00000276726	2400	3841	2996	2602	2828	2193	2326	2327	1921	2203	1978	2249
ENSG00000276734	1	11	34	22	1	24	11	5	3	4	5	29
ENSG00000276761	125	222	341	293	231	177	184	213	162	262	111	96
ENSG00000276781	0	2	0	0	0	4	0	2	1	0	0	1
ENSG00000276787	788	1133	807	743	982	716	715	739	672	731	733	771
ENSG00000276798	34	68	33	49	45	40	54	52	51	63	47	39
ENSG00000276802	2629	4033	3013	3292	3552	2926	2995	2760	2752	3250	2798	2498
ENSG00000276825	0	19	16	24	20	20	12	30	0	28	23	15
ENSG00000276833	1485	2380	2000	2235	2264	1779	1489	925	1085	1236	753	793
ENSG00000276836	298	506	398	423	407	394	404	470	394	420	412	349
ENSG00000276838	12	46	0	0	25	20	20	23	0	0	48	0
ENSG00000276856	70	66	70	60	87	41	61	70	32	54	52	40
ENSG00000276870	0	3	0	4	0	0	1	4	2	1	2	2
ENSG00000276879	11	24	18	17	24	11	6	18	20	23	36	12
ENSG00000276880	95	102	82	66	52	52	99	113	58	55	85	71
ENSG00000276882	0	0	0	0	0	0	4	0	0	0	0	0
ENSG00000276887	6	13	2	10	14	9	3	18	8	6	15	13
ENSG00000276903	763	1445	1176	902	878	813	791	650	629	731	735	719
ENSG00000276907	1418	2470	1819	1974	1963	1853	1871	1749	1581	2054	1621	1516
ENSG00000276910	1663	2661	1848	2110	2160	1845	2002	1991	1693	1859	1610	1851
ENSG00000276913	0	0	0	1	0	1	0	0	0	1	1	0
ENSG00000276914	1711	3238	2252	2168	2015	1843	2207	2091	1581	2111	2159	1992
ENSG00000276920	1035	1534	1304	1494	1695	1402	1217	836	1026	1056	950	1036
ENSG00000276935	477	855	651	730	798	676	689	659	578	679	570	433
ENSG00000276950	8	8	3	4	8	8	2	2	7	5	6	3
ENSG00000276966	2347	4439	3448	3192	3330	2926	2800	2249	2242	2748	2929	2593
ENSG00000276979	8	0	10	0	0	0	7	0	0	0	0	0
ENSG00000276986	8	14	15	1	6	7	7	13	9	8	12	8
ENSG00000276996	0	1	4	0	0	1	2	4	1	4	4	2
ENSG00000277005	17	13	12	15	13	10	7	9	5	10	14	12
ENSG00000277018	1	2	2	0	1	0	6	4	3	1	1	2
ENSG00000277033	61	119	45	82	124	133	110	93	92	115	78	101
ENSG00000277044	99	147	117	70	113	73	58	130	70	68	132	0
ENSG00000277060	0	25	3	6	6	7	0	7	9	9	8	0
ENSG00000277075	6143	13179	9079	9344	9506	8312	7538	6749	5905	7449	6120	6819
ENSG00000277092	2	0	4	0	4	0	0	5	0	0	0	0
ENSG00000277104	23	23	35	0	8	34	0	0	0	21	9	0
ENSG00000277111	24	39	5	25	18	39	25	41	42	37	13	22
ENSG00000277117	626	1274	911	628	737	689	680	722	540	702	690	701
ENSG00000277131	13	16	19	10	10	10	8	2	16	6	8	7
ENSG00000277132	0	0	2	7	0	4	2	6	2	1	2	0
ENSG00000277134	204	251	237	290	483	369	253	238	235	199	310	74
ENSG00000277140	3269	5983	2273	4699	3032	1416	5019	3574	2276	2249	4131	3999
ENSG00000277149	370	667	433	459	384	405	390	408	342	404	317	361
ENSG00000277150	250	430	349	371	327	308	243	216	217	313	228	236
ENSG00000277157	3112	12077	8690	8902	9562	8624	8701	7738	7208	8777	9129	8858
ENSG00000277161	433	633	460	534	622	382	510	380	470	432	330	415
ENSG00000277177	37	33	34	19	49	33	0	31	0	0	26	0
ENSG00000277181	0	8	0	0	0	0	5	0	0	0	0	0
ENSG00000277196	0	10	5	2	4	4	1	3	6	3	0	4
ENSG00000277203	268	352	293	266	336	300	286	292	227	255	266	246
ENSG00000277221	362	651	295	466	476	425	585	581	549	651	486	421
ENSG00000277222	5005	7915	5527	6268	6802	6282	5652	5363	5025	6080	5339	5319
ENSG00000277224	3255	7184	5479	4888	5022	4697	4514	3845	3316	4449	3862	3857
ENSG00000277263	0	0	0	0	0	0	10	0	0	10	0	0
ENSG00000277273	387	638	648	496	728	895	736	769	522	375	687	653
ENSG00000277276	23	95	35	31	48	56	21	25	23	36	56	55
ENSG00000277278	73	104	64	79	100	77	112	107	71	103	116	97
ENSG00000277292	5809	9361	6823	6346	6694	5844	6367	5949	5528	6846	5957	5804
ENSG00000277303	0	0	0	0	0	0	0	0	0	0	0	0
ENSG00000277322	8	19	8	9	13	12	11	12	11	12	18	14
ENSG00000277335	0	0	0	0	5	0	0	0	0	0	2	0
ENSG00000277361	0	1	0	0	4	4	3	3	0	6	4	0
ENSG00000277363	2	7	3	2	3	0	8	6	1	3	2	4
ENSG00000277377	56	67	47	83	28	84	38	40	7	33	25	69
ENSG00000277398	12	2	12	3	22	15	94	27	0	13	15	14
ENSG00000277399	5	6	4	0	3	1	0	6	0	2	4	2
ENSG00000277400	38	75	46	86	77	93	55	60	67	70	44	65
ENSG00000277421	117	117	104	49	35	21	8	63	92	7	51	38
ENSG00000277424	11	3	43	11	13	19	14	3	0	7	19	26
ENSG00000277429	0	231	0	0	0	102	149	112	132	63	94	20
ENSG00000277439	7	33	4	26	19	11	20	12	8	2	23	7
ENSG00000277443	11	36	23	44	37	31	33	22	22	33	32	18
ENSG00000277454	23	43	10	20	18	10	23	21	24	13	31	12
ENSG00000277462	340	636	397	416	391	339	342	344	307	373	393	296
ENSG00000277481	75	146	82	164	191	171	142	116	99	149	114	131
ENSG00000277494	21	36	30	17	16	12	20	20	19	27	16	25
ENSG00000277531	120	225	158	208	164	192	175	220	178	188	206	175
ENSG00000277540	0	0	0	0	0	0	0	0	5	0	0	0
ENSG00000277564	62	68	44	18	69	50	32	27	25	15	50	54
ENSG00000277571	1290	3694	4369	989	1519	1120	936	2446	1189	878	505	1390
ENSG00000277594	35	72	76	40	67	27	53	34	44	56	57	46
ENSG00000277600	63	49	49	60	73	75	83	59	58	37	39	22
ENSG00000277611	0	0	0	0	0	1	1	4	4	0	0	0
ENSG00000277614	0	0	0	64	28	0	35	34	0	7	27	36
ENSG00000277626	70	92	51	36	46	46	20	34	0	31	39	39
ENSG00000277632	102	409	158	104	104	120	116	112	137	211	248	34
ENSG00000277639	6	11	12	10	8	8	9	12	8	9	6	9
ENSG00000277641	0	0	0	0	0	0	0	0	0	0	0	0
ENSG00000277649	793	1143	874	635	726	601	567	521	508	586	445	610
ENSG00000277656	2	8	3	4	2	8	9	5	1	8	9	5
ENSG00000277667	0	0	10	18	0	28	0	27	32	0	0	0
ENSG00000277726	46	60	44	83	54	24	57	41	46	29	47	43
ENSG00000277733	0	0	0	60	0	0	87	18	33	131	0	184
ENSG00000277745	2	8	3	5	6	3	8	10	10	6	6	3
ENSG00000277751	28	3	40	85	62	65	50	48	51	38	51	43
ENSG00000277753	0	5	7	50	29	31	26	13	26	0	11	0
ENSG00000277758	67	64	61	45	36	21	57	60	73	74	61	51
ENSG00000277768	23	63	46	27	41	29	20	24	17	22	23	17
ENSG00000277773	243	766	9	165	993	19	730	17	23	82	27	53
ENSG00000277775	6756	12792	10869	7802	8151	7459	6813	6642	6437	7436	8064	7090
ENSG00000277781	443	704	604	498	622	483	731	791	689	899	733	706
ENSG00000277789	30	30	44	65	66	57	55	64	33	64	64	24
ENSG00000277791	1886	2814	2393	2004	2513	2274	1451	1938	1859	1814	1981	1553
ENSG00000277804	3597	5452	4110	1849	1831	1872	3165	3286	3278	3965	4264	3571
ENSG00000277807	238	455	217	672	435	543	155	216	169	311	176	307
ENSG00000277808	0	124	0	93	0	0	95	0	0	74	91	71
ENSG00000277816	0	3	0	14	14	25	0	1	7	0	0	0
ENSG00000277823	5	10	21	18	3	7	9	10	19	14	3	22
ENSG00000277848	0	1	0	0	4	2	0	0	0	0	0	0
ENSG00000277856	0	2	1	0	0	1	0	0	2	0	0	2
ENSG00000277865	0	0	3	4	7	4	3	0	23	16	0	5
ENSG00000277868	803	1283	812	953	1146	777	940	909	817	968	867	790
ENSG00000277893	1	1	1	0	0	0	2	1	1	0	0	1
ENSG00000277909	674	1037	603	719	540	656	590	604	532	574	600	587
ENSG00000277926	1	2	3	3	2	0	2	1	0	0	2	0
ENSG00000277936	1684	2854	2078	1961	2064	1888	1627	1640	1420	1786	1657	1484
ENSG00000277953	133	150	7	105	184	94	53	88	92	109	33	91
ENSG00000277956	1	0	1	2	0	0	1	0	0	0	0	0
ENSG00000277957	243	235	243	191	262	183	131	196	171	254	155	183
ENSG00000277971	2	0	1	6	1	4	0	1	1	0	0	0
ENSG00000277972	11	11	11	6	11	7	6	20	15	16	3	46
ENSG00000277983	347	515	265	275	262	209	331	379	236	292	191	255
ENSG00000278016	0	0	0	0	993	0	0	0	1029	1585	184	0
ENSG00000278023	84	110	95	113	110	78	109	123	105	149	118	104
ENSG00000278032	1904	2983	2322	1328	1462	1352	1557	1662	1402	1814	1727	1562
ENSG00000278046	0	1	0	0	0	0	2	0	4	2	0	0
ENSG00000278053	2658	4161	2918	3106	3299	2770	2581	2470	2253	2476	2365	2450
ENSG00000278062	343	381	634	343	381	528	806	572	439	654	682	257
ENSG00000278087	4886	7011	5493	5340	5542	4825	4668	4241	4237	5055	4655	4105
ENSG00000278091	0	0	16	0	0	0	0	0	0	0	0	0
ENSG00000278119	994	1731	1130	1327	1450	1271	1186	1256	1058	1249	1084	1214
ENSG00000278129	3327	4956	3603	3910	3848	3405	3541	3113	2947	3730	3040	3280
ENSG00000278139	0	0	0	0	0	0	0	0	0	0	0	5
ENSG00000278154	5093	8206	5503	6670	6836	6139	7111	6922	6043	7175	6042	6202
ENSG00000278173	0	0	2	2	0	0	0	0	2	0	0	0
ENSG00000278174	4382	6226	4410	4269	4792	3846	3532	3316	3106	3742	3369	3444
ENSG00000278183	2212	4344	2805	2613	2784	2373	2924	2923	2802	3077	2822	2349
ENSG00000278191	1014	1712	1123	1110	1211	1063	1199	1249	1046	1289	1054	1004
ENSG00000278195	1	5	4	1	0	2	0	2	0	0	0	0
ENSG00000278198	32	51	52	46	54	31	74	88	75	101	71	69
ENSG00000278211	2	9	37	6	7	75	6	1	9	0	6	10
ENSG00000278220	587	1095	816	31	30	698	749	36	306	677	812	700
ENSG00000278224	2	14	2	0	5	10	7	0	10	6	1	2
ENSG00000278229	1533	2342	1789	1273	1324	1002	1128	1034	929	1161	1055	920
ENSG00000278243	32	78	74	39	31	196	21	45	32	36	65	191
ENSG00000278259	2418	3535	2410	2505	2470	2232	2293	2267	2024	2422	2245	2150
ENSG00000278268	118	310	215	195	294	353	147	248	192	199	115	257
ENSG00000278270	435	937	729	726	681	704	759	583	460	589	647	478
ENSG00000278279	1728	3019	2137	3228	3429	3238	2112	1782	1541	1939	1855	1668
ENSG00000278307	20	28	15	28	27	26	35	37	31	20	26	30
ENSG00000278308	17	34	19	30	51	24	4	17	28	5	31	21
ENSG00000278311	2365	3909	2990	3178	3274	2973	2750	2682	2407	2831	2727	2550
ENSG00000278312	0	0	0	0	5	14	0	0	0	0	0	0
ENSG00000278318	309	590	412	423	458	382	406	419	342	441	407	409
ENSG00000278362	0	0	0	0	3	7	0	0	0	0	0	0
ENSG00000278384	76	152	87	175	177	160	153	145	131	174	124	137
ENSG00000278437	3	1	3	6	3	5	3	2	1	4	2	1
ENSG00000278458	0	4	0	0	7	0	0	65	0	0	0	79
ENSG00000278463	1500	3194	2543	2046	2213	1869	1635	1478	1414	1709	1532	1521
ENSG00000278468	1	0	0	1	2	0	0	1	0	0	0	0
ENSG00000278488	1950	2632	2385	1706	2218	1609	263	401	384	539	222	203
ENSG00000278494	3010	4572	3382	3295	3487	2937	2936	2793	2594	3058	2933	2670
ENSG00000278516	80	0	73	0	102	78	0	67	56	0	0	0
ENSG00000278535	188	335	241	220	243	235	145	161	166	218	185	155
ENSG00000278540	11394	16055	11242	9200	9721	8047	8204	7647	6673	8999	7973	8064
ENSG00000278545	0	38	162	0	123	94	105	33	72	135	83	55
ENSG00000278550	0	9	68	152	161	119	9	83	28	17	0	0
ENSG00000278555	0	0	0	10	5	2	0	3	0	0	0	4
ENSG00000278558	8	17	9	8	16	10	18	18	18	13	17	14
ENSG00000278567	76	0	229	59	37	42	47	94	0	0	0	52
ENSG00000278574	219	367	224	168	230	236	238	244	217	326	191	203
ENSG00000278588	2695	5459	3763	3971	4456	3948	3367	2945	2488	3197	2766	3237
ENSG00000278605	0	6	7	0	10	6	2	0	6	0	5	0
ENSG00000278606	0	0	0	0	3	2	1	0	0	3	0	0
ENSG00000278613	1080	243	1517	684	2006	268	1314	1036	1037	2097	1809	1772
ENSG00000278615	529	756	652	524	619	497	444	443	344	380	444	365
ENSG00000278619	0	0	13	0	0	0	0	0	0	0	0	3
ENSG00000278622	49	40	50	59	12	46	44	0	45	52	55	38
ENSG00000278624	9910	16743	14277	8160	8450	8004	7241	8216	5681	9321	8813	6936
ENSG00000278632	0	4	8	22	37	8	8	12	7	13	6	31
ENSG00000278633	0	0	0	0	0	0	9	6	0	0	0	0
ENSG00000278634	149	236	136	367	350	328	231	172	232	244	235	202
ENSG00000278637	1928	3197	2984	2270	2660	2432	2033	1815	1609	2202	2056	1710
ENSG00000278644	4	19	17	1	8	9	14	14	19	10	2	7
ENSG00000278662	5	13	16	16	18	14	30	23	9	24	21	8
ENSG00000278674	0	0	4	4	7	5	7	10	8	10	1	11
ENSG00000278677	9544	17225	14400	11500	12160	10952	9221	8711	7855	9417	9568	8576
ENSG00000278685	1	1	2	0	4	0	1	0	1	1	0	0
ENSG00000278693	49	109	35	188	125	68	145	84	104	51	90	49
ENSG00000278704	23	38	15	16	25	25	20	23	23	34	20	21
ENSG00000278705	3743	7610	6499	4923	5417	4760	4123	4035	3661	4761	4892	3903
ENSG00000278707	0	0	0	0	0	0	0	0	0	4	1	0
ENSG00000278718	425	556	501	804	205	92	313	291	487	327	339	267
ENSG00000278728	0	3	1	0	0	4	6	8	0	0	0	0
ENSG00000278741	93	77	169	134	183	140	142	150	142	183	132	171
ENSG00000278742	629	1001	671	867	799	720	844	823	757	982	724	709
ENSG00000278759	877	1350	1240	1517	1557	1293	1163	1104	1002	1181	1064	962
ENSG00000278760	136	147	126	61	57	82	71	25	50	155	135	82
ENSG00000278780	85	208	182	62	123	117	143	123	118	103	143	87
ENSG00000278787	10	80	72	20	192	66	30	76	10	77	46	35
ENSG00000278788	247	635	810	520	1097	561	917	448	887	226	653	548
ENSG00000278817	5	18	10	6	8	9	11	9	5	3	4	8
ENSG00000278823	10	0	0	10	0	0	0	0	0	0	0	3
ENSG00000278828	7881	16059	14379	10505	10736	9659	9089	8280	7504	9959	10117	8358
ENSG00000278839	0	14	37	17	14	0	2	0	4	7	4	13
ENSG00000278961	3	1	4	0	0	2	2	0	2	6	1	3
ENSG00000279073	20	31	33	6	19	15	19	41	19	38	13	17
ENSG00000279170	82	115	95	120	106	106	107	112	86	110	103	88
ENSG00000279247	807	1275	908	779	829	668	566	532	491	527	517	593
ENSG00000279389	0	47	79	59	45	0	44	32	13	38	25	43
ENSG00000279493	1	1	0	0	0	1	1	0	0	4	0	1
ENSG00000279566	481	635	472	540	559	356	419	559	615	712	480	495
ENSG00000279643	21	0	15	31	23	25	17	39	16	23	40	33
ENSG00000279686	0	0	0	0	0	0	0	0	0	0	0	0
ENSG00000279765	614	1161	919	934	951	822	728	776	651	815	834	666
ENSG00000279956	26	41	23	36	23	33	29	36	26	45	32	40
ENSG00000279968	36	64	31	44	42	53	39	44	30	53	46	41
ENSG00000280071	3942	6122	5087	4030	4568	3966	3830	3670	3080	4101	3934	3476
ENSG00000280148	3	5	0	3	1	3	4	4	6	6	1	3
ENSG00000280433	1033	1554	1101	1275	1222	1097	880	910	817	950	942	1003
ENSG00000280479	105	212	169	193	175	213	130	148	120	152	133	95
ENSG00000280529	920	1387	858	1067	1020	903	938	827	734	955	775	770
ENSG00000280537	10	22	11	18	20	14	17	32	41	42	25	32
ENSG00000280571	3	1	0	1	1	0	0	1	0	4	2	0
ENSG00000280618	356	605	529	405	308	385	457	408	258	530	499	421
ENSG00000280627	1076	1723	1479	1274	1399	1232	1220	1006	1017	1246	1111	1032
ENSG00000280641	0	0	5	0	1	1	0	2	2	0	0	0
ENSG00000280663	653	719	562	755	496	643	647	604	628	734	391	539
ENSG00000280670	127	261	176	110	123	119	107	149	92	136	140	114
ENSG00000280680	152	285	198	142	188	171	200	180	166	190	189	135
ENSG00000280688	9	0	30	40	49	13	22	0	25	0	19	0
ENSG00000280706	1475	1974	1689	1263	1361	1199	1320	1199	1060	1288	1205	1285
ENSG00000280759	1876	3204	2432	2272	2406	2087	1941	1825	1701	2022	1952	1764
ENSG00000280778	2	3	7	10	5	4	12	2	7	6	8	3
ENSG00000280789	1702	2644	2237	1805	2009	1709	1613	1590	1364	1729	1711	1553
ENSG00000280807	34	0	23	30	50	22	30	27	22	21	19	23
ENSG00000280830	62	100	0	59	20	11	80	0	0	9	8	6
ENSG00000280858	54463	95016	79624	65475	71979	64727	61194	56220	50543	61144	60773	51875
ENSG00000280893	0	0	0	0	9	0	0	0	0	0	0	0
ENSG00000280951	18235	28371	21622	19214	20615	17684	15784	14002	13409	16314	14285	14455
ENSG00000280987	5360	9624	7275	6070	6709	5909	4732	4259	3709	4697	5049	4709
ENSG00000281013	624	1092	683	677	723	630	615	532	501	620	534	549
ENSG00000281022	1439	2042	1681	1542	1448	1247	1303	1269	1115	1357	1234	1208
ENSG00000281024	62	129	86	137	99	94	69	47	68	54	62	61
ENSG00000281039	35	44	28	34	28	27	32	26	14	36	16	21
ENSG00000281123	0	27	3	21	29	30	8	3	26	27	28	19
ENSG00000281151	0	0	2	1	3	0	0	0	0	1	0	0
ENSG00000281178	196	79	69	0	247	185	90	91	108	159	11	33
ENSG00000281216	0	1	7	43	19	17	11	0	1	0	82	6
ENSG00000281244	109	200	187	173	135	166	146	173	131	177	210	136
ENSG00000281245	29	33	30	25	22	21	22	27	27	28	38	30
ENSG00000281287	2	5	14	2	2	0	0	0	2	5	0	0
ENSG00000281289	9	182	6	60	0	4	18	389	9	0	251	115
ENSG00000281309	1614	2400	1907	1668	1795	1620	1549	1521	1377	1632	1528	1383
ENSG00000281348	70	166	125	90	60	105	76	54	59	78	69	77
ENSG00000281385	366	398	348	367	314	334	233	272	256	347	178	227
ENSG00000281406	10	10	17	21	18	17	16	22	11	16	12	8
ENSG00000281429	0	161	250	150	229	274	106	96	103	120	139	0
ENSG00000281484	20	39	3	18	16	7	19	9	7	10	14	15
ENSG00000281500	327	407	485	253	275	258	222	265	204	312	256	300
ENSG00000281518	12	35	28	7	7	14	11	13	10	18	15	4
ENSG00000281593	5	11	4	2	16	12	9	2	5	7	13	1
ENSG00000281618	0	0	0	0	0	0	0	0	0	9	18	0
ENSG00000281630	7	9	4	2	0	2	1	15	0	9	0	10
ENSG00000281742	244	399	210	263	453	191	236	206	218	222	281	252
ENSG00000281763	424	636	472	373	1207	368	383	439	301	353	398	424
ENSG00000281766	24	28	25	26	57	46	35	24	19	43	26	41
ENSG00000281775	0	0	6	2	0	5	0	4	0	6	3	2
ENSG00000281847	1	10	0	10	4	9	4	7	5	7	0	0
ENSG00000281883	1	9	0	1	2	5	0	2	0	0	0	1
ENSG00000281887	0	0	0	26	0	0	7	0	0	0	0	6
ENSG00000281897	10	38	26	13	29	31	14	9	24	11	33	10
ENSG00000281931	64	27	18	13	17	16	11	23	11	21	12	26
ENSG00000281935	0	0	0	0	0	0	0	0	0	0	0	8
ENSG00000281950	58	99	74	67	49	40	44	86	48	63	45	49
ENSG00000281988	0	0	6	0	0	0	3	0	0	0	0	0
ENSG00000281991	2	0	8	0	11	3	4	2	0	0	0	0
ENSG00000281994	561	837	701	557	591	482	561	636	486	697	604	601
ENSG00000282003	109	149	8	140	153	105	91	145	191	119	124	139
ENSG00000282013	7	16	1	5	8	3	2	6	8	3	7	5
ENSG00000282017	5	1	0	0	0	0	0	0	1	0	0	0
ENSG00000282019	117	74	55	37	67	26	81	50	86	60	101	86
ENSG00000282034	2094	3232	3181	2543	2420	2397	2950	2278	2229	3090	2854	2499
ENSG00000282076	1	0	3	8	0	4	10	1	0	1	0	3
ENSG00000282092	944	1668	1341	1095	1186	1078	1014	985	965	1131	1165	928
ENSG00000282130	544	924	717	642	697	568	497	488	433	566	524	427
ENSG00000282147	6	8	2	7	5	4	0	2	5	0	2	0
ENSG00000282168	2	7	6	0	2	0	0	2	0	0	0	0
ENSG00000282228	236	323	261	243	255	249	228	188	169	206	163	181
ENSG00000282230	0	0	0	0	0	0	0	3	0	0	0	0
ENSG00000282246	85	135	105	130	90	89	118	114	115	145	135	121
ENSG00000282256	5	0	7	3	5	4	4	3	3	5	7	8
ENSG00000282266	0	0	9	16	10	4	6	4	0	3	13	3
ENSG00000282269	33	65	50	37	46	46	55	59	49	58	28	40
ENSG00000282278	5	0	0	0	0	0	1	0	4	0	0	0
ENSG00000282283	56	107	85	52	62	55	63	38	53	58	46	36
ENSG00000282291	1	3	3	0	15	10	14	2	1	18	0	8
ENSG00000282307	14	4	14	19	26	9	22	14	22	29	13	22
ENSG00000282367	125	100	104	67	111	81	66	113	101	72	61	44
ENSG00000282379	260	378	477	302	352	327	296	252	204	277	270	171
ENSG00000282537	44	79	41	63	49	69	71	110	84	80	54	81
ENSG00000282607	0	0	0	0	0	0	0	0	0	0	0	0
ENSG00000282608	5	24	24	8	22	19	22	30	30	39	23	22
ENSG00000282676	1	2	3	4	4	0	2	2	2	0	2	1
ENSG00000282684	876	1528	1115	991	1029	1022	970	968	847	944	901	703
ENSG00000282705	5	2	0	0	2	5	3	3	0	0	2	5
ENSG00000282712	2	2	4	6	6	2	9	3	2	1	4	1
ENSG00000282725	1861	2335	2533	1438	1782	1347	1912	2225	1209	1927	2043	2378
ENSG00000282735	217	390	349	337	401	311	460	461	440	458	512	412
ENSG00000282752	658	978	939	727	755	891	767	634	598	727	640	455
ENSG00000282773	1527	2080	1646	1889	1878	1726	1189	974	1309	1466	1142	1212
ENSG00000282813	768	1168	997	927	900	798	995	877	611	838	869	717
ENSG00000282936	46	71	53	30	36	34	35	47	42	41	62	41
ENSG00000282972	22	45	16	36	0	0	0	0	0	0	26	0
ENSG00000282988	8772	16632	13241	11270	11789	10637	10296	9391	8596	10469	10082	9657
ENSG00000283154	4	0	3	0	0	1	0	1	0	1	5	1
ENSG00000283189	337	584	425	503	386	432	554	584	420	530	529	334
ENSG00000283199	185	230	184	80	79	65	80	119	90	144	111	96
ENSG00000283201	71	126	55	59	78	111	31	46	58	67	65	42
ENSG00000283208	103	163	77	111	155	90	93	110	77	109	75	106
ENSG00000283228	525	931	671	573	599	510	336	399	290	375	603	427
ENSG00000283239	0	9	7	0	0	0	14	38	0	0	0	6
ENSG00000283243	0	0	0	0	0	0	3	0	18	3	0	0
ENSG00000283247	1	3	0	2	0	3	0	3	2	0	0	0
ENSG00000283284	21	33	28	31	23	19	31	40	24	46	15	12
ENSG00000283288	1	4	4	4	2	3	1	1	1	1	1	3
ENSG00000283297	0	5	4	5	1	2	1	2	2	3	1	3
ENSG00000283321	12	0	2	10	7	0	6	7	7	13	0	0
ENSG00000283324	1	4	4	1	0	1	0	2	0	1	0	0
ENSG00000283329	0	2	1	1	2	0	0	0	2	0	0	0
ENSG00000283361	1	0	1	1	1	0	4	0	1	1	1	5
ENSG00000283373	40	56	52	34	25	29	13	18	25	22	21	19
ENSG00000283378	0	0	0	0	0	0	0	2	0	0	0	1
ENSG00000283428	6	16	10	1	3	4	8	4	4	2	6	5
ENSG00000283463	1	0	1	0	1	0	0	0	1	1	2	0
ENSG00000283486	514	763	492	317	339	305	490	600	410	674	520	523
ENSG00000283496	0	0	0	4	0	0	5	1	5	0	0	1
ENSG00000283515	124	197	35	94	105	104	104	46	125	47	72	112
ENSG00000283516	77	124	67	85	100	84	94	115	126	111	107	81
ENSG00000283526	0	1	0	0	1	1	2	2	0	2	2	0
ENSG00000283528	0	0	0	3	0	2	0	0	0	0	0	0
ENSG00000283563	0	12	4	11	0	4	9	5	3	6	6	1
ENSG00000283580	60	198	135	76	90	105	24	61	64	89	72	49
ENSG00000283589	15455	26992	18787	21836	23718	21163	18571	17579	16182	18174	17115	16798
ENSG00000283632	2	3	5	2	4	3	4	5	2	2	1	1
ENSG00000283681	5	0	0	0	0	0	0	0	0	0	3	0
ENSG00000283683	38	53	45	74	65	79	66	71	57	89	51	48
ENSG00000283697	1	1	0	0	3	1	0	1	0	0	0	0
ENSG00000283703	1	0	0	0	2	2	2	1	2	3	1	0
ENSG00000283738	400	687	345	438	545	423	510	485	387	544	403	453
ENSG00000283761	279	496	426	349	275	288	258	270	334	290	310	336
ENSG00000283765	52	76	29	27	40	40	41	40	18	41	24	4
ENSG00000283777	49340	79466	54283	48223	54211	47714	37444	38130	31947	43215	37896	36579
ENSG00000283780	3783	6412	4358	4044	4008	3712	4053	4096	3522	4770	3882	3841
ENSG00000283782	269	702	361	488	428	341	392	530	247	270	437	451
ENSG00000283787	5	16	23	18	20	31	24	39	23	28	25	7
ENSG00000283809	748	1135	847	971	1071	896	890	1033	834	1074	1022	851
ENSG00000283852	0	43	0	0	0	0	0	27	0	0	0	0
ENSG00000283855	3	2	3	9	3	7	0	7	2	0	3	0
ENSG00000283886	4	3	9	7	6	8	3	3	4	2	2	5
ENSG00000283892	0	0	0	0	0	0	0	0	0	0	7	0
ENSG00000283900	6	4	7	21	10	12	17	16	7	17	3	0
ENSG00000283930	189	327	213	165	139	168	177	278	176	255	208	152
ENSG00000283934	68	151	158	688	836	683	221	218	238	212	195	175
ENSG00000283963	36	50	23	36	46	27	52	48	44	39	34	54
ENSG00000283977	26	46	3	4	11	9	2	4	3	2	11	9
ENSG00000283980	2	0	0	3	3	2	2	2	0	0	2	1
ENSG00000283984	78	96	71	41	29	46	31	36	27	35	49	28
ENSG00000284024	2038	2940	2073	1849	1944	1667	1709	1563	1448	1905	1578	1556
ENSG00000284057	0	0	24	29	0	0	0	6	0	0	0	6
ENSG00000284076	2890	5270	3699	4223	4512	4048	3569	3931	3365	4089	3536	3266
ENSG00000284161	5353	8326	6193	4926	5274	4923	4574	4440	3870	5230	4487	4328
ENSG00000284188	0	0	1	0	0	1	0	2	0	3	0	0
ENSG00000284194	565	930	780	705	724	623	570	508	477	605	526	523
ENSG00000284218	24	37	6	85	34	46	98	82	34	11	25	23
ENSG00000284254	1110	1726	1348	1121	1328	1065	983	983	876	1167	1068	1033
ENSG00000284260	66	48	77	120	45	43	119	21	20	134	210	43
ENSG00000284292	36	30	17	37	0	32	21	3	5	4	4	9
ENSG00000284308	171	324	243	146	179	216	224	235	186	299	245	190
ENSG00000284320	946	402	989	756	0	0	821	743	685	966	675	835
ENSG00000284330	0	130	35	0	74	0	109	54	0	76	37	0
ENSG00000284369	2554	4192	2693	2889	2957	2558	2607	2586	2265	2829	2309	2336
ENSG00000284395	0	1	0	0	4	0	0	4	0	3	0	0
ENSG00000284400	78	14	25	47	109	69	153	65	73	36	64	81
ENSG00000284431	196	301	274	270	325	212	204	181	215	218	276	178
ENSG00000284434	0	0	0	0	2	0	0	1	1	3	0	2
ENSG00000284454	245	304	151	355	182	232	270	310	283	245	218	293
ENSG00000284457	0	0	0	0	0	3	0	10	0	0	0	0
ENSG00000284461	58	41	35	55	41	29	59	70	35	59	59	32
ENSG00000284484	0	5	0	1	1	2	1	2	0	0	2	2
ENSG00000284491	1276	1558	1746	1101	1190	1016	989	1111	872	1004	1271	1100
ENSG00000284505	12	11	6	2	0	2	3	5	1	1	6	7
ENSG00000284512	23	20	15	6	18	17	21	30	14	16	22	9
ENSG00000284526	173	330	246	196	219	158	170	176	151	185	154	155
ENSG00000284548	342	363	343	360	428	379	273	330	290	328	245	275
ENSG00000284554	0	0	0	0	0	0	4	0	0	5	2	0
ENSG00000284626	2	5	0	8	0	2	6	6	1	2	5	0
ENSG00000284631	0	1	0	0	1	0	0	0	1	0	3	1
ENSG00000284638	1	2	0	1	1	0	1	1	1	3	0	1
ENSG00000284691	216	361	295	285	295	270	242	271	252	327	238	233
ENSG00000284713	1	1	2	5	1	0	1	2	2	2	2	0
ENSG00000284730	0	3	1	1	0	3	0	1	0	0	0	0
ENSG00000284733	2	8	0	2	0	0	2	12	6	6	3	7
ENSG00000284753	312	506	395	252	296	248	288	263	226	279	287	241
ENSG00000284762	0	0	3	0	4	5	3	1	2	5	0	0
ENSG00000284764	0	0	0	2	0	0	0	0	0	0	0	0
ENSG00000284770	1278	2016	1474	1266	1367	1100	1263	1249	1113	1334	1247	1186
ENSG00000284772	0	0	0	0	7	0	3	5	6	5	2	13
ENSG00000284773	74	93	73	105	79	65	83	71	60	72	59	75
ENSG00000284776	30	0	44	75	156	27	47	60	82	63	90	79
ENSG00000284791	0	4	0	0	0	0	4	0	0	0	10	0
ENSG00000284792	7669	13938	10630	13605	14634	13327	11484	10542	10219	11577	11051	9636
ENSG00000284797	2	0	3	0	2	0	2	0	1	0	0	0
ENSG00000284811	0	0	0	7	0	0	0	0	4	0	0	0
ENSG00000284820	33	49	60	40	22	71	94	58	49	71	67	58
ENSG00000284832	13392	20774	15972	17394	18751	16725	13897	12050	12275	14962	12668	12945
ENSG00000284862	5	19	8	10	8	10	13	11	15	18	9	4
ENSG00000284869	769	1018	791	634	707	614	583	500	442	612	513	547
ENSG00000284873	21	21	35	15	24	32	19	26	21	23	30	33
ENSG00000284874	10	182	87	24	2	29	3	24	0	58	0	46
ENSG00000284901	47	147	89	87	98	47	66	59	58	111	75	110
ENSG00000284906	138	188	163	131	132	104	133	125	109	150	143	170
ENSG00000284922	22	51	43	0	25	0	24	20	24	0	29	20
ENSG00000284934	1	9	13	7	13	14	9	0	0	2	0	0
ENSG00000284946	1599	2363	1861	1797	1725	1432	1548	1515	1477	1698	1301	1471
ENSG00000284947	1	4	6	7	1	9	12	6	7	14	5	11
ENSG00000284952	31	56	35	38	50	25	20	40	33	40	58	35
ENSG00000284956	6	16	8	7	14	2	7	12	2	13	4	6
ENSG00000284967	21571	37723	27346	17628	18660	17438	18556	18549	15743	20845	19694	18399
ENSG00000284976	718	1083	921	976	961	810	704	630	581	680	600	642
ENSG00000284981	309	674	396	516	459	472	463	546	378	501	446	437
ENSG00000284987	4	16	18	10	6	10	5	14	5	17	6	14
ENSG00000284989	0	0	13	45	4	5	0	4	4	0	11	3
ENSG00000284990	0	0	2	0	0	2	0	0	2	0	0	0
ENSG00000285000	198	376	234	95	157	31	159	80	0	0	51	128
ENSG00000285022	486	820	557	561	532	537	483	370	436	554	418	389
ENSG00000285025	0	0	2	1	0	0	0	4	3	0	0	0
ENSG00000285032	71	0	70	118	73	110	0	0	37	96	0	102
ENSG00000285043	4458	7777	5930	5085	5440	5469	5313	4639	4225	5440	4631	4041
ENSG00000285053	194	413	238	313	307	276	322	275	264	313	303	305
ENSG00000285063	1	6	0	2	0	0	0	1	1	0	0	0
ENSG00000285072	6	3	10	3	0	1	4	6	4	5	6	3
ENSG00000285077	890	1490	888	935	946	862	922	1045	815	1004	928	790
ENSG00000285082	12	20	12	12	12	10	10	15	10	15	11	10
ENSG00000285114	5	21	15	14	9	14	13	0	6	20	11	15
ENSG00000285130	69	139	92	136	143	114	76	60	72	81	77	146
ENSG00000285132	1319	2205	1553	3058	3331	3101	1901	1999	1699	1948	1688	1291
ENSG00000285171	14	11	2	9	11	14	10	8	3	10	11	6
ENSG00000285188	3	3	7	11	3	3	25	20	0	7	7	3
ENSG00000285218	103	164	89	135	135	108	127	108	124	126	102	91
ENSG00000285222	1	7	2	8	5	19	1	1	0	7	0	0
ENSG00000285231	0	1	0	2	2	0	1	1	0	0	1	2
ENSG00000285238	11	92	59	0	562	9	43	206	232	405	394	0
ENSG00000285243	544	772	562	520	507	479	612	603	527	722	576	568
ENSG00000285245	22	153	0	0	62	39	28	0	105	58	40	45
ENSG00000285250	716	1132	809	866	960	844	641	640	579	688	646	523
ENSG00000285253	113	192	134	119	108	122	71	94	78	101	99	103
ENSG00000285258	861	971	750	615	832	705	768	830	591	730	875	510
ENSG00000285265	5	0	0	35	13	30	8	7	0	11	0	0
ENSG00000285269	0	3	0	3	3	0	0	7	3	0	0	0
ENSG00000285283	88	95	62	24	108	78	50	46	0	61	55	66
ENSG00000285292	1149	1705	1297	1314	1258	1159	826	777	787	945	819	811
ENSG00000285304	917	1279	419	660	585	583	751	309	328	632	470	632
ENSG00000285316	5	11	7	13	4	4	5	12	7	11	0	8
ENSG00000285327	0	0	0	0	1	0	2	0	0	2	0	1
ENSG00000285329	9	13	11	10	15	11	8	4	6	16	4	10
ENSG00000285330	0	0	0	0	0	0	0	0	1	0	0	0
ENSG00000285332	6	0	0	9	0	0	0	0	2	2	0	0
ENSG00000285339	2898	4770	3794	3289	3316	2920	2964	2834	2438	3142	2977	2740
ENSG00000285343	0	0	0	0	0	239	0	0	0	0	0	0
ENSG00000285360	1838	3297	2394	1539	1611	1559	1647	1761	1343	2004	1891	1557
ENSG00000285369	3	33	14	9	22	4	3	29	12	23	15	10
ENSG00000285372	1215	2064	1535	1311	1195	1274	1233	1229	982	1396	1213	1026
ENSG00000285382	17	59	33	43	34	34	34	44	36	56	47	25
ENSG00000285395	10	53	0	0	20	7	0	21	39	0	0	0
ENSG00000285397	10	4	4	1	1	4	4	4	1	3	0	3
ENSG00000285437	3437	5701	3517	4809	4594	4179	4620	5422	4378	5497	4044	4188
ENSG00000285438	20	13	0	43	0	4	13	18	14	0	0	11
ENSG00000285441	44	108	52	45	42	45	37	57	30	45	21	20
ENSG00000285444	85	131	74	89	79	66	100	115	99	82	98	58
ENSG00000285446	0	0	0	0	8	7	0	0	0	6	0	0
ENSG00000285458	616	928	266	705	612	625	712	800	643	870	662	616
ENSG00000285476	0	4	4	3	1	2	4	0	4	1	3	3
ENSG00000285480	7	8	10	9	4	10	10	9	5	11	17	20
ENSG00000285505	0	316	413	123	345	165	252	68	176	73	208	49
ENSG00000285509	13	5	2	20	23	14	12	13	14	7	9	6
ENSG00000285528	17	19	13	23	0	0	0	11	6	14	0	14
ENSG00000285542	5	10	1	3	10	3	12	2	0	12	0	9
ENSG00000285547	12	11	18	0	19	21	13	3	10	0	5	0
ENSG00000285558	4	0	0	0	0	0	3	0	0	0	0	0
ENSG00000285589	1160	1820	1447	1344	1340	1352	1378	1474	1333	1481	1427	1246
ENSG00000285602	1	2	1	1	0	0	0	0	2	0	2	2
ENSG00000285625	12	25	33	17	17	16	9	14	22	19	16	23
ENSG00000285629	4	3	6	1	2	5	8	1	2	1	5	1
ENSG00000285635	11	35	14	27	20	26	20	10	12	19	14	10
ENSG00000285641	32	68	88	36	70	35	53	39	52	76	54	36
ENSG00000285708	1	0	0	0	0	0	3	0	0	9	2	3
ENSG00000285713	48	157	77	66	86	59	70	79	65	64	66	78
ENSG00000285723	7	6	1	0	5	0	4	0	0	1	4	1
ENSG00000285733	51	82	51	66	68	48	47	61	53	47	44	42
ENSG00000285749	15	22	11	22	19	14	20	27	20	20	25	5
ENSG00000285772	10	19	13	7	4	6	6	4	4	9	8	6
ENSG00000285777	15	25	19	16	6	12	21	12	15	12	23	24
ENSG00000285779	7	0	0	0	0	0	0	0	5	0	0	15
ENSG00000285815	8	3	6	10	8	8	13	3	5	4	2	0
ENSG00000285816	154	240	189	225	46	181	102	128	91	161	74	70
ENSG00000285827	43	67	10	67	85	47	65	67	44	54	17	78
ENSG00000285839	0	0	0	0	0	0	0	0	5	0	0	0
ENSG00000285854	106	209	86	117	119	113	139	160	116	129	120	96
ENSG00000285897	10	6	7	1	6	12	2	5	5	10	8	5
ENSG00000285901	383	485	480	711	789	621	284	292	247	368	417	358
ENSG00000285920	1133	2163	1404	1238	1335	1208	1202	1137	1035	1281	1163	1253
ENSG00000285932	69	76	74	51	58	58	60	55	36	85	77	53
ENSG00000285938	1	1	0	4	2	8	0	0	1	0	0	1
ENSG00000285942	12	64	29	50	23	43	38	49	38	37	29	31
ENSG00000285943	372	483	358	402	326	272	451	440	419	603	403	476
ENSG00000285953	104	112	29	85	69	40	65	49	66	32	44	161
ENSG00000285976	3572	5622	4052	4179	4359	3950	2974	2533	2613	2870	2741	2441
ENSG00000285978	0	0	3	0	0	1	1	0	0	0	0	0
ENSG00000285982	0	0	0	0	18	7	23	0	25	0	3	19
ENSG00000285991	9	12	6	23	5	5	4	7	25	21	15	5
ENSG00000286001	21	44	24	24	45	55	28	24	29	38	32	25
ENSG00000286015	3	0	0	0	0	0	2	0	0	0	0	2
ENSG00000286019	68	77	86	77	57	47	28	68	41	90	67	48
ENSG00000286053	9	25	4	12	25	2	21	3	30	19	15	53
ENSG00000286070	670	1222	871	653	737	732	669	530	491	432	393	339
ENSG00000286075	744	1308	1	915	1027	439	896	716	718	1024	917	786
ENSG00000286088	17	22	0	8	3	6	6	21	16	0	12	13
ENSG00000286094	2	0	0	1	1	1	3	0	1	0	8	1
ENSG00000286095	2	2	2	4	0	3	1	2	2	4	1	1
ENSG00000286098	30	57	41	46	33	58	49	25	38	44	41	43
ENSG00000286106	0	8	4	10	13	0	10	6	7	14	16	9
ENSG00000286112	160	295	169	225	258	289	262	204	184	282	197	195
ENSG00000286132	3	2	0	2	1	5	1	9	6	1	0	0
ENSG00000286139	0	33	0	0	0	0	0	0	32	0	0	113
ENSG00000286140	1376	2299	1868	1697	1724	1934	1672	1320	1386	1472	1801	1174
ENSG00000286165	4	0	0	4	0	7	0	2	0	0	0	4
ENSG00000286169	2851	4807	3626	3012	2918	2618	2541	2868	2222	3079	2615	2467
ENSG00000286185	316	428	321	271	347	213	309	334	206	296	288	296
ENSG00000286190	31	53	68	57	51	50	64	62	53	79	84	53
ENSG00000286192	270	382	387	261	283	238	213	257	255	222	258	170
ENSG00000286219	1110	1820	1076	986	1006	952	1003	1299	1031	1339	1155	937
ENSG00000286221	1	6	0	2	4	0	2	2	2	3	3	2
ENSG00000286224	5	6	1	4	4	7	4	1	2	1	6	4
ENSG00000286231	16	0	16	0	0	0	9	0	0	8	0	9
ENSG00000286235	272	315	15	73	83	84	186	85	0	152	49	116
ENSG00000286237	25	51	32	46	47	38	20	44	10	55	41	36
ENSG00000286239	33	108	56	45	35	32	44	29	62	61	25	57
ENSG00000286261	38	64	82	41	55	34	46	77	71	79	83	54
ENSG00000286264	34	101	62	47	63	24	11	60	36	42	9	8
ENSG00000286265	33	44	50	36	51	30	33	42	35	57	23	36
ENSG00000286268	19	33	25	4	13	10	18	11	11	30	19	15
ENSG00000286522	14305	26550	21768	18205	18908	17131	16050	14461	13283	16340	16076	14362
ENSG00000286905	141	222	207	155	151	192	186	167	133	191	143	91
ENSG00000287080	6067	11547	10046	7458	8005	7257	6803	6193	5758	7086	7467	6625
ENSG00000287542	164	236	190	288	43	217	84	62	83	103	161	89
ENSG00000287725	5	31	13	16	4	9	8	25	7	25	19	12
ENSG00000287856	23	34	22	25	13	34	6	15	24	16	43	17
ENSG00000288000	0	6	0	0	0	2	0	0	0	0	2	0
ENSG00000288053	2	11	3	0	10	2	8	0	0	11	24	2
ENSG00000288128	6	9	4	2	2	0	2	3	2	2	1	0
ENSG00000288147	0	0	0	0	0	12	0	0	0	0	0	0
ENSG00000288148	4	3	4	1	5	8	4	2	1	10	2	2
ENSG00000288184	51	59	82	58	43	38	30	50	43	53	63	26
ENSG00000288198	0	0	0	0	0	0	0	5	0	0	0	0
ENSG00000288208	20	31	0	3	0	48	8	28	0	17	2	27
ENSG00000288258	11	13	15	17	0	6	11	0	5	17	0	0
ENSG00000288282	4	5	3	5	3	2	9	12	6	8	2	4
ENSG00000288339	2	1	1	3	0	0	1	1	3	6	3	2
ENSG00000288380	0	0	0	0	0	0	0	16	0	0	0	0
ENSG00000288382	6	8	6	2	1	3	2	2	1	6	2	3
ENSG00000288396	8	35	23	32	23	20	21	20	22	24	22	20
ENSG00000288431	0	0	0	1	2	1	1	1	3	0	0	0
ENSG00000288438	7	12	0	4	13	5	5	8	8	12	2	8
ENSG00000288461	0	0	22	256	143	57	210	0	152	0	0	164
ENSG00000288478	44	55	57	78	23	24	38	33	36	49	40	45
ENSG00000288480	6	7	18	6	4	8	3	11	6	9	7	6
ENSG00000288488	125	297	238	152	142	151	134	147	90	154	155	124
ENSG00000288492	0	0	28	0	27	0	0	10	0	0	0	10
ENSG00000288520	0	0	2	0	0	0	4	0	0	0	0	0
ENSG00000288534	242	313	214	284	187	224	170	138	203	184	158	174
ENSG00000288550	28	49	11	21	8	9	13	6	58	7	7	26
ENSG00000288558	429	755	431	455	455	235	478	407	359	471	388	429
ENSG00000288564	0	0	3	9	3	14	11	0	0	0	14	6
